0 0.4650735294117647 0.7830065359477124 0.06985294117647059 0.12810457516339868
0 0.8577205882352941 0.8398692810457516 0.13161764705882353 0.13202614379084968
0 0.3613970588235294 0.6098039215686275 0.05220588235294118 0.07973856209150326
1 0.5235294117647059 0.596078431372549 0.045588235294117645 0.11241830065359477
0 0.8161764705882353 0.5424836601307189 0.058823529411764705 0.054901960784313725
3 0.35551470588235295 0.5117647058823529 0.03897058823529412 0.06666666666666667
0 0.4290441176470588 0.47843137254901963 0.03161764705882353 0.044444444444444446
3 0.3981617647058823 0.43790849673202614 0.025735294117647058 0.04967320261437908
0 0.4297794117647059 0.403921568627451 0.021323529411764706 0.03398692810457516
0 0.5246323529411765 0.34444444444444444 0.0125 0.0196078431372549
3 0.6231617647058824 0.4738562091503268 0.022794117647058822 0.0457516339869281
1 0.7022058823529411 0.45751633986928103 0.029411764705882353 0.047058823529411764
0 0.6992647058823529 0.4366013071895425 0.025 0.03137254901960784
3 0.6654411764705882 0.396078431372549 0.023529411764705882 0.02875816993464052
3 0.6463235294117647 0.3836601307189543 0.025 0.030065359477124184
0 0.09779411764705882 0.5045751633986928 0.04852941176470588 0.04183006535947712
0 0.1900735294117647 0.44509803921568625 0.05808823529411765 0.03529411764705882
0 0.20294117647058824 0.42745098039215684 0.05588235294117647 0.02875816993464052
0 0.22977941176470587 0.4176470588235294 0.04338235294117647 0.03529411764705882
0 0.27242647058823527 0.3915032679738562 0.02426470588235294 0.02483660130718954
0 0.28823529411764703 0.38300653594771245 0.016176470588235296 0.023529411764705882
0 0.28125 0.34967320261437906 0.022794117647058822 0.0196078431372549
0 0.36213235294117646 0.3581699346405229 0.03308823529411765 0.01568627450980392
3 0.5040441176470588 0.34509803921568627 0.009558823529411765 0.02091503267973856
3 0.5099264705882353 0.3333333333333333 0.008088235294117648 0.018300653594771243
0 0.4963235294117647 0.3241830065359477 0.008823529411764706 0.013071895424836602
0 0.4948529411764706 0.31437908496732025 0.008823529411764706 0.011764705882352941
0 0.51875 0.3235294117647059 0.008088235294117648 0.011764705882352941
0 0.5117647058823529 0.3176470588235294 0.007352941176470588 0.013071895424836602
0 0.5102941176470588 0.3137254901960784 0.007352941176470588 0.01045751633986928
