0 0.8176470588235294 0.8307189542483661 0.0838235294117647 0.1503267973856209
0 0.7080882352941177 0.48169934640522877 0.03823529411764706 0.0718954248366013
0 0.524264705882353 0.45555555555555555 0.03676470588235294 0.07973856209150326
0 0.3672794117647059 0.4241830065359477 0.07279411764705883 0.07712418300653595
0 0.09889705882352941 0.4084967320261438 0.08161764705882353 0.05620915032679739
0 0.13198529411764706 0.34444444444444444 0.05514705882352941 0.05359477124183006
0 0.020955882352941175 0.39673202614379083 0.04191176470588235 0.05620915032679739
0 0.07904411764705882 0.3352941176470588 0.04044117647058824 0.06405228758169934
3 0.04044117647058824 0.32745098039215687 0.05 0.06143790849673202
0 0.23897058823529413 0.3281045751633987 0.04852941176470588 0.05228758169934641
3 0.2933823529411765 0.29477124183006537 0.04852941176470588 0.09019607843137255
3 0.32279411764705884 0.31176470588235294 0.039705882352941174 0.06143790849673202
0 0.4485294117647059 0.30130718954248364 0.03235294117647059 0.05359477124183006
0 0.49522058823529413 0.3104575163398693 0.030147058823529412 0.05359477124183006
0 0.5408088235294117 0.32679738562091504 0.028676470588235293 0.054901960784313725
0 0.5518382352941177 0.257516339869281 0.025735294117647058 0.044444444444444446
0 0.5169117647058824 0.22875816993464052 0.023529411764705882 0.0392156862745098
3 0.5970588235294118 0.28169934640522876 0.022058823529411766 0.058823529411764705
3 0.5621323529411765 0.20718954248366014 0.019852941176470587 0.048366013071895426
3 0.5713235294117647 0.18104575163398692 0.016176470588235296 0.0457516339869281
0 0.5272058823529412 0.18169934640522875 0.023529411764705882 0.036601307189542485
0 0.5698529411764706 0.15098039215686274 0.01764705882352941 0.032679738562091505
0 0.4988970588235294 0.15098039215686274 0.022794117647058822 0.032679738562091505
2 0.5408088235294117 0.12352941176470589 0.03161764705882353 0.0718954248366013
0 0.5198529411764706 0.13202614379084968 0.014705882352941176 0.02875816993464052
3 0.5801470588235295 0.12745098039215685 0.01911764705882353 0.03790849673202614
0 0.5819852941176471 0.1111111111111111 0.015441176470588236 0.02091503267973856
0 0.5841911764705883 0.09607843137254903 0.015441176470588236 0.027450980392156862
0 0.5875 0.07973856209150326 0.014705882352941176 0.026143790849673203
0 0.5647058823529412 0.08954248366013072 0.01764705882352941 0.02483660130718954
0 0.5158088235294118 0.1130718954248366 0.013970588235294118 0.02483660130718954
0 0.5128676470588235 0.09934640522875816 0.030147058823529412 0.02875816993464052
0 0.4849264705882353 0.09542483660130718 0.03308823529411765 0.026143790849673203
0 0.5338235294117647 0.07581699346405228 0.014705882352941176 0.023529411764705882
0 0.55 0.0784313725490196 0.014705882352941176 0.023529411764705882
0 0.555514705882353 0.06797385620915032 0.011029411764705883 0.02091503267973856
0 0.513235294117647 0.07124183006535947 0.027941176470588237 0.0196078431372549
0 0.518014705882353 0.05163398692810457 0.028676470588235293 0.0196078431372549
0 0.5227941176470589 0.0457516339869281 0.027941176470588237 0.018300653594771243
0 0.5338235294117647 0.03790849673202614 0.025 0.018300653594771243
0 0.5540441176470589 0.040522875816993466 0.0125 0.018300653594771243
0 0.5540441176470589 0.027450980392156862 0.025735294117647058 0.018300653594771243
3 0.5992647058823529 0.032679738562091505 0.011764705882352941 0.026143790849673203
0 0.6095588235294118 0.043137254901960784 0.011764705882352941 0.02091503267973856
2 0.7922794117647058 0.2803921568627451 0.05514705882352941 0.11895424836601307
3 0.7448529411764706 0.2973856209150327 0.029411764705882353 0.05620915032679739
3 0.8143382352941176 0.19934640522875818 0.0375 0.032679738562091505
3 0.7474264705882353 0.13660130718954247 0.015441176470588236 0.03529411764705882
3 0.7698529411764706 0.10980392156862745 0.016176470588235296 0.03137254901960784
0 0.7371323529411765 0.11241830065359477 0.021323529411764706 0.03137254901960784
0 0.674264705882353 0.07124183006535947 0.013235294117647059 0.022222222222222223
0 0.7213235294117647 0.08104575163398693 0.014705882352941176 0.02091503267973856
1 0.7422794117647059 0.07254901960784314 0.025735294117647058 0.02483660130718954
0 0.7422794117647059 0.06274509803921569 0.02426470588235294 0.013071895424836602
0 0.7397058823529412 0.05359477124183006 0.027941176470588237 0.01568627450980392
3 0.7264705882352941 0.048366013071895426 0.022058823529411766 0.02091503267973856
3 0.7334558823529411 0.03071895424836601 0.02426470588235294 0.01699346405228758
3 0.5279411764705882 0.025490196078431372 0.01911764705882353 0.0196078431372549
3 0.5448529411764705 0.00980392156862745 0.01911764705882353 0.01699346405228758
0 0.5613970588235294 0.022222222222222223 0.008088235294117648 0.01568627450980392
0 0.6970588235294117 0.018300653594771243 0.011764705882352941 0.01568627450980392
3 0.7209558823529412 0.018300653594771243 0.021323529411764706 0.02091503267973856
0 0.7183823529411765 0.01568627450980392 0.022058823529411766 0.01568627450980392
3 0.7180147058823529 0.011111111111111112 0.025735294117647058 0.01699346405228758
