0 0.9845588235294118 0.6313725490196078 0.030882352941176472 0.08366013071895424
0 0.9150735294117647 0.9712418300653595 0.06838235294117648 0.05751633986928104
1 0.7477941176470588 0.6934640522875817 0.12794117647058822 0.3542483660130719
1 0.6393382352941176 0.27124183006535946 0.04191176470588235 0.09281045751633987
0 0.6235294117647059 0.1843137254901961 0.01764705882352941 0.02875816993464052
0 0.6014705882352941 0.06797385620915032 0.026470588235294117 0.02091503267973856
3 0.5272058823529412 0.24901960784313726 0.020588235294117647 0.0457516339869281
0 0.5128676470588235 0.9483660130718954 0.04191176470588235 0.10326797385620914
0 0.43566176470588236 0.884313725490196 0.0375 0.134640522875817
0 0.4441176470588235 0.7450980392156863 0.03676470588235294 0.11241830065359477
0 0.5481617647058824 0.7359477124183007 0.03602941176470588 0.09411764705882353
0 0.5058823529411764 0.5666666666666667 0.029411764705882353 0.06928104575163399
0 0.55625 0.5529411764705883 0.030147058823529412 0.07320261437908497
1 0.5055147058823529 0.34509803921568627 0.019852941176470587 0.05751633986928104
0 0.4375 0.2679738562091503 0.01911764705882353 0.04183006535947712
0 0.4525735294117647 0.16209150326797386 0.015441176470588236 0.03398692810457516
0 0.3845588235294118 0.050980392156862744 0.013235294117647059 0.023529411764705882
1 0.3952205882352941 0.009150326797385621 0.01838235294117647 0.018300653594771243
