0 0.16691176470588234 0.47908496732026146 0.0838235294117647 0.08235294117647059
0 0.2691176470588235 0.6111111111111112 0.07058823529411765 0.13725490196078433
0 0.23713235294117646 0.8084967320261438 0.07573529411764705 0.20522875816993463
0 0.19963235294117648 0.9640522875816994 0.07867647058823529 0.0718954248366013
0 0.6981617647058823 0.8372549019607843 0.06691176470588235 0.1895424836601307
0 0.6654411764705882 0.6398692810457516 0.0661764705882353 0.13986928104575164
0 0.6345588235294117 0.5124183006535947 0.05588235294117647 0.12549019607843137
0 0.2485294117647059 0.3712418300653595 0.08529411764705883 0.07058823529411765
0 0.3224264705882353 0.2849673202614379 0.03455882352941177 0.09411764705882353
0 0.3323529411764706 0.21568627450980393 0.03676470588235294 0.07581699346405228
0 0.33933823529411766 0.1607843137254902 0.030147058823529412 0.07581699346405228
0 0.3533088235294118 0.11830065359477124 0.03308823529411765 0.06405228758169934
0 0.325 0.02875816993464052 0.047058823529411764 0.04967320261437908
0 0.37169117647058825 0.020261437908496733 0.030147058823529412 0.040522875816993466
0 0.5514705882352942 0.3287581699346405 0.045588235294117645 0.08235294117647059
0 0.5970588235294118 0.28627450980392155 0.03529411764705882 0.07581699346405228
0 0.5772058823529411 0.16143790849673204 0.03529411764705882 0.05359477124183006
0 0.5672794117647059 0.10457516339869281 0.03161764705882353 0.054901960784313725
0 0.5573529411764706 0.05816993464052288 0.026470588235294117 0.043137254901960784
0 0.5529411764705883 0.016339869281045753 0.029411764705882353 0.032679738562091505
