0 0.4334558823529412 0.9633986928104575 0.05808823529411765 0.07320261437908497
0 0.4459558823529412 0.742483660130719 0.04485294117647059 0.13071895424836602
0 0.3698529411764706 0.761437908496732 0.051470588235294115 0.13986928104575164
0 0.3948529411764706 0.6137254901960785 0.04264705882352941 0.10065359477124183
0 0.45845588235294116 0.6150326797385621 0.04338235294117647 0.1111111111111111
0 0.46911764705882353 0.5254901960784314 0.03529411764705882 0.08627450980392157
0 0.4036764705882353 0.5130718954248366 0.03823529411764706 0.07973856209150326
0 0.47095588235294117 0.45359477124183006 0.03308823529411765 0.07581699346405228
0 0.4742647058823529 0.39019607843137255 0.027941176470588237 0.058823529411764705
0 0.3536764705882353 0.4150326797385621 0.061764705882352944 0.050980392156862744
3 0.36176470588235293 0.38169934640522873 0.054411764705882354 0.05228758169934641
0 0.4511029411764706 0.1934640522875817 0.015441176470588236 0.03137254901960784
0 0.4875 0.16339869281045752 0.013235294117647059 0.026143790849673203
0 0.5073529411764706 0.16666666666666666 0.016176470588235296 0.027450980392156862
0 0.525 0.1627450980392157 0.01764705882352941 0.02483660130718954
0 0.6746323529411765 0.5222222222222223 0.07279411764705883 0.06405228758169934
0 0.7753676470588236 0.7986928104575164 0.1036764705882353 0.13333333333333333
3 0.3047794117647059 0.6163398692810458 0.06985294117647059 0.08235294117647059
0 0.5665441176470588 0.2633986928104575 0.019852941176470587 0.030065359477124184
0 0.5397058823529411 0.11764705882352941 0.013235294117647059 0.018300653594771243
0 0.5408088235294117 0.09738562091503268 0.011029411764705883 0.01437908496732026
0 0.5375 0.08300653594771241 0.008823529411764706 0.01437908496732026
0 0.5169117647058824 0.06797385620915032 0.008823529411764706 0.013071895424836602
0 0.5125 0.07712418300653595 0.008823529411764706 0.01568627450980392
0 0.5095588235294117 0.060784313725490195 0.008823529411764706 0.01437908496732026
0 0.4970588235294118 0.05555555555555555 0.010294117647058823 0.01437908496732026
0 0.48566176470588235 0.09803921568627451 0.011029411764705883 0.018300653594771243
0 0.48308823529411765 0.07777777777777778 0.010294117647058823 0.01699346405228758
0 0.5003676470588235 0.09215686274509804 0.011029411764705883 0.01699346405228758
0 0.4963235294117647 0.06928104575163399 0.008823529411764706 0.018300653594771243
0 0.5143382352941176 0.09019607843137255 0.009558823529411765 0.018300653594771243
0 0.5117647058823529 0.05228758169934641 0.008823529411764706 0.01045751633986928
