0 0.4430147058823529 0.5751633986928104 0.07867647058823529 0.07058823529411765
0 0.09044117647058823 0.45751633986928103 0.07058823529411765 0.06535947712418301
3 0.2514705882352941 0.34444444444444444 0.039705882352941174 0.058823529411764705
0 0.4297794117647059 0.36209150326797385 0.04191176470588235 0.04183006535947712
0 0.49669117647058825 0.37516339869281046 0.05073529411764706 0.044444444444444446
0 0.44080882352941175 0.338562091503268 0.030147058823529412 0.0392156862745098
0 0.4147058823529412 0.31895424836601305 0.03529411764705882 0.0392156862745098
0 0.4334558823529412 0.25555555555555554 0.019852941176470587 0.030065359477124184
0 0.7481617647058824 0.3633986928104575 0.06397058823529411 0.047058823529411764
0 0.8786764705882353 0.3006535947712418 0.033823529411764704 0.03398692810457516
0 0.90625 0.30130718954248364 0.03602941176470588 0.032679738562091505
3 0.9161764705882353 0.16470588235294117 0.026470588235294117 0.026143790849673203
0 0.9511029411764705 0.1607843137254902 0.02426470588235294 0.02091503267973856
3 0.03125 0.23986928104575164 0.02426470588235294 0.03790849673202614
3 0.06213235294117647 0.2169934640522876 0.04191176470588235 0.054901960784313725
0 0.13786764705882354 0.2437908496732026 0.04191176470588235 0.027450980392156862
3 0.15 0.22875816993464052 0.03823529411764706 0.02875816993464052
3 0.16433823529411765 0.21437908496732025 0.03308823529411765 0.02875816993464052
0 0.15294117647058825 0.17647058823529413 0.029411764705882353 0.026143790849673203
1 0.3426470588235294 0.2496732026143791 0.029411764705882353 0.06013071895424837
1 0.2852941176470588 0.25947712418300656 0.04264705882352941 0.06928104575163399
1 0.3099264705882353 0.22549019607843138 0.03602941176470588 0.06143790849673202
1 0.3297794117647059 0.19607843137254902 0.030147058823529412 0.05751633986928104
1 0.5264705882352941 0.2019607843137255 0.14852941176470588 0.0718954248366013
1 0.5220588235294118 0.2019607843137255 0.1323529411764706 0.06143790849673202
2 0.5713235294117647 0.15294117647058825 0.04264705882352941 0.036601307189542485
3 0.34705882352941175 0.11830065359477124 0.011764705882352941 0.0196078431372549
0 0.3220588235294118 0.11568627450980393 0.016176470588235296 0.01699346405228758
0 0.3044117647058823 0.10915032679738562 0.022058823529411766 0.01699346405228758
0 0.28860294117647056 0.09673202614379085 0.011029411764705883 0.01568627450980392
0 0.29963235294117646 0.09738562091503268 0.0125 0.01437908496732026
0 0.32316176470588237 0.09607843137254903 0.0125 0.011764705882352941
0 0.3286764705882353 0.08496732026143791 0.01911764705882353 0.01045751633986928
1 0.3514705882352941 0.07124183006535947 0.06470588235294118 0.027450980392156862
1 0.3735294117647059 0.06797385620915032 0.054411764705882354 0.03398692810457516
0 0.4147058823529412 0.06928104575163399 0.016176470588235296 0.01045751633986928
3 0.4768382352941177 0.0542483660130719 0.005147058823529412 0.011764705882352941
1 0.46654411764705883 0.05555555555555555 0.006617647058823529 0.01437908496732026
1 0.46139705882352944 0.0457516339869281 0.008088235294117648 0.02091503267973856
1 0.4522058823529412 0.044444444444444446 0.010294117647058823 0.02091503267973856
1 0.4676470588235294 0.025490196078431372 0.007352941176470588 0.01699346405228758
1 0.513235294117647 0.05163398692810457 0.013235294117647059 0.011764705882352941
3 0.5227941176470589 0.05032679738562092 0.010294117647058823 0.011764705882352941
1 0.49411764705882355 0.03725490196078431 0.008823529411764706 0.0196078431372549
0 0.4860294117647059 0.021568627450980392 0.004411764705882353 0.006535947712418301
0 0.6893382352941176 0.3405228758169935 0.021323529411764706 0.043137254901960784
