0 0.7176470588235294 0.7954248366013071 0.08529411764705883 0.17908496732026144
0 0.6558823529411765 0.6026143790849673 0.07205882352941176 0.12026143790849673
0 0.58125 0.4549019607843137 0.08602941176470588 0.08104575163398693
0 0.5875 0.3562091503267974 0.04852941176470588 0.08235294117647059
0 0.5459558823529411 0.28366013071895424 0.05073529411764706 0.06797385620915032
0 0.5426470588235294 0.2222222222222222 0.03529411764705882 0.06535947712418301
0 0.518014705882353 0.12418300653594772 0.03308823529411765 0.05228758169934641
0 0.5036764705882353 0.0784313725490196 0.030882352941176472 0.047058823529411764
0 0.5305147058823529 0.01568627450980392 0.05367647058823529 0.03137254901960784
0 0.40845588235294117 0.024183006535947713 0.02426470588235294 0.040522875816993466
0 0.41066176470588234 0.06274509803921569 0.022794117647058822 0.044444444444444446
0 0.4198529411764706 0.10784313725490197 0.027941176470588237 0.050980392156862744
0 0.42426470588235293 0.18562091503267975 0.027941176470588237 0.05751633986928104
0 0.43529411764705883 0.2503267973856209 0.033823529411764704 0.06928104575163399
0 0.4577205882352941 0.3477124183006536 0.04044117647058824 0.08627450980392157
0 0.4511029411764706 0.6169934640522876 0.1036764705882353 0.11764705882352941
0 0.24816176470588236 0.022222222222222223 0.05073529411764706 0.044444444444444446
0 0.2841911764705882 0.06274509803921569 0.02426470588235294 0.047058823529411764
0 0.28051470588235294 0.10326797385620914 0.028676470588235293 0.06274509803921569
0 0.27536764705882355 0.1542483660130719 0.028676470588235293 0.06535947712418301
0 0.27205882352941174 0.23529411764705882 0.03529411764705882 0.08104575163398693
0 0.2650735294117647 0.3196078431372549 0.03602941176470588 0.08758169934640522
0 0.25882352941176473 0.4013071895424837 0.04264705882352941 0.11503267973856209
0 0.24669117647058825 0.5483660130718955 0.04926470588235294 0.12941176470588237
0 0.23602941176470588 0.6967320261437908 0.061764705882352944 0.19084967320261437
0 0.21875 0.9248366013071896 0.0713235294117647 0.1503267973856209
