0 0.731985294117647 0.9450980392156862 0.1948529411764706 0.10980392156862745
0 0.9573529411764706 0.9588235294117647 0.08235294117647059 0.08235294117647059
1 0.36764705882352944 0.9418300653594771 0.2088235294117647 0.11633986928104575
0 0.14448529411764705 0.9320261437908497 0.20220588235294118 0.13594771241830064
0 0.9540441176470589 0.7431372549019608 0.09191176470588236 0.21830065359477124
3 0.85625 0.6882352941176471 0.08161764705882353 0.1869281045751634
0 0.7444852941176471 0.7477124183006536 0.08602941176470588 0.2169934640522876
0 0.6485294117647059 0.696078431372549 0.060294117647058824 0.16862745098039217
0 0.5419117647058823 0.7019607843137254 0.075 0.21437908496732025
0 0.46544117647058825 0.6882352941176471 0.0661764705882353 0.19477124183006536
0 0.3665441176470588 0.7470588235294118 0.06838235294117648 0.15816993464052287
0 0.28161764705882353 0.7013071895424836 0.0838235294117647 0.2
0 0.12058823529411765 0.7215686274509804 0.07352941176470588 0.14901960784313725
3 0.8738970588235294 0.35555555555555557 0.06985294117647059 0.09411764705882353
0 0.7970588235294118 0.36209150326797385 0.06470588235294118 0.09411764705882353
0 0.7415441176470589 0.36666666666666664 0.06397058823529411 0.10326797385620914
0 0.6577205882352941 0.34705882352941175 0.09044117647058823 0.08496732026143791
0 0.5665441176470588 0.3281045751633987 0.07867647058823529 0.08627450980392157
0 0.9378676470588235 0.36209150326797385 0.07279411764705883 0.08627450980392157
0 0.9761029411764706 0.36470588235294116 0.03455882352941177 0.08104575163398693
0 0.37683823529411764 0.24705882352941178 0.013970588235294118 0.036601307189542485
0 0.30808823529411766 0.2235294117647059 0.08088235294117647 0.06535947712418301
0 0.2639705882352941 0.08366013071895424 0.039705882352941174 0.054901960784313725
0 0.2849264705882353 0.047058823529411764 0.06102941176470588 0.03398692810457516
0 0.2893382352941177 0.023529411764705882 0.05220588235294118 0.03398692810457516
0 0.12205882352941176 0.3032679738562091 0.06323529411764706 0.08366013071895424
0 0.061764705882352944 0.29869281045751633 0.07647058823529412 0.08758169934640522
0 0.15845588235294117 0.10522875816993464 0.05661764705882353 0.043137254901960784
0 0.18088235294117647 0.08169934640522876 0.06323529411764706 0.03790849673202614
0 0.19044117647058822 0.06339869281045751 0.06470588235294118 0.040522875816993466
0 0.2073529411764706 0.03529411764705882 0.05588235294117647 0.02875816993464052
0 0.2113970588235294 0.022222222222222223 0.04485294117647059 0.023529411764705882
0 0.02426470588235294 0.06274509803921569 0.04852941176470588 0.047058823529411764
0 0.03823529411764706 0.029411764705882353 0.051470588235294115 0.03529411764705882
0 0.05367647058823529 0.016339869281045753 0.057352941176470586 0.032679738562091505
