0 0.48151041666666666 0.44907407407407407 0.04635416666666667 0.040740740740740744
0 0.16302083333333334 0.9495370370370371 0.07604166666666666 0.09537037037037037
0 0.18802083333333333 0.7824074074074074 0.0625 0.10925925925925926
0 0.3536458333333333 0.37777777777777777 0.023958333333333335 0.03888888888888889
0 0.4236979166666667 0.30972222222222223 0.0171875 0.032407407407407406
0 0.38619791666666664 0.2712962962962963 0.024479166666666666 0.024074074074074074
3 0.2203125 0.31805555555555554 0.019791666666666666 0.03611111111111111
0 0.43463541666666666 0.2513888888888889 0.013020833333333334 0.023148148148148147
0 0.471875 0.24444444444444444 0.013541666666666667 0.020370370370370372
0 0.4078125 0.23703703703703705 0.01875 0.020370370370370372
0 0.43671875 0.22777777777777777 0.011979166666666667 0.020370370370370372
3 0.45807291666666666 0.21851851851851853 0.011979166666666667 0.025925925925925925
0 0.3932291666666667 0.23194444444444445 0.0125 0.021296296296296296
3 0.42734375 0.18888888888888888 0.011979166666666667 0.018518518518518517
3 0.45416666666666666 0.19074074074074074 0.011458333333333333 0.018518518518518517
3 0.4505208333333333 0.1824074074074074 0.011458333333333333 0.016666666666666666
3 0.44296875 0.16805555555555557 0.016145833333333335 0.025
0 0.72890625 0.8810185185185185 0.11302083333333333 0.08425925925925926
0 0.7216145833333333 0.8143518518518519 0.11302083333333333 0.075
0 0.7 0.7625 0.121875 0.07685185185185185
0 0.6971354166666667 0.7194444444444444 0.08802083333333334 0.06851851851851852
0 0.6783854166666666 0.6717592592592593 0.0703125 0.058333333333333334
0 0.6825520833333333 0.6513888888888889 0.08177083333333333 0.05648148148148148
0 0.6776041666666667 0.6180555555555556 0.07604166666666666 0.04722222222222222
3 0.6653645833333334 0.5722222222222222 0.07760416666666667 0.07037037037037037
0 0.6513020833333333 0.5268518518518519 0.06822916666666666 0.044444444444444446
0 0.6432291666666666 0.5018518518518519 0.059375 0.03333333333333333
3 0.6424479166666667 0.4726851851851852 0.0609375 0.04722222222222222
0 0.6408854166666667 0.45694444444444443 0.0578125 0.03611111111111111
0 0.63671875 0.43842592592592594 0.0609375 0.03796296296296296
3 0.6268229166666667 0.412962962962963 0.05364583333333333 0.05
0 0.9658854166666667 0.8569444444444444 0.06822916666666666 0.09166666666666666
0 0.93046875 0.8037037037037037 0.09635416666666667 0.08148148148148149
1 0.8989583333333333 0.75 0.10520833333333333 0.07222222222222222
0 0.8809895833333333 0.6990740740740741 0.0890625 0.06111111111111111
0 0.8583333333333333 0.6550925925925926 0.0875 0.05648148148148148
0 0.8325520833333333 0.6217592592592592 0.08072916666666667 0.049074074074074076
0 0.8325520833333333 0.5861111111111111 0.06510416666666667 0.053703703703703705
0 0.8044270833333333 0.5634259259259259 0.06927083333333334 0.04722222222222222
3 0.7989583333333333 0.5337962962962963 0.05520833333333333 0.04537037037037037
3 0.78828125 0.5120370370370371 0.058854166666666666 0.05
0 0.7708333333333334 0.4962962962962963 0.06145833333333333 0.03888888888888889
0 0.7635416666666667 0.4773148148148148 0.05625 0.032407407407407406
0 0.7677083333333333 0.4638888888888889 0.058333333333333334 0.03518518518518519
0 0.75546875 0.44814814814814813 0.0578125 0.037037037037037035
3 0.7473958333333334 0.4217592592592593 0.04583333333333333 0.03611111111111111
0 0.7299479166666667 0.4101851851851852 0.03697916666666667 0.03148148148148148
0 0.7065104166666667 0.387037037037037 0.0328125 0.03888888888888889
0 0.68203125 0.3597222222222222 0.033854166666666664 0.049074074074074076
0 0.6122395833333333 0.3851851851851852 0.0484375 0.03518518518518519
0 0.6033854166666667 0.37546296296296294 0.044270833333333336 0.026851851851851852
3 0.6067708333333334 0.362962962962963 0.041666666666666664 0.03333333333333333
0 0.41692708333333334 0.16805555555555557 0.009895833333333333 0.01574074074074074
