0 0.42867647058823527 0.7660130718954249 0.1 0.1568627450980392
0 0.5768382352941176 0.5568627450980392 0.08014705882352942 0.12287581699346405
0 0.8757352941176471 0.3790849673202614 0.060294117647058824 0.07581699346405228
0 0.8863970588235294 0.20980392156862746 0.04191176470588235 0.05620915032679739
0 0.8102941176470588 0.2529411764705882 0.033823529411764704 0.0718954248366013
0 0.9069852941176471 0.047058823529411764 0.03161764705882353 0.044444444444444446
0 0.8198529411764706 0.13398692810457516 0.041176470588235294 0.05620915032679739
0 0.8371323529411765 0.17973856209150327 0.03897058823529412 0.06143790849673202
3 0.8683823529411765 0.1300653594771242 0.03529411764705882 0.058823529411764705
0 0.8727941176470588 0.0915032679738562 0.041176470588235294 0.054901960784313725
0 0.047058823529411764 0.8764705882352941 0.09411764705882353 0.12941176470588237
0 0.7595588235294117 0.27058823529411763 0.051470588235294115 0.06535947712418301
0 0.7511029411764706 0.9222222222222223 0.15073529411764705 0.15555555555555556
0 0.2713235294117647 0.9503267973856209 0.11323529411764706 0.09934640522875816
0 0.9367647058823529 0.0196078431372549 0.03676470588235294 0.0392156862745098
0 0.9713235294117647 0.330718954248366 0.057352941176470586 0.0784313725490196
0 0.8547794117647058 0.6457516339869281 0.12279411764705882 0.09673202614379085
0 0.73125 0.19150326797385622 0.05073529411764706 0.050980392156862744
0 0.7735294117647059 0.08104575163398693 0.047058823529411764 0.04183006535947712
0 0.8375 0.44248366013071894 0.07647058823529412 0.1084967320261438
2 0.6786764705882353 0.2758169934640523 0.10294117647058823 0.1542483660130719
