1 0.4441176470588235 0.869281045751634 0.047058823529411764 0.16209150326797386
0 0.25220588235294117 0.9771241830065359 0.09705882352941177 0.0457516339869281
0 0.24301470588235294 0.834640522875817 0.0875 0.06928104575163399
1 0.3669117647058823 0.703921568627451 0.051470588235294115 0.14248366013071895
2 0.49411764705882355 0.5444444444444444 0.04411764705882353 0.16339869281045752
0 0.6922794117647059 0.6738562091503268 0.03602941176470588 0.06666666666666667
1 0.5856617647058824 0.5843137254901961 0.05514705882352941 0.11241830065359477
3 0.5941176470588235 0.5300653594771242 0.041176470588235294 0.05620915032679739
1 0.575 0.4993464052287582 0.06911764705882353 0.0784313725490196
1 0.5419117647058823 0.4372549019607843 0.058823529411764705 0.07450980392156863
0 0.3058823529411765 0.5901960784313726 0.06470588235294118 0.048366013071895426
0 0.3113970588235294 0.5529411764705883 0.06102941176470588 0.047058823529411764
1 0.39044117647058824 0.43790849673202614 0.03235294117647059 0.08104575163398693
0 0.3316176470588235 0.4797385620915033 0.05 0.0392156862745098
0 0.3360294117647059 0.4339869281045752 0.051470588235294115 0.0392156862745098
0 0.34191176470588236 0.41241830065359475 0.05 0.03790849673202614
0 0.34705882352941175 0.3784313725490196 0.04852941176470588 0.03529411764705882
0 0.3488970588235294 0.36013071895424836 0.04191176470588235 0.032679738562091505
0 0.3522058823529412 0.3392156862745098 0.04411764705882353 0.032679738562091505
0 0.35441176470588237 0.32483660130718955 0.04264705882352941 0.032679738562091505
0 0.36066176470588235 0.3104575163398693 0.04044117647058824 0.030065359477124184
0 0.3613970588235294 0.2954248366013072 0.04191176470588235 0.02875816993464052
3 0.36470588235294116 0.2803921568627451 0.03823529411764706 0.03529411764705882
0 0.3694852941176471 0.2699346405228758 0.03897058823529412 0.027450980392156862
3 0.3724264705882353 0.2522875816993464 0.03602941176470588 0.03398692810457516
0 0.05367647058823529 0.5973856209150327 0.07205882352941176 0.054901960784313725
0 0.25441176470588234 0.36209150326797385 0.026470588235294117 0.05228758169934641
0 0.2889705882352941 0.2679738562091503 0.039705882352941174 0.02875816993464052
0 0.2878676470588235 0.2568627450980392 0.03897058823529412 0.02483660130718954
0 0.23566176470588235 0.28104575163398693 0.04338235294117647 0.02875816993464052
1 0.3900735294117647 0.3810457516339869 0.027205882352941177 0.07450980392156863
1 0.4033088235294118 0.3261437908496732 0.021323529411764706 0.06405228758169934
0 0.45330882352941176 0.33464052287581697 0.016911764705882352 0.0392156862745098
0 0.4919117647058823 0.3104575163398693 0.016176470588235296 0.030065359477124184
0 0.4606617647058823 0.2673202614379085 0.015441176470588236 0.032679738562091505
0 0.5378676470588235 0.27450980392156865 0.016911764705882352 0.03137254901960784
3 0.5786764705882353 0.26862745098039215 0.01911764705882353 0.03790849673202614
0 0.5077205882352941 0.18366013071895426 0.013970588235294118 0.022222222222222223
0 0.4625 0.17712418300653596 0.013235294117647059 0.02483660130718954
2 0.4213235294117647 0.24248366013071895 0.023529411764705882 0.09281045751633987
0 0.42720588235294116 0.22091503267973855 0.033823529411764704 0.026143790849673203
0 0.43419117647058825 0.19281045751633988 0.015441176470588236 0.02483660130718954
0 0.37830882352941175 0.19607843137254902 0.03161764705882353 0.02091503267973856
3 0.4091911764705882 0.1869281045751634 0.0125 0.03137254901960784
0 0.37977941176470587 0.18823529411764706 0.030147058823529412 0.02091503267973856
3 0.3816176470588235 0.17516339869281045 0.026470588235294117 0.02091503267973856
3 0.38382352941176473 0.16797385620915034 0.025 0.022222222222222223
0 0.38566176470588237 0.16209150326797386 0.028676470588235293 0.023529411764705882
0 0.38823529411764707 0.15490196078431373 0.029411764705882353 0.0196078431372549
0 0.3897058823529412 0.14248366013071895 0.026470588235294117 0.02091503267973856
0 0.38933823529411765 0.13071895424836602 0.02426470588235294 0.018300653594771243
0 0.39375 0.12222222222222222 0.025735294117647058 0.022222222222222223
0 0.3941176470588235 0.11764705882352941 0.026470588235294117 0.01568627450980392
0 0.3926470588235294 0.10915032679738562 0.026470588235294117 0.01437908496732026
0 0.3977941176470588 0.10326797385620914 0.01911764705882353 0.018300653594771243
0 0.3963235294117647 0.1 0.025 0.01699346405228758
0 0.41213235294117645 0.1718954248366013 0.013970588235294118 0.022222222222222223
3 0.4161764705882353 0.15294117647058825 0.011764705882352941 0.02875816993464052
3 0.41654411764705884 0.1261437908496732 0.009558823529411765 0.022222222222222223
3 0.4202205882352941 0.1111111111111111 0.009558823529411765 0.023529411764705882
0 0.4334558823529412 0.11633986928104575 0.011029411764705883 0.02091503267973856
0 0.47463235294117645 0.09019607843137255 0.009558823529411765 0.01568627450980392
1 0.2863970588235294 0.2019607843137255 0.03455882352941177 0.030065359477124184
3 0.27389705882352944 0.19019607843137254 0.016911764705882352 0.02483660130718954
3 0.29669117647058824 0.18627450980392157 0.011029411764705883 0.02483660130718954
0 0.3238970588235294 0.18758169934640523 0.01838235294117647 0.02483660130718954
1 0.32794117647058824 0.16143790849673204 0.014705882352941176 0.032679738562091505
0 0.3411764705882353 0.11372549019607843 0.010294117647058823 0.018300653594771243
0 0.35661764705882354 0.09738562091503268 0.010294117647058823 0.01699346405228758
1 0.40183823529411766 0.08431372549019608 0.028676470588235293 0.030065359477124184
3 0.38786764705882354 0.07712418300653595 0.016911764705882352 0.018300653594771243
0 0.3628676470588235 0.07973856209150326 0.022794117647058822 0.018300653594771243
3 0.3341911764705882 0.07908496732026143 0.025735294117647058 0.0196078431372549
0 0.7886029411764706 0.20915032679738563 0.03161764705882353 0.02091503267973856
2 0.8488970588235294 0.25882352941176473 0.07573529411764705 0.054901960784313725
2 0.8294117647058824 0.18758169934640523 0.045588235294117645 0.06666666666666667
3 0.8169117647058823 0.09411764705882353 0.016176470588235296 0.02091503267973856
0 0.830514705882353 0.09607843137254903 0.013970588235294118 0.0196078431372549
3 0.5058823529411764 0.1130718954248366 0.010294117647058823 0.02483660130718954
0 0.5150735294117647 0.10392156862745099 0.016911764705882352 0.0196078431372549
0 0.5036764705882353 0.07516339869281045 0.020588235294117647 0.0196078431372549
0 0.44669117647058826 0.048366013071895426 0.008088235294117648 0.01568627450980392
0 0.45808823529411763 0.03529411764705882 0.008823529411764706 0.01568627450980392
0 0.47095588235294117 0.03529411764705882 0.008088235294117648 0.013071895424836602
3 0.48455882352941176 0.023529411764705882 0.008823529411764706 0.01568627450980392
0 0.45330882352941176 0.01764705882352941 0.006617647058823529 0.01437908496732026
3 0.46948529411764706 0.00718954248366013 0.006617647058823529 0.011764705882352941
3 0.48676470588235293 0.0058823529411764705 0.007352941176470588 0.011764705882352941
0 0.4261029411764706 0.048366013071895426 0.016911764705882352 0.01568627450980392
0 0.41911764705882354 0.03529411764705882 0.01911764705882353 0.01568627450980392
1 0.4198529411764706 0.06470588235294118 0.010294117647058823 0.0196078431372549
