0 0.6797794117647059 0.761437908496732 0.08602941176470588 0.07973856209150326
0 0.6444852941176471 0.9372549019607843 0.06397058823529411 0.12549019607843137
0 0.41360294117647056 0.9359477124183007 0.05367647058823529 0.12810457516339868
0 0.41507352941176473 0.7032679738562092 0.04632352941176471 0.11241830065359477
1 0.3875 0.49607843137254903 0.07058823529411765 0.12679738562091503
0 0.48676470588235293 0.44313725490196076 0.025 0.054901960784313725
1 0.43823529411764706 0.42810457516339867 0.027941176470588237 0.07973856209150326
1 0.3849264705882353 0.2823529411764706 0.03161764705882353 0.07320261437908497
0 0.29926470588235293 0.3300653594771242 0.05588235294117647 0.040522875816993466
0 0.24963235294117647 0.696078431372549 0.09779411764705882 0.06928104575163399
0 0.2529411764705882 0.7660130718954249 0.09264705882352942 0.07581699346405228
0 0.20036764705882354 0.8300653594771242 0.10808823529411765 0.09411764705882353
0 0.2595588235294118 0.9143790849673202 0.11176470588235295 0.09542483660130718
3 0.16654411764705881 0.9607843137254902 0.1463235294117647 0.0784313725490196
1 0.25441176470588234 0.6294117647058823 0.12205882352941176 0.09019607843137255
0 0.6183823529411765 0.2797385620915033 0.023529411764705882 0.03398692810457516
0 0.47794117647058826 0.1568627450980392 0.013235294117647059 0.026143790849673203
0 0.5176470588235295 0.09869281045751634 0.010294117647058823 0.022222222222222223
0 0.3099264705882353 0.3810457516339869 0.06397058823529411 0.0457516339869281
0 0.3371323529411765 0.23986928104575164 0.04779411764705882 0.03529411764705882
1 0.3602941176470588 0.4091503267973856 0.03529411764705882 0.10196078431372549
1 0.5463235294117647 0.23594771241830065 0.04411764705882353 0.06928104575163399
1 0.5389705882352941 0.20326797385620915 0.051470588235294115 0.05359477124183006
1 0.5150735294117647 0.17450980392156862 0.04338235294117647 0.048366013071895426
1 0.4573529411764706 0.08823529411764706 0.013235294117647059 0.027450980392156862
1 0.3981617647058823 0.1758169934640523 0.022794117647058822 0.058823529411764705
1 0.39742647058823527 0.14313725490196078 0.019852941176470587 0.048366013071895426
0 0.40845588235294117 0.1130718954248366 0.016911764705882352 0.027450980392156862
0 0.475 0.06339869281045751 0.011764705882352941 0.0196078431372549
0 0.4970588235294118 0.05228758169934641 0.010294117647058823 0.01568627450980392
3 0.4974264705882353 0.011764705882352941 0.009558823529411765 0.018300653594771243
3 0.4713235294117647 0.02679738562091503 0.010294117647058823 0.01699346405228758
0 0.45441176470588235 0.04183006535947712 0.010294117647058823 0.018300653594771243
0 0.45183823529411765 0.026143790849673203 0.009558823529411765 0.018300653594771243
0 0.33933823529411766 0.2222222222222222 0.04191176470588235 0.03137254901960784
0 0.3533088235294118 0.19281045751633988 0.03602941176470588 0.027450980392156862
0 0.3547794117647059 0.1718954248366013 0.03897058823529412 0.02483660130718954
0 0.35919117647058824 0.16209150326797386 0.0375 0.026143790849673203
0 0.36323529411764705 0.14575163398692811 0.03676470588235294 0.027450980392156862
0 0.36433823529411763 0.13725490196078433 0.03161764705882353 0.023529411764705882
0 0.36617647058823527 0.1287581699346405 0.03235294117647059 0.022222222222222223
0 0.36875 0.12026143790849673 0.03161764705882353 0.02091503267973856
0 0.37316176470588236 0.11372549019607843 0.03161764705882353 0.018300653594771243
0 0.37279411764705883 0.1065359477124183 0.030882352941176472 0.022222222222222223
3 0.375 0.09738562091503268 0.030882352941176472 0.022222222222222223
0 0.38088235294117645 0.09477124183006536 0.029411764705882353 0.0196078431372549
3 0.38198529411764703 0.08496732026143791 0.030147058823529412 0.026143790849673203
2 0.42316176470588235 0.07581699346405228 0.019852941176470587 0.06535947712418301
0 0.3536764705882353 0.009150326797385621 0.008823529411764706 0.013071895424836602
0 0.3408088235294118 0.04967320261437908 0.015441176470588236 0.01568627450980392
0 0.33676470588235297 0.07647058823529412 0.03235294117647059 0.0196078431372549
0 0.31433823529411764 0.09084967320261438 0.03308823529411765 0.01699346405228758
0 0.31286764705882353 0.08431372549019608 0.030147058823529412 0.01699346405228758
3 0.29154411764705884 0.16013071895424835 0.01838235294117647 0.0457516339869281
0 0.2889705882352941 0.13594771241830064 0.01911764705882353 0.036601307189542485
1 0.3069852941176471 0.05359477124183006 0.03161764705882353 0.02875816993464052
0 0.43529411764705883 0.05555555555555555 0.010294117647058823 0.0196078431372549
3 0.41323529411764703 0.050980392156862744 0.010294117647058823 0.023529411764705882
0 0.3863970588235294 0.05620915032679739 0.025735294117647058 0.018300653594771243
3 0.3897058823529412 0.0457516339869281 0.022058823529411766 0.018300653594771243
0 0.43419117647058825 0.013071895424836602 0.008088235294117648 0.01568627450980392
3 0.4224264705882353 0.009150326797385621 0.009558823529411765 0.018300653594771243
3 0.41911764705882354 0.015032679738562092 0.008823529411764706 0.01437908496732026
0 0.3922794117647059 0.03398692810457516 0.021323529411764706 0.01568627450980392
0 0.39889705882352944 0.01437908496732026 0.021323529411764706 0.01568627450980392
0 0.39558823529411763 0.02091503267973856 0.022058823529411766 0.01045751633986928
0 0.725 0.8862745098039215 0.11176470588235295 0.09673202614379085
0 0.7356617647058824 0.06797385620915032 0.025735294117647058 0.018300653594771243
2 0.7691176470588236 0.05163398692810457 0.03676470588235294 0.05359477124183006
2 0.8919117647058824 0.10326797385620914 0.047058823529411764 0.06274509803921569
0 0.986764705882353 0.307843137254902 0.026470588235294117 0.043137254901960784
0 0.9610294117647059 0.3058823529411765 0.033823529411764704 0.044444444444444446
3 0.9308823529411765 0.29411764705882354 0.03676470588235294 0.054901960784313725
2 0.9772058823529411 0.08562091503267974 0.045588235294117645 0.043137254901960784
