0 0.9323529411764706 0.3333333333333333 0.075 0.0784313725490196
0 0.9783088235294117 0.3156862745098039 0.04338235294117647 0.1111111111111111
0 0.9669117647058824 0.23529411764705882 0.045588235294117645 0.05751633986928104
3 0.9102941176470588 0.22875816993464052 0.04852941176470588 0.06535947712418301
0 0.8636029411764706 0.22679738562091503 0.0375 0.048366013071895426
0 0.79375 0.21895424836601307 0.06102941176470588 0.05359477124183006
0 0.7363970588235295 0.20065359477124184 0.05808823529411765 0.048366013071895426
0 0.66875 0.19084967320261437 0.05661764705882353 0.047058823529411764
0 0.6327205882352941 0.18235294117647058 0.05220588235294118 0.0457516339869281
0 0.5845588235294118 0.16993464052287582 0.047058823529411764 0.044444444444444446
0 0.5470588235294118 0.1627450980392157 0.033823529411764704 0.043137254901960784
0 0.49301470588235297 0.15620915032679739 0.04485294117647059 0.043137254901960784
0 0.4621323529411765 0.14575163398692811 0.03897058823529412 0.040522875816993466
0 0.40441176470588236 0.20326797385620915 0.030882352941176472 0.05620915032679739
0 0.4088235294117647 0.15163398692810456 0.045588235294117645 0.04183006535947712
0 0.6481617647058824 0.07516339869281045 0.05661764705882353 0.0457516339869281
0 0.020955882352941175 0.1065359477124183 0.04191176470588235 0.048366013071895426
0 0.05588235294117647 0.11568627450980393 0.047058823529411764 0.048366013071895426
0 0.10110294117647059 0.12810457516339868 0.03602941176470588 0.044444444444444446
3 0.13014705882352942 0.1287581699346405 0.04852941176470588 0.06405228758169934
0 0.1650735294117647 0.15098039215686274 0.03897058823529412 0.0457516339869281
3 0.2025735294117647 0.1477124183006536 0.04191176470588235 0.05751633986928104
3 0.2529411764705882 0.169281045751634 0.03823529411764706 0.06666666666666667
0 0.2801470588235294 0.19607843137254902 0.041176470588235294 0.05228758169934641
3 0.32132352941176473 0.18627450980392157 0.03235294117647059 0.0718954248366013
0 0.3724264705882353 0.14313725490196078 0.05808823529411765 0.043137254901960784
0 0.32941176470588235 0.13333333333333333 0.054411764705882354 0.04183006535947712
0 0.3 0.12287581699346405 0.045588235294117645 0.04967320261437908
0 0.2610294117647059 0.10457516339869281 0.05588235294117647 0.036601307189542485
0 0.2363970588235294 0.09411764705882353 0.05367647058823529 0.04183006535947712
0 0.21102941176470588 0.08823529411764706 0.045588235294117645 0.03790849673202614
0 0.19080882352941175 0.07973856209150326 0.04338235294117647 0.0392156862745098
0 0.17463235294117646 0.07647058823529412 0.04338235294117647 0.032679738562091505
0 0.15735294117647058 0.07058823529411765 0.051470588235294115 0.03398692810457516
0 0.13088235294117648 0.06535947712418301 0.041176470588235294 0.03137254901960784
0 0.10514705882352941 0.05947712418300653 0.04264705882352941 0.032679738562091505
0 0.06544117647058824 0.050980392156862744 0.041176470588235294 0.03137254901960784
0 0.02610294117647059 0.0457516339869281 0.04779411764705882 0.03398692810457516
0 0.16654411764705881 0.011111111111111112 0.0375 0.022222222222222223
0 0.36470588235294116 0.03202614379084967 0.041176470588235294 0.030065359477124184
0 0.45441176470588235 0.044444444444444446 0.045588235294117645 0.03137254901960784
3 0.8044117647058824 0.03790849673202614 0.01911764705882353 0.03398692810457516
