0 0.3003676470588235 0.8836601307189542 0.05367647058823529 0.1411764705882353
0 0.4540441176470588 0.8143790849673203 0.04632352941176471 0.1411764705882353
0 0.4235294117647059 0.5928104575163399 0.047058823529411764 0.12679738562091503
0 0.3966911764705882 0.46143790849673205 0.04926470588235294 0.12810457516339868
0 0.48566176470588235 0.3156862745098039 0.04632352941176471 0.12679738562091503
0 0.5511029411764706 0.36666666666666664 0.04926470588235294 0.12679738562091503
0 0.6816176470588236 0.4392156862745098 0.075 0.08366013071895424
0 0.7080882352941177 0.35294117647058826 0.06911764705882353 0.07320261437908497
0 0.7095588235294118 0.2758169934640523 0.07647058823529412 0.06797385620915032
0 0.7209558823529412 0.18366013071895426 0.06985294117647059 0.06143790849673202
0 0.7352941176470589 0.10980392156862745 0.07205882352941176 0.07058823529411765
0 0.7522058823529412 0.02287581699346405 0.058823529411764705 0.0457516339869281
3 0.13786764705882354 0.6104575163398693 0.04779411764705882 0.10718954248366012
0 0.5463235294117647 0.05032679738562092 0.045588235294117645 0.10065359477124183
0 0.5022058823529412 0.034640522875816995 0.04411764705882353 0.06928104575163399
0 0.021691176470588235 0.33202614379084966 0.04338235294117647 0.07320261437908497
