0 0.8665441176470589 0.8437908496732026 0.15955882352941175 0.12679738562091503
0 0.6529411764705882 0.8797385620915033 0.12058823529411765 0.19084967320261437
0 0.38198529411764703 0.6444444444444445 0.05367647058823529 0.13071895424836602
0 0.37426470588235294 0.5372549019607843 0.047058823529411764 0.09673202614379085
3 0.48161764705882354 0.27320261437908494 0.061764705882352944 0.05228758169934641
0 0.46875 0.2522875816993464 0.05073529411764706 0.036601307189542485
0 0.26323529411764707 0.14248366013071895 0.020588235294117647 0.02875816993464052
0 0.3503676470588235 0.21764705882352942 0.025735294117647058 0.03529411764705882
3 0.3720588235294118 0.2019607843137255 0.027941176470588237 0.043137254901960784
0 0.4172794117647059 0.17058823529411765 0.0375 0.027450980392156862
0 0.4025735294117647 0.16209150326797386 0.03308823529411765 0.023529411764705882
0 0.40147058823529413 0.14052287581699346 0.033823529411764704 0.022222222222222223
0 0.39705882352941174 0.14313725490196078 0.03235294117647059 0.02483660130718954
3 0.1588235294117647 0.043137254901960784 0.011764705882352941 0.02091503267973856
3 0.2036764705882353 0.05751633986928104 0.022058823529411766 0.02091503267973856
3 0.33639705882352944 0.16601307189542483 0.022794117647058822 0.04183006535947712
0 0.34044117647058825 0.11176470588235295 0.016176470588235296 0.02483660130718954
3 0.34705882352941175 0.0803921568627451 0.011764705882352941 0.022222222222222223
3 0.3125 0.10196078431372549 0.016176470588235296 0.03137254901960784
0 0.31433823529411764 0.09084967320261438 0.0125 0.022222222222222223
0 0.32830882352941176 0.07908496732026143 0.013970588235294118 0.022222222222222223
0 0.3073529411764706 0.07712418300653595 0.013235294117647059 0.02091503267973856
0 0.30625 0.06274509803921569 0.0125 0.02091503267973856
0 0.2841911764705882 0.07908496732026143 0.013970588235294118 0.022222222222222223
0 0.27794117647058825 0.06339869281045751 0.011764705882352941 0.022222222222222223
0 0.29669117647058824 0.050980392156862744 0.011029411764705883 0.01568627450980392
0 0.2786764705882353 0.03333333333333333 0.010294117647058823 0.01437908496732026
0 0.28602941176470587 0.00522875816993464 0.008823529411764706 0.01045751633986928
0 0.2977941176470588 0.013071895424836602 0.008823529411764706 0.013071895424836602
0 0.2878676470588235 0.01568627450980392 0.009558823529411765 0.013071895424836602
0 0.2985294117647059 0.03137254901960784 0.008823529411764706 0.013071895424836602
0 0.2948529411764706 0.026143790849673203 0.010294117647058823 0.01568627450980392
0 0.2867647058823529 0.01568627450980392 0.007352941176470588 0.013071895424836602
0 0.2908088235294118 0.020261437908496733 0.009558823529411765 0.01437908496732026
0 0.3084558823529412 0.044444444444444446 0.0125 0.01568627450980392
0 0.2661764705882353 0.018300653594771243 0.010294117647058823 0.01568627450980392
0 0.2636029411764706 0.025490196078431372 0.009558823529411765 0.01437908496732026
0 0.26580882352941176 0.03071895424836601 0.011029411764705883 0.01699346405228758
