0 0.3697916666666667 0.8925925925925926 0.04791666666666667 0.1259259259259259
0 0.4109375 0.6185185185185185 0.03229166666666667 0.07037037037037037
1 0.325 0.674074074074074 0.03125 0.11481481481481481
0 0.44166666666666665 0.562962962962963 0.029166666666666667 0.040740740740740744
1 0.6489583333333333 0.937037037037037 0.10416666666666667 0.1259259259259259
0 0.4661458333333333 0.46574074074074073 0.019791666666666666 0.03148148148148148
0 0.409375 0.35 0.014583333333333334 0.018518518518518517
0 0.37395833333333334 0.29907407407407405 0.008333333333333333 0.012962962962962963
0 0.37395833333333334 0.28703703703703703 0.008333333333333333 0.011111111111111112
0 0.375 0.27870370370370373 0.008333333333333333 0.012962962962962963
0 0.40677083333333336 0.28888888888888886 0.009375 0.011111111111111112
0 0.3984375 0.28425925925925927 0.007291666666666667 0.012962962962962963
