0 0.4161764705882353 0.6300653594771242 0.039705882352941174 0.08888888888888889
0 0.5205882352941177 0.6313725490196078 0.03823529411764706 0.08366013071895424
0 0.6036764705882353 0.7254901960784313 0.04264705882352941 0.09934640522875816
0 0.4452205882352941 0.4418300653594771 0.028676470588235293 0.06013071895424837
0 0.5033088235294118 0.3954248366013072 0.02426470588235294 0.0457516339869281
0 0.49558823529411766 0.1830065359477124 0.01764705882352941 0.023529411764705882
0 0.5051470588235294 0.1542483660130719 0.010294117647058823 0.018300653594771243
0 0.5301470588235294 0.1869281045751634 0.013235294117647059 0.02091503267973856
0 0.5426470588235294 0.23398692810457516 0.014705882352941176 0.026143790849673203
0 0.4573529411764706 0.13529411764705881 0.010294117647058823 0.01699346405228758
0 0.13125 0.7084967320261438 0.06985294117647059 0.09673202614379085
0 0.19411764705882353 0.5830065359477125 0.051470588235294115 0.06797385620915032
0 0.32169117647058826 0.28888888888888886 0.03602941176470588 0.026143790849673203
0 0.5169117647058824 0.9104575163398693 0.05588235294117647 0.14248366013071895
0 0.7290441176470588 0.6124183006535948 0.05514705882352941 0.08496732026143791
0 0.6709558823529411 0.44640522875816996 0.03308823529411765 0.05620915032679739
0 0.6183823529411765 0.3058823529411765 0.01911764705882353 0.036601307189542485
0 0.6522058823529412 0.3241830065359477 0.025 0.03398692810457516
0 0.6610294117647059 0.2875816993464052 0.041176470588235294 0.02875816993464052
3 0.5786764705882353 0.17320261437908496 0.014705882352941176 0.02483660130718954
3 0.6014705882352941 0.17058823529411765 0.013235294117647059 0.02483660130718954
0 0.8558823529411764 0.9490196078431372 0.08529411764705883 0.10196078431372549
0 0.5720588235294117 0.14183006535947712 0.013235294117647059 0.01699346405228758
3 0.4091911764705882 0.1627450980392157 0.015441176470588236 0.022222222222222223
0 0.41213235294117645 0.1522875816993464 0.013970588235294118 0.0196078431372549
0 0.41911764705882354 0.1450980392156863 0.008823529411764706 0.01568627450980392
0 0.4202205882352941 0.13725490196078433 0.009558823529411765 0.01568627450980392
3 0.42205882352941176 0.1326797385620915 0.016176470588235296 0.0196078431372549
0 0.42830882352941174 0.12156862745098039 0.009558823529411765 0.01568627450980392
0 0.43308823529411766 0.1130718954248366 0.008823529411764706 0.01437908496732026
0 0.4238970588235294 0.09803921568627451 0.016911764705882352 0.013071895424836602
0 0.45183823529411765 0.09411764705882353 0.013970588235294118 0.01045751633986928
0 0.5029411764705882 0.1084967320261438 0.008823529411764706 0.01568627450980392
0 0.4823529411764706 0.09477124183006536 0.007352941176470588 0.011764705882352941
