0 0.46911764705882353 0.9254901960784314 0.061764705882352944 0.14901960784313725
0 0.3625 0.5803921568627451 0.03823529411764706 0.08104575163398693
0 0.47757352941176473 0.38169934640522873 0.02426470588235294 0.0392156862745098
0 0.4007352941176471 0.29411764705882354 0.03823529411764706 0.026143790849673203
0 0.3452205882352941 0.296078431372549 0.04044117647058824 0.027450980392156862
0 0.34595588235294117 0.2601307189542484 0.03897058823529412 0.02091503267973856
0 0.8261029411764705 0.8320261437908497 0.08308823529411764 0.12941176470588237
0 0.7658088235294118 0.6777777777777778 0.05955882352941176 0.08758169934640522
0 0.7191176470588235 0.5823529411764706 0.051470588235294115 0.06928104575163399
0 0.6709558823529411 0.3333333333333333 0.02426470588235294 0.03398692810457516
0 0.6915441176470588 0.2934640522875817 0.04044117647058824 0.02483660130718954
0 0.7180147058823529 0.33398692810457514 0.04485294117647059 0.030065359477124184
0 0.7705882352941177 0.2928104575163399 0.03529411764705882 0.026143790849673203
0 0.8125 0.29477124183006537 0.03235294117647059 0.02483660130718954
0 0.7974264705882353 0.34901960784313724 0.04779411764705882 0.03398692810457516
0 0.7738970588235294 0.35751633986928105 0.05073529411764706 0.03790849673202614
0 0.7463235294117647 0.3627450980392157 0.045588235294117645 0.03790849673202614
0 0.7345588235294118 0.36993464052287583 0.051470588235294115 0.036601307189542485
0 0.07058823529411765 0.6640522875816993 0.0838235294117647 0.10718954248366012
0 0.06507352941176471 0.6104575163398693 0.10073529411764706 0.0784313725490196
0 0.07720588235294118 0.5660130718954248 0.10441176470588236 0.06274509803921569
0 0.17536764705882352 0.5104575163398692 0.05367647058823529 0.06666666666666667
0 0.1801470588235294 0.4627450980392157 0.07794117647058824 0.06013071895424837
0 0.18933823529411764 0.4143790849673203 0.05955882352941176 0.04183006535947712
0 0.18161764705882352 0.3888888888888889 0.06470588235294118 0.050980392156862744
0 0.12279411764705882 0.37777777777777777 0.04411764705882353 0.047058823529411764
0 0.09669117647058824 0.36993464052287583 0.05220588235294118 0.05228758169934641
0 0.059926470588235296 0.36666666666666664 0.04926470588235294 0.05359477124183006
0 0.21580882352941178 0.33137254901960783 0.03897058823529412 0.03529411764705882
0 0.18860294117647058 0.2980392156862745 0.04485294117647059 0.026143790849673203
0 0.18860294117647058 0.28954248366013075 0.04338235294117647 0.030065359477124184
0 0.11397058823529412 0.2849673202614379 0.04411764705882353 0.026143790849673203
0 0.15183823529411763 0.2437908496732026 0.013970588235294118 0.02483660130718954
1 0.12867647058823528 0.23921568627450981 0.013235294117647059 0.026143790849673203
0 0.18088235294117647 0.24705882352941178 0.025 0.02091503267973856
0 0.21691176470588236 0.24705882352941178 0.033823529411764704 0.026143790849673203
0 0.2959558823529412 0.24705882352941178 0.013970588235294118 0.018300653594771243
0 0.2731617647058823 0.24705882352941178 0.021323529411764706 0.026143790849673203
0 0.6658088235294117 0.4071895424836601 0.030147058823529412 0.03529411764705882
0 0.45698529411764705 0.22941176470588234 0.011029411764705883 0.0196078431372549
0 0.4345588235294118 0.2019607843137255 0.010294117647058823 0.0196078431372549
0 0.4452205882352941 0.1607843137254902 0.011029411764705883 0.01568627450980392
0 0.4863970588235294 0.14444444444444443 0.006617647058823529 0.009150326797385621
0 0.4727941176470588 0.13660130718954247 0.0058823529411764705 0.006535947712418301
0 0.48419117647058824 0.12549019607843137 0.005147058823529412 0.00784313725490196
0 0.47573529411764703 0.12026143790849673 0.004411764705882353 0.00522875816993464
0 0.4672794117647059 0.11764705882352941 0.003676470588235294 0.00784313725490196
0 0.47904411764705884 0.10392156862745099 0.0022058823529411764 0.00392156862745098
0 0.4727941176470588 0.10326797385620914 0.0029411764705882353 0.00522875816993464
0 0.475 0.09869281045751634 0.0029411764705882353 0.00392156862745098
0 0.4919117647058823 0.11372549019607843 0.004411764705882353 0.00522875816993464
0 0.5029411764705882 0.15555555555555556 0.007352941176470588 0.01045751633986928
0 0.5518382352941177 0.20392156862745098 0.009558823529411765 0.01568627450980392
0 0.5599264705882353 0.22156862745098038 0.0125 0.01699346405228758
0 0.5658088235294118 0.23529411764705882 0.0125 0.018300653594771243
0 0.5691176470588235 0.24313725490196078 0.014705882352941176 0.018300653594771243
0 0.6636029411764706 0.23660130718954248 0.022794117647058822 0.018300653594771243
0 0.6871323529411765 0.24248366013071895 0.022794117647058822 0.0196078431372549
0 0.70625 0.24640522875816995 0.016911764705882352 0.0196078431372549
0 0.70625 0.2869281045751634 0.027205882352941177 0.022222222222222223
0 0.7566176470588235 0.29477124183006537 0.03676470588235294 0.022222222222222223
0 0.8150735294117647 0.2875816993464052 0.03308823529411765 0.018300653594771243
0 0.31838235294117645 0.24640522875816995 0.011764705882352941 0.0196078431372549
0 0.33455882352941174 0.24052287581699347 0.023529411764705882 0.018300653594771243
0 0.3599264705882353 0.23660130718954248 0.013970588235294118 0.018300653594771243
0 0.3665441176470588 0.22941176470588234 0.011029411764705883 0.0196078431372549
0 0.37316176470588236 0.22026143790849673 0.011029411764705883 0.0196078431372549
0 0.37573529411764706 0.2111111111111111 0.011764705882352941 0.0196078431372549
0 0.3860294117647059 0.20261437908496732 0.010294117647058823 0.01568627450980392
0 0.38933823529411765 0.19607843137254902 0.008088235294117648 0.018300653594771243
0 0.37279411764705883 0.19215686274509805 0.010294117647058823 0.01568627450980392
0 0.3786764705882353 0.1803921568627451 0.020588235294117647 0.013071895424836602
0 0.36323529411764705 0.1718954248366013 0.020588235294117647 0.011764705882352941
0 0.3845588235294118 0.16797385620915034 0.007352941176470588 0.01437908496732026
0 0.3235294117647059 0.20065359477124184 0.016176470588235296 0.0196078431372549
