0 0.346875 0.8981481481481481 0.04791666666666667 0.1259259259259259
1 0.39479166666666665 0.5370370370370371 0.035416666666666666 0.11481481481481481
0 0.4421875 0.44166666666666665 0.015625 0.024074074074074074
0 0.3078125 0.41388888888888886 0.021875 0.016666666666666666
0 0.440625 0.4083333333333333 0.014583333333333334 0.024074074074074074
0 0.4703125 0.5324074074074074 0.019791666666666666 0.03148148148148148
0 0.5229166666666667 0.45925925925925926 0.027083333333333334 0.025925925925925925
0 0.5213541666666667 0.4166666666666667 0.021875 0.022222222222222223
0 0.44427083333333334 0.35 0.009375 0.014814814814814815
0 0.434375 0.3351851851851852 0.008333333333333333 0.011111111111111112
0 0.4479166666666667 0.3388888888888889 0.008333333333333333 0.011111111111111112
3 0.446875 0.3287037037037037 0.00625 0.012962962962962963
1 0.46927083333333336 0.35648148148148145 0.011458333333333333 0.024074074074074074
