0 0.13933823529411765 0.5006535947712418 0.12720588235294117 0.13333333333333333
0 0.8948529411764706 0.3758169934640523 0.061764705882352944 0.11895424836601307
0 0.2977941176470588 0.14444444444444443 0.09117647058823529 0.06666666666666667
0 0.39191176470588235 0.16666666666666666 0.09117647058823529 0.05620915032679739
0 0.13897058823529412 0.03202614379084967 0.06470588235294118 0.06405228758169934
0 0.09595588235294118 0.026143790849673203 0.03897058823529412 0.05228758169934641
0 0.8044117647058824 0.07647058823529412 0.03823529411764706 0.07450980392156863
0 0.7525735294117647 0.06274509803921569 0.03455882352941177 0.08104575163398693
0 0.8051470588235294 0.02287581699346405 0.033823529411764704 0.0457516339869281
0 0.24816176470588236 0.06405228758169934 0.06102941176470588 0.06535947712418301
