0 0.7977941176470589 0.6823529411764706 0.051470588235294115 0.06535947712418301
0 0.8275735294117647 0.6228758169934641 0.06544117647058824 0.050980392156862744
0 0.8040441176470589 0.5856209150326798 0.05514705882352941 0.047058823529411764
0 0.5871323529411765 0.8745098039215686 0.04779411764705882 0.10718954248366012
1 0.6275735294117647 0.44836601307189544 0.021323529411764706 0.044444444444444446
0 0.5966911764705882 0.5176470588235295 0.02426470588235294 0.0392156862745098
3 0.5621323529411765 0.6169934640522876 0.027205882352941177 0.06274509803921569
1 0.48455882352941176 0.6418300653594772 0.04411764705882353 0.10718954248366012
0 0.5430147058823529 0.5281045751633987 0.025735294117647058 0.0392156862745098
1 0.5459558823529411 0.4666666666666667 0.019852941176470587 0.036601307189542485
0 0.5511029411764706 0.434640522875817 0.016911764705882352 0.030065359477124184
0 0.5275735294117647 0.4 0.016911764705882352 0.026143790849673203
0 0.49080882352941174 0.3607843137254902 0.015441176470588236 0.023529411764705882
0 0.4959558823529412 0.3954248366013072 0.01838235294117647 0.032679738562091505
0 0.47316176470588234 0.3803921568627451 0.016911764705882352 0.02875816993464052
0 0.44816176470588237 0.39215686274509803 0.01838235294117647 0.03137254901960784
0 0.47941176470588237 0.42483660130718953 0.01764705882352941 0.03398692810457516
0 0.5036764705882353 0.22026143790849673 0.007352941176470588 0.009150326797385621
0 0.518014705882353 0.22026143790849673 0.003676470588235294 0.006535947712418301
0 0.5213235294117647 0.24248366013071895 0.007352941176470588 0.011764705882352941
0 0.5113970588235294 0.23202614379084968 0.006617647058823529 0.011764705882352941
0 0.5102941176470588 0.269281045751634 0.008823529411764706 0.013071895424836602
0 0.48823529411764705 0.3045751633986928 0.010294117647058823 0.018300653594771243
3 0.4808823529411765 0.27908496732026145 0.008823529411764706 0.0196078431372549
3 0.5838235294117647 0.43137254901960786 0.01764705882352941 0.0392156862745098
0 0.4525735294117647 0.4496732026143791 0.027205882352941177 0.0392156862745098
0 0.46911764705882353 0.2196078431372549 0.007352941176470588 0.00784313725490196
3 0.47316176470588234 0.32745098039215687 0.011029411764705883 0.022222222222222223
0 0.4716911764705882 0.31633986928104574 0.0125 0.02091503267973856
3 0.35441176470588237 0.3281045751633987 0.014705882352941176 0.023529411764705882
0 0.3613970588235294 0.35555555555555557 0.028676470588235293 0.02875816993464052
0 0.39926470588235297 0.4045751633986928 0.020588235294117647 0.030065359477124184
0 0.3327205882352941 0.38562091503267976 0.04191176470588235 0.026143790849673203
0 0.32132352941176473 0.4398692810457516 0.045588235294117645 0.03790849673202614
0 0.26838235294117646 0.4777777777777778 0.04264705882352941 0.040522875816993466
0 0.21801470588235294 0.5437908496732026 0.05514705882352941 0.044444444444444446
0 0.19558823529411765 0.6104575163398693 0.07352941176470588 0.054901960784313725
0 0.1411764705882353 0.4398692810457516 0.04264705882352941 0.03790849673202614
0 0.0838235294117647 0.43790849673202614 0.04264705882352941 0.03137254901960784
0 0.07941176470588235 0.47320261437908495 0.039705882352941174 0.0392156862745098
1 0.18198529411764705 0.8294117647058824 0.09044117647058823 0.2235294117647059
0 0.17683823529411766 0.692156862745098 0.08455882352941177 0.05359477124183006
0 0.10661764705882353 0.6777777777777778 0.047058823529411764 0.08235294117647059
0 0.08088235294117647 0.757516339869281 0.0661764705882353 0.08235294117647059
3 0.028308823529411765 0.8405228758169935 0.05661764705882353 0.11764705882352941
0 0.01948529411764706 0.7209150326797386 0.03897058823529412 0.06928104575163399
0 0.029044117647058824 0.7601307189542483 0.05808823529411765 0.09019607843137255
