0 0.6816176470588236 0.8751633986928105 0.09117647058823529 0.2496732026143791
0 0.4632352941176471 0.7967320261437908 0.06764705882352941 0.24705882352941178
0 0.5595588235294118 0.43333333333333335 0.052941176470588235 0.12941176470588237
3 0.4606617647058823 0.34509803921568627 0.03602941176470588 0.13333333333333333
0 0.7455882352941177 0.05947712418300653 0.039705882352941174 0.05620915032679739
0 0.6073529411764705 0.08888888888888889 0.04264705882352941 0.05751633986928104
3 0.5463235294117647 0.07777777777777778 0.030882352941176472 0.06928104575163399
3 0.4676470588235294 0.04183006535947712 0.029411764705882353 0.07581699346405228
0 0.18676470588235294 0.032679738562091505 0.07352941176470588 0.044444444444444446
0 0.10036764705882353 0.1084967320261438 0.06544117647058824 0.06535947712418301
0 0.2261029411764706 0.1287581699346405 0.04338235294117647 0.08496732026143791
3 0.20588235294117646 0.18496732026143792 0.039705882352941174 0.07450980392156863
0 0.03529411764705882 0.4071895424836601 0.06470588235294118 0.07712418300653595
0 0.04779411764705882 0.6483660130718955 0.08823529411764706 0.20130718954248367
0 0.1025735294117647 0.4823529411764706 0.08308823529411764 0.16209150326797386
