0 0.5422794117647058 0.8359477124183007 0.03602941176470588 0.040522875816993466
0 0.5352941176470588 0.7777777777777778 0.039705882352941174 0.047058823529411764
0 0.5371323529411764 0.7143790849673203 0.0375 0.03790849673202614
0 0.4632352941176471 0.730718954248366 0.013235294117647059 0.06797385620915032
0 0.49816176470588236 0.6333333333333333 0.01838235294117647 0.06666666666666667
0 0.3698529411764706 0.8607843137254902 0.033823529411764704 0.040522875816993466
0 0.4400735294117647 0.6209150326797386 0.015441176470588236 0.06797385620915032
0 0.3981617647058823 0.6052287581699346 0.015441176470588236 0.06797385620915032
0 0.36875 0.4117647058823529 0.0375 0.02875816993464052
0 0.3665441176470588 0.3254901960784314 0.03602941176470588 0.03398692810457516
0 0.36580882352941174 0.26666666666666666 0.0375 0.04183006535947712
0 0.46691176470588236 0.4130718954248366 0.01911764705882353 0.06535947712418301
0 0.48823529411764705 0.27908496732026145 0.01764705882352941 0.06666666666666667
0 0.4875 0.19934640522875818 0.013235294117647059 0.06405228758169934
0 0.45183823529411765 0.1803921568627451 0.015441176470588236 0.06274509803921569
0 0.3672794117647059 0.12810457516339868 0.03455882352941177 0.036601307189542485
