0 0.10052083333333334 0.8111111111111111 0.171875 0.17037037037037037
0 0.3546875 0.5564814814814815 0.040625 0.08703703703703704
0 0.3567708333333333 0.4638888888888889 0.034375 0.06481481481481481
0 0.465625 0.5416666666666666 0.05416666666666667 0.07222222222222222
0 0.5802083333333333 0.7222222222222222 0.10625 0.11851851851851852
0 0.41041666666666665 0.39444444444444443 0.03125 0.044444444444444446
0 0.39947916666666666 0.3416666666666667 0.026041666666666668 0.04259259259259259
0 0.35520833333333335 0.412962962962963 0.03125 0.05925925925925926
0 0.3625 0.36944444444444446 0.03125 0.053703703703703705
0 0.3494791666666667 0.34074074074074073 0.028125 0.04814814814814815
0 0.35989583333333336 0.3194444444444444 0.021875 0.03888888888888889
0 0.35625 0.29444444444444445 0.020833333333333332 0.037037037037037035
0 0.35885416666666664 0.2759259259259259 0.021875 0.022222222222222223
0 0.35625 0.1925925925925926 0.0125 0.022222222222222223
0 0.36666666666666664 0.15462962962962962 0.008333333333333333 0.012962962962962963
0 0.3640625 0.14444444444444443 0.007291666666666667 0.018518518518518517
0 0.4588541666666667 0.3425925925925926 0.023958333333333335 0.037037037037037035
0 0.5291666666666667 0.36203703703703705 0.03958333333333333 0.03518518518518519
0 0.7796875 0.6018518518518519 0.10520833333333333 0.08148148148148149
0 0.4359375 0.2777777777777778 0.015625 0.02962962962962963
0 0.37916666666666665 0.2 0.010416666666666666 0.018518518518518517
0 0.46822916666666664 0.9175925925925926 0.103125 0.1648148148148148
