0 0.513235294117647 0.492156862745098 0.04411764705882353 0.10326797385620914
0 0.6095588235294118 0.5137254901960784 0.05 0.0915032679738562
0 0.6220588235294118 0.6189542483660131 0.06323529411764706 0.12679738562091503
0 0.5919117647058824 0.3535947712418301 0.041176470588235294 0.06405228758169934
0 0.5742647058823529 0.23790849673202613 0.029411764705882353 0.047058823529411764
0 0.6242647058823529 0.24444444444444444 0.051470588235294115 0.05751633986928104
0 0.2580882352941177 0.5967320261437908 0.13088235294117648 0.10588235294117647
0 0.25588235294117645 0.7856209150326797 0.08088235294117647 0.17516339869281045
3 0.33051470588235293 0.4542483660130719 0.05661764705882353 0.12156862745098039
0 0.3584558823529412 0.3993464052287582 0.04044117647058824 0.08496732026143791
0 0.4764705882352941 0.22875816993464052 0.026470588235294117 0.05751633986928104
0 0.4738970588235294 0.15294117647058825 0.02426470588235294 0.044444444444444446
0 0.5525735294117647 0.17973856209150327 0.027205882352941177 0.040522875816993466
0 0.3669117647058823 0.22679738562091503 0.06764705882352941 0.048366013071895426
3 0.4047794117647059 0.19281045751633988 0.022794117647058822 0.06405228758169934
0 0.38823529411764707 0.15947712418300652 0.04264705882352941 0.05228758169934641
0 0.7768382352941177 0.6673202614379085 0.0625 0.11633986928104575
0 0.5661764705882353 0.14901960784313725 0.03676470588235294 0.0392156862745098
0 0.6139705882352942 0.16013071895424835 0.05 0.03790849673202614
0 0.45183823529411765 0.05359477124183006 0.016911764705882352 0.02875816993464052
0 0.6599264705882353 0.10392156862745099 0.025735294117647058 0.032679738562091505
0 0.6830882352941177 0.08496732026143791 0.03529411764705882 0.03137254901960784
0 0.6647058823529411 0.06993464052287582 0.016176470588235296 0.030065359477124184
0 0.46948529411764706 0.0392156862745098 0.015441176470588236 0.026143790849673203
0 0.4511029411764706 0.02875816993464052 0.01838235294117647 0.02875816993464052
0 0.47095588235294117 0.023529411764705882 0.013970588235294118 0.02875816993464052
0 0.45698529411764705 0.013725490196078431 0.013970588235294118 0.027450980392156862
0 0.51875 0.02875816993464052 0.0125 0.023529411764705882
0 0.9051470588235294 0.9464052287581699 0.11323529411764706 0.10718954248366012
3 0.54375 0.013725490196078431 0.013970588235294118 0.02483660130718954
