3 0.4875 0.9320261437908497 0.08676470588235294 0.13594771241830064
0 0.9654411764705882 0.865359477124183 0.06911764705882353 0.1803921568627451
0 0.4742647058823529 0.43594771241830066 0.051470588235294115 0.08758169934640522
3 0.9665441176470588 0.30392156862745096 0.06691176470588235 0.07450980392156863
0 0.9643382352941177 0.47908496732026146 0.0713235294117647 0.08235294117647059
0 0.8525735294117647 0.5294117647058824 0.11544117647058824 0.09411764705882353
0 0.8838235294117647 0.5954248366013072 0.11470588235294117 0.10065359477124183
0 0.4632352941176471 0.23986928104575164 0.04264705882352941 0.06405228758169934
0 0.33492647058823527 0.21372549019607842 0.03602941176470588 0.06405228758169934
0 0.3191176470588235 0.134640522875817 0.030882352941176472 0.06013071895424837
3 0.34448529411764706 0.06862745098039216 0.025735294117647058 0.043137254901960784
0 0.4235294117647059 0.018300653594771243 0.058823529411764705 0.036601307189542485
