0 0.09427083333333333 0.9203703703703704 0.11770833333333333 0.14444444444444443
0 0.18645833333333334 0.7101851851851851 0.11458333333333333 0.09074074074074075
0 0.396875 0.762962962962963 0.06666666666666667 0.14814814814814814
0 0.43697916666666664 0.6305555555555555 0.03854166666666667 0.09074074074074075
0 0.4864583333333333 0.5148148148148148 0.03125 0.06296296296296296
0 0.31614583333333335 0.5888888888888889 0.06354166666666666 0.08148148148148149
0 0.27395833333333336 0.5722222222222222 0.06458333333333334 0.07037037037037037
0 0.3828125 0.49537037037037035 0.040625 0.06851851851851852
0 0.19322916666666667 0.45 0.059375 0.05185185185185185
0 0.15364583333333334 0.4462962962962963 0.059375 0.05185185185185185
0 0.24791666666666667 0.3814814814814815 0.03333333333333333 0.040740740740740744
0 0.209375 0.38333333333333336 0.022916666666666665 0.040740740740740744
0 0.18072916666666666 0.3814814814814815 0.017708333333333333 0.040740740740740744
0 0.5578125 0.4398148148148148 0.028125 0.046296296296296294
0 0.5614583333333333 0.4046296296296296 0.029166666666666667 0.05
