0 0.7297794117647058 0.6111111111111112 0.0625 0.1450980392156863
0 0.5713235294117647 0.5241830065359477 0.08823529411764706 0.10196078431372549
0 0.4455882352941177 0.32745098039215687 0.058823529411764705 0.0718954248366013
0 0.4772058823529412 0.3895424836601307 0.04411764705882353 0.08104575163398693
0 0.3316176470588235 0.29411764705882354 0.05 0.06797385620915032
0 0.44191176470588234 0.24313725490196078 0.05588235294117647 0.05751633986928104
0 0.3573529411764706 0.19738562091503267 0.03676470588235294 0.04183006535947712
0 0.3220588235294118 0.15751633986928104 0.03676470588235294 0.048366013071895426
0 0.28713235294117645 0.10457516339869281 0.030147058823529412 0.0392156862745098
0 0.2088235294117647 0.06339869281045751 0.027941176470588237 0.03790849673202614
3 0.4297794117647059 0.4594771241830065 0.06397058823529411 0.09803921568627451
0 0.13161764705882353 0.3084967320261438 0.08676470588235294 0.08366013071895424
0 0.13786764705882354 0.25947712418300656 0.08897058823529412 0.07450980392156863
0 0.054411764705882354 0.03790849673202614 0.03676470588235294 0.03137254901960784
0 0.05955882352941176 0.01241830065359477 0.03823529411764706 0.02483660130718954
0 0.14375 0.10457516339869281 0.025735294117647058 0.044444444444444446
0 0.1488970588235294 0.12810457516339868 0.030147058823529412 0.047058823529411764
0 0.13823529411764707 0.07581699346405228 0.023529411764705882 0.02875816993464052
0 0.11948529411764706 0.05032679738562092 0.0375 0.03529411764705882
0 0.13308823529411765 0.034640522875816995 0.01911764705882353 0.03529411764705882
0 0.23308823529411765 0.01568627450980392 0.022058823529411766 0.03137254901960784
