0 0.4573529411764706 0.4241830065359477 0.013235294117647059 0.009150326797385621
0 0.46948529411764706 0.4169934640522876 0.005147058823529412 0.01045751633986928
0 0.4772058823529412 0.4013071895424837 0.004411764705882353 0.00784313725490196
0 0.46801470588235294 0.39738562091503266 0.005147058823529412 0.00784313725490196
0 0.475 0.3836601307189543 0.0029411764705882353 0.006535947712418301
0 0.46654411764705883 0.3686274509803922 0.003676470588235294 0.01045751633986928
0 0.4636029411764706 0.361437908496732 0.003676470588235294 0.009150326797385621
0 0.4900735294117647 0.40326797385620916 0.005147058823529412 0.011764705882352941
0 0.4886029411764706 0.41633986928104577 0.003676470588235294 0.011764705882352941
0 0.4863970588235294 0.426797385620915 0.011029411764705883 0.009150326797385621
0 0.4551470588235294 0.4372549019607843 0.0058823529411764705 0.009150326797385621
0 0.45551470588235293 0.46797385620915033 0.006617647058823529 0.013071895424836602
0 0.44816176470588237 0.4830065359477124 0.0125 0.009150326797385621
0 0.48198529411764707 0.4437908496732026 0.006617647058823529 0.011764705882352941
0 0.49264705882352944 0.44248366013071894 0.0058823529411764705 0.009150326797385621
3 0.42169117647058824 0.5189542483660131 0.016911764705882352 0.01568627450980392
0 0.42426470588235293 0.5647058823529412 0.022058823529411766 0.013071895424836602
0 0.43161764705882355 0.5045751633986928 0.014705882352941176 0.01045751633986928
0 0.4452205882352941 0.5058823529411764 0.006617647058823529 0.013071895424836602
0 0.4647058823529412 0.5078431372549019 0.007352941176470588 0.011764705882352941
0 0.4783088235294118 0.4928104575163399 0.006617647058823529 0.013071895424836602
0 0.5224264705882353 0.48366013071895425 0.013970588235294118 0.01045751633986928
0 0.5378676470588235 0.5215686274509804 0.01838235294117647 0.013071895424836602
0 0.55625 0.5215686274509804 0.011029411764705883 0.01568627450980392
0 0.49816176470588236 0.5620915032679739 0.009558823529411765 0.01568627450980392
0 0.49522058823529413 0.5202614379084968 0.015441176470588236 0.01568627450980392
0 0.49926470588235294 0.5261437908496732 0.007352941176470588 0.01699346405228758
3 0.4970588235294118 0.6385620915032679 0.010294117647058823 0.027450980392156862
0 0.5301470588235294 0.6745098039215687 0.026470588235294117 0.02091503267973856
0 0.5272058823529412 0.6836601307189543 0.027941176470588237 0.02091503267973856
0 0.5683823529411764 0.7261437908496732 0.033823529411764704 0.02483660130718954
0 0.5922794117647059 0.7509803921568627 0.03308823529411765 0.02483660130718954
0 0.5397058823529411 0.8372549019607843 0.03823529411764706 0.032679738562091505
0 0.5356617647058823 0.8163398692810457 0.0375 0.027450980392156862
0 0.5349264705882353 0.7869281045751634 0.0375 0.02875816993464052
0 0.4863970588235294 0.965359477124183 0.019852941176470587 0.05359477124183006
3 0.35294117647058826 0.8450980392156863 0.016176470588235296 0.040522875816993466
0 0.32426470588235295 0.9686274509803922 0.025 0.04967320261437908
0 0.2761029411764706 0.9758169934640523 0.04779411764705882 0.032679738562091505
0 0.3599264705882353 0.7326797385620915 0.03602941176470588 0.022222222222222223
0 0.3963235294117647 0.6398692810457516 0.025 0.0196078431372549
0 0.4183823529411765 0.626797385620915 0.013235294117647059 0.0196078431372549
0 0.41102941176470587 0.596078431372549 0.022058823529411766 0.01568627450980392
3 0.425 0.6058823529411764 0.010294117647058823 0.02483660130718954
3 0.4551470588235294 0.4117647058823529 0.0029411764705882353 0.00784313725490196
0 0.45955882352941174 0.39215686274509803 0.0029411764705882353 0.00522875816993464
3 0.4459558823529412 0.4522875816993464 0.0125 0.01045751633986928
3 0.4455882352941177 0.44313725490196076 0.011764705882352941 0.01045751633986928
0 0.44338235294117645 0.47843137254901963 0.011764705882352941 0.01045751633986928
0 0.4411764705882353 0.47320261437908495 0.011764705882352941 0.01045751633986928
3 0.4213235294117647 0.5326797385620915 0.016176470588235296 0.01437908496732026
3 0.41654411764705884 0.5424836601307189 0.015441176470588236 0.013071895424836602
0 0.41654411764705884 0.550326797385621 0.013970588235294118 0.01045751633986928
0 0.4143382352941177 0.5575163398692811 0.013970588235294118 0.011764705882352941
0 0.5169117647058824 0.4725490196078431 0.007352941176470588 0.009150326797385621
0 0.5099264705882353 0.47124183006535947 0.006617647058823529 0.009150326797385621
0 0.5235294117647059 0.46143790849673205 0.013235294117647059 0.00784313725490196
0 0.5261029411764706 0.46013071895424834 0.0125 0.01045751633986928
1 0.5378676470588235 0.4888888888888889 0.011029411764705883 0.01568627450980392
