1 0.41041666666666665 0.5162037037037037 0.046875 0.11574074074074074
0 0.4752604166666667 0.44027777777777777 0.021354166666666667 0.041666666666666664
2 0.6067708333333334 0.47453703703703703 0.0375 0.1175925925925926
0 0.56875 0.38981481481481484 0.016666666666666666 0.027777777777777776
0 0.5544270833333333 0.34953703703703703 0.015104166666666667 0.026851851851851852
0 0.5075520833333333 0.36018518518518516 0.016145833333333335 0.025925925925925925
0 0.61796875 0.3384259259259259 0.015104166666666667 0.023148148148148147
0 0.6541666666666667 0.33935185185185185 0.029166666666666667 0.021296296296296296
3 0.7130208333333333 0.33796296296296297 0.026041666666666668 0.027777777777777776
0 0.5044270833333333 0.2986111111111111 0.013020833333333334 0.017592592592592594
1 0.5669270833333333 0.2824074074074074 0.015104166666666667 0.027777777777777776
0 0.5747395833333333 0.26435185185185184 0.0109375 0.01574074074074074
0 0.5049479166666667 0.2722222222222222 0.009895833333333333 0.016666666666666666
0 0.5114583333333333 0.2574074074074074 0.009375 0.016666666666666666
0 0.5005208333333333 0.2513888888888889 0.009375 0.013888888888888888
0 0.4973958333333333 0.24351851851851852 0.008333333333333333 0.011111111111111112
0 0.49921875 0.2388888888888889 0.0078125 0.011111111111111112
0 0.496875 0.22175925925925927 0.008333333333333333 0.012037037037037037
0 0.48489583333333336 0.20787037037037037 0.007291666666666667 0.008333333333333333
3 0.475 0.20324074074074075 0.00625 0.008333333333333333
0 0.51171875 0.2162037037037037 0.0078125 0.008333333333333333
0 0.525 0.21898148148148147 0.009375 0.008333333333333333
1 0.54140625 0.22361111111111112 0.013020833333333334 0.026851851851851852
1 0.571875 0.2351851851851852 0.016666666666666666 0.020370370370370372
3 0.55546875 0.2518518518518518 0.009895833333333333 0.018518518518518517
1 0.5395833333333333 0.2518518518518518 0.010416666666666666 0.018518518518518517
0 0.5494791666666666 0.24583333333333332 0.008333333333333333 0.012037037037037037
0 0.5526041666666667 0.24305555555555555 0.007291666666666667 0.010185185185185186
0 0.5361979166666667 0.24722222222222223 0.0078125 0.011111111111111112
3 0.5348958333333333 0.24027777777777778 0.007291666666666667 0.013888888888888888
0 0.5296875 0.23935185185185184 0.007291666666666667 0.012037037037037037
0 0.5244791666666667 0.23148148148148148 0.007291666666666667 0.012962962962962963
0 0.5192708333333333 0.2300925925925926 0.00625 0.012037037037037037
0 0.5276041666666667 0.22777777777777777 0.009375 0.009259259259259259
