0 0.7776041666666667 0.9518518518518518 0.08645833333333333 0.0962962962962963
1 0.784375 0.662962962962963 0.0875 0.10740740740740741
1 0.5958333333333333 0.5092592592592593 0.12083333333333333 0.16666666666666666
0 0.440625 0.41759259259259257 0.025 0.03888888888888889
1 0.421875 0.24814814814814815 0.04375 0.07407407407407407
1 0.40208333333333335 0.20555555555555555 0.022916666666666665 0.02962962962962963
0 0.31197916666666664 0.25 0.015625 0.025925925925925925
0 0.32708333333333334 0.20555555555555555 0.010416666666666666 0.018518518518518517
0 0.36666666666666664 0.1638888888888889 0.0125 0.012962962962962963
0 0.32864583333333336 0.11944444444444445 0.009375 0.012962962962962963
0 0.309375 0.08796296296296297 0.010416666666666666 0.020370370370370372
0 0.25104166666666666 0.040740740740740744 0.00625 0.011111111111111112
0 0.278125 0.06574074074074074 0.00625 0.009259259259259259
0 0.29322916666666665 0.08888888888888889 0.007291666666666667 0.011111111111111112
0 0.2942708333333333 0.10462962962962963 0.009375 0.012962962962962963
