0 0.045588235294117645 0.8751633986928105 0.09117647058823529 0.17647058823529413
0 0.1036764705882353 0.6862745098039216 0.075 0.16209150326797386
3 0.14816176470588235 0.4980392156862745 0.05955882352941176 0.1411764705882353
0 0.18345588235294116 0.4 0.04779411764705882 0.09673202614379085
0 0.21029411764705883 0.2980392156862745 0.041176470588235294 0.07320261437908497
0 0.23713235294117646 0.016339869281045753 0.02426470588235294 0.032679738562091505
0 0.24411764705882352 0.11045751633986928 0.027941176470588237 0.048366013071895426
0 0.31691176470588234 0.03202614379084967 0.020588235294117647 0.03790849673202614
0 0.45625 0.034640522875816995 0.015441176470588236 0.02483660130718954
0 0.4540441176470588 0.06143790849673202 0.01838235294117647 0.03137254901960784
3 0.4551470588235294 0.09084967320261438 0.04411764705882353 0.0457516339869281
3 0.4886029411764706 0.11241830065359477 0.04338235294117647 0.044444444444444446
3 0.48051470588235295 0.15163398692810456 0.022794117647058822 0.054901960784313725
3 0.4970588235294118 0.22941176470588234 0.026470588235294117 0.05620915032679739
1 0.5165441176470589 0.0542483660130719 0.10661764705882353 0.09281045751633987
0 0.5220588235294118 0.32745098039215687 0.039705882352941174 0.06928104575163399
0 0.5430147058823529 0.4372549019607843 0.05220588235294118 0.09542483660130718
0 0.5672794117647059 0.5470588235294118 0.05661764705882353 0.11372549019607843
0 0.5930147058823529 0.6718954248366014 0.06544117647058824 0.1437908496732026
0 0.6698529411764705 0.9588235294117647 0.06764705882352941 0.08235294117647059
0 0.6330882352941176 0.4130718954248366 0.07941176470588235 0.0784313725490196
0 0.6547794117647059 0.06405228758169934 0.04338235294117647 0.02875816993464052
1 0.6816176470588236 0.07647058823529412 0.07647058823529412 0.06928104575163399
0 0.6724264705882353 0.12483660130718954 0.05661764705882353 0.043137254901960784
0 0.7169117647058824 0.1718954248366013 0.07205882352941176 0.048366013071895426
0 0.7555147058823529 0.265359477124183 0.08014705882352942 0.06013071895424837
0 0.7827205882352941 0.38758169934640524 0.05955882352941176 0.09803921568627451
0 0.8459558823529412 0.40588235294117647 0.07279411764705883 0.11372549019607843
