0 0.18676470588235294 0.9065359477124183 0.1676470588235294 0.09803921568627451
0 0.5231617647058824 0.9411764705882353 0.05661764705882353 0.11764705882352941
0 0.6433823529411765 0.9104575163398693 0.052941176470588235 0.14248366013071895
0 0.7246323529411764 0.7915032679738562 0.09779411764705882 0.10326797385620914
0 0.6930147058823529 0.7084967320261438 0.09338235294117647 0.08104575163398693
3 0.44338235294117645 0.7045751633986929 0.04411764705882353 0.14640522875816994
0 0.5213235294117647 0.6483660130718955 0.039705882352941174 0.08627450980392157
3 0.6128676470588236 0.6385620915032679 0.04338235294117647 0.08758169934640522
0 0.66875 0.4777777777777778 0.05955882352941176 0.07712418300653595
0 0.4786764705882353 0.4745098039215686 0.03235294117647059 0.07581699346405228
1 0.4099264705882353 0.42810457516339867 0.05367647058823529 0.11372549019607843
0 0.46911764705882353 0.40980392156862744 0.025 0.050980392156862744
0 0.4849264705882353 0.36470588235294116 0.02426470588235294 0.047058823529411764
0 0.38088235294117645 0.31241830065359477 0.054411764705882354 0.03398692810457516
0 0.3816176470588235 0.330718954248366 0.05588235294117647 0.03137254901960784
0 0.3654411764705882 0.36666666666666664 0.060294117647058824 0.03790849673202614
3 0.35294117647058826 0.38169934640522873 0.07647058823529412 0.05228758169934641
0 0.47610294117647056 0.3 0.01838235294117647 0.03790849673202614
0 0.43125 0.3156862745098039 0.02426470588235294 0.048366013071895426
0 0.5433823529411764 0.2568627450980392 0.020588235294117647 0.03529411764705882
0 0.4889705882352941 0.24640522875816995 0.01764705882352941 0.030065359477124184
0 0.4658088235294118 0.22679738562091503 0.013970588235294118 0.027450980392156862
0 0.4933823529411765 0.2150326797385621 0.014705882352941176 0.027450980392156862
0 0.4724264705882353 0.20588235294117646 0.015441176470588236 0.02483660130718954
0 0.4742647058823529 0.1869281045751634 0.014705882352941176 0.02091503267973856
0 0.4922794117647059 0.169281045751634 0.0125 0.02483660130718954
0 0.49264705882352944 0.18888888888888888 0.014705882352941176 0.02483660130718954
0 0.45992647058823527 0.1784313725490196 0.015441176470588236 0.027450980392156862
0 0.5213235294117647 0.09084967320261438 0.008823529411764706 0.01437908496732026
1 0.49669117647058825 0.09477124183006536 0.009558823529411765 0.0196078431372549
3 0.5040441176470588 0.0915032679738562 0.006617647058823529 0.013071895424836602
3 0.49816176470588236 0.08496732026143791 0.006617647058823529 0.01568627450980392
