0 0.45208333333333334 0.8962962962962963 0.08125 0.2074074074074074
0 0.5395833333333333 0.8935185185185185 0.08958333333333333 0.17592592592592593
0 0.6260416666666667 0.7648148148148148 0.07708333333333334 0.12222222222222222
0 0.9354166666666667 0.8018518518518518 0.07916666666666666 0.14814814814814814
0 0.43385416666666665 0.3111111111111111 0.026041666666666668 0.037037037037037035
0 0.315625 0.18055555555555555 0.016666666666666666 0.024074074074074074
0 0.34427083333333336 0.17407407407407408 0.013541666666666667 0.018518518518518517
0 0.3494791666666667 0.3962962962962963 0.040625 0.05555555555555555
0 0.44427083333333334 0.3435185185185185 0.030208333333333334 0.046296296296296294
0 0.3177083333333333 0.2074074074074074 0.01875 0.022222222222222223
0 0.3385416666666667 0.18703703703703703 0.014583333333333334 0.022222222222222223
0 0.49270833333333336 0.3388888888888889 0.041666666666666664 0.04814814814814815
3 0.8583333333333333 0.8074074074074075 0.06875 0.13703703703703704
3 0.5947916666666667 0.512962962962963 0.05416666666666667 0.05555555555555555
0 0.559375 0.47962962962962963 0.0375 0.05185185185185185
0 0.3567708333333333 0.13518518518518519 0.019791666666666666 0.018518518518518517
0 0.3416666666666667 0.11666666666666667 0.010416666666666666 0.014814814814814815
