1 0.0984375 0.8240740740740741 0.10104166666666667 0.2222222222222222
0 0.3104166666666667 0.737037037037037 0.04375 0.14444444444444443
0 0.3880208333333333 0.9157407407407407 0.05520833333333333 0.1685185185185185
0 0.30572916666666666 0.9685185185185186 0.053125 0.06296296296296296
0 0.5552083333333333 0.7787037037037037 0.04583333333333333 0.1537037037037037
3 0.1828125 0.7888888888888889 0.042708333333333334 0.1037037037037037
0 0.21145833333333333 0.7 0.09583333333333334 0.07777777777777778
1 0.6890625 0.787962962962963 0.13229166666666667 0.09444444444444444
3 0.8276041666666667 0.7037037037037037 0.06145833333333333 0.14444444444444443
0 0.5546875 0.6305555555555555 0.040625 0.10925925925925926
0 0.5385416666666667 0.4925925925925926 0.03125 0.07407407407407407
0 0.6182291666666667 0.5351851851851852 0.078125 0.06296296296296296
0 0.3463541666666667 0.5157407407407407 0.042708333333333334 0.09814814814814815
0 0.19739583333333333 0.6203703703703703 0.09270833333333334 0.10740740740740741
0 0.5421875 0.4074074074074074 0.026041666666666668 0.06296296296296296
0 0.4869791666666667 0.3435185185185185 0.026041666666666668 0.05740740740740741
0 0.4270833333333333 0.35185185185185186 0.03125 0.06296296296296296
0 0.28541666666666665 0.4 0.04375 0.08148148148148149
0 0.2947916666666667 0.32222222222222224 0.0375 0.06666666666666667
0 0.4005208333333333 0.25 0.026041666666666668 0.05555555555555555
0 0.6052083333333333 0.46574074074074073 0.07083333333333333 0.05740740740740741
3 0.6020833333333333 0.4 0.052083333333333336 0.05555555555555555
0 0.60625 0.35833333333333334 0.06041666666666667 0.046296296296296294
0 0.703125 0.325 0.03333333333333333 0.06111111111111111
0 0.7161458333333334 0.2824074074074074 0.053125 0.053703703703703705
0 0.7572916666666667 0.22037037037037038 0.04791666666666667 0.03333333333333333
0 0.5755208333333334 0.17037037037037037 0.03854166666666667 0.03333333333333333
0 0.5838541666666667 0.15462962962962962 0.03854166666666667 0.03148148148148148
0 0.565625 0.11944444444444445 0.0375 0.027777777777777776
0 0.5609375 0.0962962962962963 0.03229166666666667 0.025925925925925925
0 0.26458333333333334 0.24166666666666667 0.05416666666666667 0.03888888888888889
3 0.26875 0.2564814814814815 0.04583333333333333 0.046296296296296294
0 0.3453125 0.18518518518518517 0.026041666666666668 0.044444444444444446
0 0.365625 0.12962962962962962 0.022916666666666665 0.040740740740740744
0 0.42135416666666664 0.11018518518518519 0.019791666666666666 0.03518518518518519
0 0.5286458333333334 0.12962962962962962 0.017708333333333333 0.03333333333333333
0 0.33645833333333336 0.11666666666666667 0.025 0.037037037037037035
0 0.3125 0.11481481481481481 0.03333333333333333 0.037037037037037035
3 0.5921875 0.03148148148148148 0.03229166666666667 0.02962962962962963
0 0.3875 0.06759259259259259 0.020833333333333332 0.027777777777777776
0 0.33177083333333335 0.05648148148148148 0.017708333333333333 0.027777777777777776
0 0.29375 0.08611111111111111 0.029166666666666667 0.027777777777777776
3 0.3671875 0.023148148148148147 0.021875 0.03148148148148148
0 0.3770833333333333 0.016666666666666666 0.029166666666666667 0.022222222222222223
