0 0.21979166666666666 0.9592592592592593 0.08541666666666667 0.08148148148148149
0 0.23385416666666667 0.8898148148148148 0.059375 0.09814814814814815
0 0.2875 0.7787037037037037 0.04583333333333333 0.08703703703703704
0 0.3859375 0.7842592592592592 0.036458333333333336 0.09444444444444444
0 0.40677083333333336 0.47685185185185186 0.013541666666666667 0.027777777777777776
0 0.40520833333333334 0.5925925925925926 0.025 0.04814814814814815
0 0.42916666666666664 0.4962962962962963 0.01875 0.03333333333333333
0 0.4390625 0.45 0.013541666666666667 0.02962962962962963
0 0.4578125 0.3990740740740741 0.011458333333333333 0.016666666666666666
1 0.44375 0.3907407407407407 0.010416666666666666 0.025925925925925925
3 0.4296875 0.37962962962962965 0.013541666666666667 0.018518518518518517
0 0.5322916666666667 0.5675925925925925 0.022916666666666665 0.03888888888888889
0 0.5833333333333334 0.39444444444444443 0.022916666666666665 0.014814814814814815
0 0.54375 0.39351851851851855 0.022916666666666665 0.016666666666666666
0 0.528125 0.3861111111111111 0.01875 0.012962962962962963
3 0.5145833333333333 0.3888888888888889 0.020833333333333332 0.018518518518518517
0 0.4901041666666667 0.3861111111111111 0.019791666666666666 0.012962962962962963
0 0.5026041666666666 0.40185185185185185 0.011458333333333333 0.018518518518518517
0 0.4953125 0.39166666666666666 0.007291666666666667 0.012962962962962963
