0 0.029411764705882353 0.6830065359477124 0.058823529411764705 0.10326797385620914
0 0.13970588235294118 0.515686274509804 0.039705882352941174 0.050980392156862744
0 0.20183823529411765 0.4241830065359477 0.03455882352941177 0.05359477124183006
0 0.23933823529411766 0.36666666666666664 0.04779411764705882 0.03529411764705882
0 0.2426470588235294 0.3464052287581699 0.022058823529411766 0.0392156862745098
3 0.27647058823529413 0.3084967320261438 0.023529411764705882 0.04183006535947712
3 0.2849264705882353 0.2934640522875817 0.016911764705882352 0.03790849673202614
0 0.3558823529411765 0.29411764705882354 0.020588235294117647 0.02875816993464052
0 0.37941176470588234 0.2326797385620915 0.013235294117647059 0.02091503267973856
0 0.27794117647058825 0.21895424836601307 0.016176470588235296 0.0196078431372549
0 0.3224264705882353 0.238562091503268 0.01838235294117647 0.02483660130718954
0 0.33051470588235293 0.22026143790849673 0.013970588235294118 0.022222222222222223
0 0.35625 0.18627450980392157 0.013970588235294118 0.0196078431372549
1 0.3922794117647059 0.1954248366013072 0.01838235294117647 0.040522875816993466
0 0.33125 0.1542483660130719 0.0125 0.01568627450980392
1 0.37058823529411766 0.14313725490196078 0.039705882352941174 0.02483660130718954
0 0.3911764705882353 0.14313725490196078 0.01764705882352941 0.01437908496732026
0 0.34963235294117645 0.13856209150326798 0.019852941176470587 0.013071895424836602
0 0.3588235294117647 0.12352941176470589 0.008823529411764706 0.011764705882352941
0 0.3897058823529412 0.12026143790849673 0.007352941176470588 0.01045751633986928
3 0.3816176470588235 0.09803921568627451 0.0058823529411764705 0.01045751633986928
0 0.48676470588235293 0.08169934640522876 0.004411764705882353 0.009150326797385621
0 0.49080882352941174 0.08888888888888889 0.005147058823529412 0.00784313725490196
0 0.48713235294117646 0.10326797385620914 0.005147058823529412 0.00784313725490196
0 0.48676470588235293 0.09738562091503268 0.004411764705882353 0.009150326797385621
0 0.5066176470588235 0.11372549019607843 0.0058823529411764705 0.01045751633986928
0 0.4636029411764706 0.07908496732026143 0.005147058823529412 0.006535947712418301
3 0.46875 0.12026143790849673 0.006617647058823529 0.013071895424836602
0 0.46948529411764706 0.09215686274509804 0.005147058823529412 0.009150326797385621
0 0.4753676470588235 0.09477124183006536 0.005147058823529412 0.009150326797385621
0 0.47610294117647056 0.10784313725490197 0.005147058823529412 0.009150326797385621
0 0.4863970588235294 0.12156862745098039 0.005147058823529412 0.01045751633986928
3 0.4764705882352941 0.15098039215686274 0.008823529411764706 0.01699346405228758
0 0.4808823529411765 0.1588235294117647 0.010294117647058823 0.01437908496732026
3 0.48933823529411763 0.14836601307189543 0.006617647058823529 0.01437908496732026
0 0.49264705882352944 0.15751633986928104 0.008823529411764706 0.011764705882352941
1 0.5110294117647058 0.13071895424836602 0.008823529411764706 0.02091503267973856
0 0.5136029411764705 0.14313725490196078 0.008088235294117648 0.011764705882352941
3 0.5154411764705882 0.16143790849673204 0.007352941176470588 0.01699346405228758
0 0.5205882352941177 0.17777777777777778 0.008823529411764706 0.018300653594771243
0 0.5253676470588236 0.1830065359477124 0.0125 0.018300653594771243
0 0.5194852941176471 0.2601307189542484 0.013970588235294118 0.02091503267973856
0 0.5091911764705882 0.31176470588235294 0.016911764705882352 0.027450980392156862
0 0.4415441176470588 0.20588235294117646 0.011029411764705883 0.0196078431372549
0 0.4455882352941177 0.19215686274509805 0.011764705882352941 0.01568627450980392
0 0.4452205882352941 0.17973856209150327 0.011029411764705883 0.01699346405228758
0 0.4455882352941177 0.17320261437908496 0.007352941176470588 0.01437908496732026
0 0.5566176470588236 0.3111111111111111 0.01764705882352941 0.026143790849673203
0 0.5503676470588236 0.28366013071895424 0.015441176470588236 0.02875816993464052
0 0.5477941176470589 0.269281045751634 0.013235294117647059 0.02091503267973856
3 0.5419117647058823 0.24509803921568626 0.011764705882352941 0.02483660130718954
0 0.5400735294117647 0.23594771241830065 0.011029411764705883 0.022222222222222223
0 0.5352941176470588 0.21830065359477124 0.013235294117647059 0.018300653594771243
0 0.5319852941176471 0.20392156862745098 0.011029411764705883 0.01568627450980392
0 0.9205882352941176 0.8405228758169935 0.08970588235294118 0.12287581699346405
0 0.9055147058823529 0.64640522875817 0.06985294117647059 0.06405228758169934
0 0.9286764705882353 0.5758169934640522 0.05588235294117647 0.08758169934640522
1 0.7878676470588235 0.5372549019607843 0.10808823529411765 0.2065359477124183
3 0.8536764705882353 0.4777777777777778 0.03823529411764706 0.06928104575163399
0 0.7650735294117647 0.3836601307189543 0.05220588235294118 0.032679738562091505
1 0.6470588235294118 0.2980392156862745 0.033823529411764704 0.06535947712418301
0 0.6047794117647058 0.2607843137254902 0.016911764705882352 0.02483660130718954
