0 0.1775735294117647 0.9464052287581699 0.16838235294117648 0.10718954248366012
0 0.19595588235294117 0.822875816993464 0.1463235294117647 0.14248366013071895
0 0.5 0.4392156862745098 0.04852941176470588 0.11241830065359477
0 0.7106617647058824 0.9058823529411765 0.15661764705882353 0.1437908496732026
0 0.6841911764705882 0.7816993464052288 0.14926470588235294 0.12549019607843137
0 0.6757352941176471 0.6601307189542484 0.1411764705882353 0.09934640522875816
0 0.8161764705882353 0.5771241830065359 0.06764705882352941 0.1450980392156863
0 0.88125 0.7790849673202614 0.09632352941176471 0.20130718954248367
0 0.7147058823529412 0.27320261437908494 0.07647058823529412 0.05751633986928104
0 0.5808823529411765 0.1934640522875817 0.07352941176470588 0.05751633986928104
0 0.8047794117647059 0.257516339869281 0.04044117647058824 0.07320261437908497
0 0.8628676470588236 0.24313725490196078 0.06397058823529411 0.05751633986928104
0 0.7485294117647059 0.1803921568627451 0.05 0.06013071895424837
0 0.875 0.16013071895424835 0.051470588235294115 0.06143790849673202
0 0.9404411764705882 0.2496732026143791 0.060294117647058824 0.08104575163398693
0 0.961764705882353 0.15294117647058825 0.04264705882352941 0.047058823529411764
0 0.8165441176470588 0.09411764705882353 0.04044117647058824 0.04967320261437908
0 0.8323529411764706 0.047058823529411764 0.033823529411764704 0.036601307189542485
0 0.7610294117647058 0.0784313725490196 0.030882352941176472 0.047058823529411764
0 0.7301470588235294 0.02287581699346405 0.025 0.040522875816993466
0 0.6738970588235295 0.592156862745098 0.12720588235294117 0.0915032679738562
0 0.6691176470588235 0.5274509803921569 0.11323529411764706 0.07973856209150326
0 0.6683823529411764 0.5261437908496732 0.11323529411764706 0.07973856209150326
3 0.6551470588235294 0.4300653594771242 0.08676470588235294 0.09411764705882353
0 0.9551470588235295 0.9575163398692811 0.08970588235294118 0.08235294117647059
3 0.6665441176470588 0.10326797385620914 0.025735294117647058 0.06797385620915032
3 0.7790441176470588 0.04771241830065359 0.02426470588235294 0.05359477124183006
