1 0.684375 0.687962962962963 0.09375 0.1537037037037037
1 0.6359375 0.5787037037037037 0.06666666666666667 0.1111111111111111
3 0.3924479166666667 0.549537037037037 0.033854166666666664 0.08981481481481482
0 0.47265625 0.4537037037037037 0.0265625 0.046296296296296294
1 0.53671875 0.362962962962963 0.027604166666666666 0.05925925925925926
1 0.5278645833333333 0.33564814814814814 0.022395833333333334 0.05462962962962963
1 0.5221354166666666 0.324537037037037 0.0234375 0.04537037037037037
3 0.5096354166666667 0.2986111111111111 0.0140625 0.026851851851851852
0 0.47291666666666665 0.2986111111111111 0.013541666666666667 0.019444444444444445
1 0.49192708333333335 0.2550925925925926 0.016145833333333335 0.03425925925925926
0 0.4627604166666667 0.25833333333333336 0.008854166666666666 0.012962962962962963
1 0.48463541666666665 0.2439814814814815 0.009895833333333333 0.017592592592592594
2 0.48203125 0.23472222222222222 0.0109375 0.025
1 0.48020833333333335 0.22870370370370371 0.011458333333333333 0.024074074074074074
2 0.47604166666666664 0.22083333333333333 0.009375 0.021296296296296296
0 0.22135416666666666 0.2013888888888889 0.010416666666666666 0.008333333333333333
0 0.53515625 0.27546296296296297 0.0265625 0.013888888888888888
0 0.41380208333333335 0.21712962962962962 0.0067708333333333336 0.008333333333333333
0 0.42083333333333334 0.2175925925925926 0.00625 0.009259259259259259
0 0.425 0.22407407407407406 0.010416666666666666 0.009259259259259259
0 0.453125 0.22175925925925927 0.00625 0.010185185185185186
1 0.471875 0.21388888888888888 0.007291666666666667 0.014814814814814815
0 0.45390625 0.2152777777777778 0.005729166666666666 0.008333333333333333
0 0.46197916666666666 0.20694444444444443 0.005208333333333333 0.008333333333333333
0 0.45390625 0.2050925925925926 0.0046875 0.006481481481481481
0 0.46015625 0.20416666666666666 0.0067708333333333336 0.006481481481481481
0 0.465625 0.20092592592592592 0.004166666666666667 0.005555555555555556
0 0.46458333333333335 0.19907407407407407 0.005208333333333333 0.005555555555555556
0 0.46145833333333336 0.19583333333333333 0.003125 0.004629629629629629
0 0.459375 0.19074074074074074 0.003125 0.005555555555555556
0 0.4513020833333333 0.1962962962962963 0.0046875 0.005555555555555556
