3 0.9577205882352942 0.8411764705882353 0.08455882352941177 0.11895424836601307
3 0.7176470588235294 0.46601307189542485 0.03676470588235294 0.07973856209150326
3 0.7378676470588236 0.35751633986928105 0.03308823529411765 0.06405228758169934
0 0.6779411764705883 0.361437908496732 0.045588235294117645 0.06143790849673202
0 0.5529411764705883 0.6666666666666666 0.04852941176470588 0.10457516339869281
0 0.6058823529411764 0.46339869281045754 0.04264705882352941 0.07712418300653595
0 0.5702205882352941 0.3588235294117647 0.03161764705882353 0.050980392156862744
0 0.5 0.39738562091503266 0.03235294117647059 0.06013071895424837
0 0.4878676470588235 0.31241830065359477 0.04044117647058824 0.04967320261437908
0 0.631985294117647 0.25947712418300656 0.028676470588235293 0.040522875816993466
1 0.6665441176470588 0.23202614379084968 0.05367647058823529 0.043137254901960784
0 0.6602941176470588 0.20522875816993463 0.04411764705882353 0.03137254901960784
0 0.6488970588235294 0.18169934640522875 0.04191176470588235 0.02875816993464052
3 0.6286764705882353 0.16797385620915034 0.03823529411764706 0.03790849673202614
3 0.5786764705882353 0.19019607843137254 0.01911764705882353 0.043137254901960784
2 0.08088235294117647 0.8287581699346406 0.16176470588235295 0.34248366013071896
0 0.31580882352941175 0.6660130718954248 0.05955882352941176 0.14248366013071895
0 0.11102941176470588 0.6483660130718955 0.08529411764705883 0.11764705882352941
0 0.2036764705882353 0.5261437908496732 0.052941176470588235 0.09542483660130718
0 0.21654411764705883 0.43333333333333335 0.04632352941176471 0.07450980392156863
0 0.21948529411764706 0.38496732026143793 0.07426470588235294 0.07712418300653595
0 0.16066176470588237 0.3738562091503268 0.07867647058823529 0.06274509803921569
0 0.2511029411764706 0.2725490196078431 0.05808823529411765 0.0457516339869281
0 0.29007352941176473 0.2797385620915033 0.03161764705882353 0.05228758169934641
0 0.31727941176470587 0.2908496732026144 0.028676470588235293 0.05620915032679739
0 0.3356617647058823 0.2529411764705882 0.027205882352941177 0.0457516339869281
0 0.2772058823529412 0.20522875816993463 0.04852941176470588 0.03398692810457516
0 0.28823529411764703 0.18562091503267975 0.05 0.03398692810457516
0 0.31176470588235294 0.16666666666666666 0.04411764705882353 0.027450980392156862
0 0.31213235294117647 0.1607843137254902 0.04485294117647059 0.023529411764705882
0 0.3477941176470588 0.169281045751634 0.025 0.03529411764705882
3 0.3084558823529412 0.13856209150326798 0.03455882352941177 0.036601307189542485
3 0.35110294117647056 0.13594771241830064 0.04191176470588235 0.03398692810457516
0 0.4198529411764706 0.15163398692810456 0.020588235294117647 0.036601307189542485
0 0.4202205882352941 0.10065359477124183 0.016911764705882352 0.02875816993464052
0 0.43308823529411766 0.06797385620915032 0.014705882352941176 0.026143790849673203
2 0.4441176470588235 0.01699346405228758 0.01764705882352941 0.03398692810457516
0 0.36580882352941174 0.12026143790849673 0.016911764705882352 0.026143790849673203
3 0.34338235294117647 0.09607843137254903 0.030882352941176472 0.032679738562091505
0 0.36764705882352944 0.0718954248366013 0.030882352941176472 0.02875816993464052
0 0.39044117647058824 0.06013071895424837 0.025 0.023529411764705882
0 0.3761029411764706 0.04771241830065359 0.030147058823529412 0.022222222222222223
0 0.37279411764705883 0.040522875816993466 0.03235294117647059 0.018300653594771243
0 0.3775735294117647 0.032679738562091505 0.030147058823529412 0.01568627450980392
0 0.11985294117647059 0.27647058823529413 0.033823529411764704 0.05359477124183006
0 0.6316176470588235 0.12549019607843137 0.03529411764705882 0.03137254901960784
3 0.6088235294117647 0.09934640522875816 0.03235294117647059 0.02875816993464052
0 0.6036764705882353 0.09477124183006536 0.029411764705882353 0.022222222222222223
0 0.6022058823529411 0.08954248366013072 0.03235294117647059 0.0196078431372549
3 0.6033088235294117 0.08300653594771241 0.0375 0.027450980392156862
0 0.5735294117647058 0.09934640522875816 0.01764705882352941 0.026143790849673203
0 0.5926470588235294 0.0673202614379085 0.029411764705882353 0.02483660130718954
0 0.5933823529411765 0.056862745098039215 0.029411764705882353 0.0196078431372549
0 0.5823529411764706 0.05163398692810457 0.020588235294117647 0.02483660130718954
3 0.5099264705882353 0.043137254901960784 0.0125 0.023529411764705882
0 0.4933823529411765 0.018300653594771243 0.011764705882352941 0.018300653594771243
3 0.5220588235294118 0.01045751633986928 0.008823529411764706 0.02091503267973856
3 0.5738970588235294 0.03202614379084967 0.013970588235294118 0.02483660130718954
