0 0.30052083333333335 0.45740740740740743 0.028125 0.03333333333333333
0 0.34375 0.4305555555555556 0.035416666666666666 0.03518518518518519
1 0.4953125 0.42314814814814816 0.090625 0.10925925925925926
1 0.5385416666666667 0.35833333333333334 0.07291666666666667 0.08333333333333333
0 0.4661458333333333 0.30648148148148147 0.023958333333333335 0.027777777777777776
3 0.5026041666666666 0.3055555555555556 0.023958333333333335 0.03333333333333333
0 0.49322916666666666 0.29259259259259257 0.021875 0.022222222222222223
3 0.5953125 0.23703703703703705 0.017708333333333333 0.022222222222222223
0 0.55 0.2611111111111111 0.014583333333333334 0.018518518518518517
0 0.5958333333333333 0.24722222222222223 0.016666666666666666 0.016666666666666666
0 0.584375 0.3648148148148148 0.025 0.025925925925925925
0 0.603125 0.3731481481481482 0.022916666666666665 0.027777777777777776
0 0.6083333333333333 0.31851851851851853 0.020833333333333332 0.022222222222222223
0 0.6369791666666667 0.3175925925925926 0.019791666666666666 0.020370370370370372
0 0.6135416666666667 0.337037037037037 0.020833333333333332 0.022222222222222223
0 0.6526041666666667 0.3287037037037037 0.021875 0.024074074074074074
1 0.6286458333333333 0.34814814814814815 0.028125 0.03333333333333333
1 0.859375 0.15092592592592594 0.014583333333333334 0.020370370370370372
1 0.8958333333333334 0.13796296296296295 0.025 0.024074074074074074
0 0.7963541666666667 0.18055555555555555 0.013541666666666667 0.016666666666666666
0 0.740625 0.21574074074074073 0.014583333333333334 0.016666666666666666
0 0.725 0.21388888888888888 0.0125 0.012962962962962963
0 0.7348958333333333 0.2064814814814815 0.011458333333333333 0.016666666666666666
3 0.8369791666666667 0.3175925925925926 0.019791666666666666 0.03518518518518519
0 0.8484375 0.22685185185185186 0.013541666666666667 0.016666666666666666
