1 0.39080882352941176 0.21633986928104576 0.011029411764705883 0.01699346405228758
3 0.36433823529411763 0.28366013071895424 0.013970588235294118 0.026143790849673203
0 0.3889705882352941 0.32483660130718955 0.01764705882352941 0.027450980392156862
3 0.3422794117647059 0.39738562091503266 0.025735294117647058 0.047058823529411764
0 0.34301470588235294 0.3718954248366013 0.021323529411764706 0.032679738562091505
0 0.4224264705882353 0.2849673202614379 0.0125 0.023529411764705882
0 0.4172794117647059 0.27058823529411763 0.011029411764705883 0.018300653594771243
0 0.4261029411764706 0.257516339869281 0.011029411764705883 0.01568627450980392
1 0.43272058823529413 0.22483660130718955 0.008088235294117648 0.00784313725490196
0 0.4338235294117647 0.23137254901960785 0.007352941176470588 0.013071895424836602
0 0.43970588235294117 0.23921568627450981 0.008823529411764706 0.013071895424836602
3 0.44338235294117645 0.2477124183006536 0.008823529411764706 0.0196078431372549
0 0.44669117647058826 0.257516339869281 0.009558823529411765 0.01568627450980392
0 0.45036764705882354 0.2633986928104575 0.011029411764705883 0.01699346405228758
0 0.45808823529411763 0.27647058823529413 0.014705882352941176 0.0196078431372549
0 0.4636029411764706 0.2908496732026144 0.015441176470588236 0.01699346405228758
0 0.4661764705882353 0.30196078431372547 0.013235294117647059 0.018300653594771243
0 0.43566176470588236 0.3352941176470588 0.016911764705882352 0.030065359477124184
0 0.4915441176470588 0.3464052287581699 0.021323529411764706 0.03137254901960784
0 0.47794117647058826 0.2111111111111111 0.014705882352941176 0.011764705882352941
0 0.5308823529411765 0.26143790849673204 0.026470588235294117 0.018300653594771243
3 0.26029411764705884 0.2457516339869281 0.014705882352941176 0.023529411764705882
3 0.24301470588235294 0.22875816993464052 0.009558823529411765 0.018300653594771243
0 0.2452205882352941 0.2601307189542484 0.013970588235294118 0.018300653594771243
0 0.21580882352941178 0.2875816993464052 0.015441176470588236 0.018300653594771243
0 0.2051470588235294 0.2954248366013072 0.020588235294117647 0.018300653594771243
0 0.19816176470588234 0.2830065359477124 0.016911764705882352 0.0196078431372549
0 0.20036764705882354 0.3065359477124183 0.019852941176470587 0.022222222222222223
0 0.17426470588235293 0.2797385620915033 0.01764705882352941 0.02091503267973856
0 0.12683823529411764 0.3254901960784314 0.04338235294117647 0.023529411764705882
0 0.07830882352941176 0.34967320261437906 0.04926470588235294 0.030065359477124184
0 0.04007352941176471 0.3934640522875817 0.03897058823529412 0.03398692810457516
3 0.021691176470588235 0.4 0.04338235294117647 0.0392156862745098
0 0.04154411764705882 0.5215686274509804 0.05808823529411765 0.07320261437908497
0 0.075 0.4594771241830065 0.051470588235294115 0.05620915032679739
0 0.23198529411764707 0.3209150326797386 0.04191176470588235 0.022222222222222223
0 0.2323529411764706 0.33464052287581697 0.041176470588235294 0.02875816993464052
0 0.23970588235294119 0.3993464052287582 0.033823529411764704 0.040522875816993466
0 0.07757352941176471 0.6503267973856209 0.11838235294117647 0.19738562091503267
0 0.3110294117647059 0.7111111111111111 0.061764705882352944 0.1437908496732026
0 0.4007352941176471 0.657516339869281 0.04852941176470588 0.10196078431372549
0 0.39705882352941174 0.5372549019607843 0.03823529411764706 0.0784313725490196
3 0.32279411764705884 0.4934640522875817 0.04852941176470588 0.07712418300653595
0 0.34301470588235294 0.4 0.025735294117647058 0.04183006535947712
0 0.34411764705882353 0.373202614379085 0.022058823529411766 0.032679738562091505
0 0.38933823529411765 0.3254901960784314 0.019852941176470587 0.03137254901960784
0 0.3220588235294118 0.1869281045751634 0.008823529411764706 0.01045751633986928
0 0.31838235294117645 0.1895424836601307 0.008823529411764706 0.01045751633986928
0 0.31433823529411764 0.19281045751633988 0.011029411764705883 0.011764705882352941
3 0.2676470588235294 0.21372549019607842 0.013235294117647059 0.01437908496732026
3 0.2426470588235294 0.2281045751633987 0.010294117647058823 0.01699346405228758
3 0.2595588235294118 0.2457516339869281 0.014705882352941176 0.023529411764705882
0 0.2452205882352941 0.25882352941176473 0.013970588235294118 0.01568627450980392
0 0.21654411764705883 0.2849673202614379 0.01838235294117647 0.018300653594771243
0 0.3382352941176471 0.21568627450980393 0.0058823529411764705 0.01045751633986928
0 0.3327205882352941 0.22549019607843138 0.006617647058823529 0.011764705882352941
3 0.32794117647058824 0.23071895424836603 0.008823529411764706 0.01699346405228758
0 0.3238970588235294 0.24183006535947713 0.0125 0.01568627450980392
1 0.39080882352941176 0.21633986928104576 0.011029411764705883 0.0196078431372549
3 0.36433823529411763 0.28431372549019607 0.0125 0.027450980392156862
1 0.4227941176470588 0.2045751633986928 0.008823529411764706 0.011764705882352941
0 0.4334558823529412 0.22483660130718955 0.008088235294117648 0.013071895424836602
0 0.4338235294117647 0.23202614379084968 0.008823529411764706 0.01437908496732026
0 0.4389705882352941 0.24052287581699347 0.008823529411764706 0.01568627450980392
3 0.4441176470588235 0.24705882352941178 0.010294117647058823 0.018300653594771243
0 0.4474264705882353 0.257516339869281 0.009558823529411765 0.01568627450980392
0 0.45073529411764707 0.2633986928104575 0.010294117647058823 0.01437908496732026
0 0.45808823529411763 0.27647058823529413 0.013235294117647059 0.0196078431372549
0 0.4636029411764706 0.29150326797385623 0.013970588235294118 0.018300653594771243
0 0.4658088235294118 0.3032679738562091 0.013970588235294118 0.02091503267973856
0 0.42683823529411763 0.25620915032679736 0.009558823529411765 0.01568627450980392
0 0.4172794117647059 0.26862745098039215 0.0125 0.01699346405228758
0 0.4227941176470588 0.28431372549019607 0.013235294117647059 0.022222222222222223
0 0.43529411764705883 0.33464052287581697 0.01764705882352941 0.02875816993464052
0 0.4915441176470588 0.3464052287581699 0.022794117647058822 0.03137254901960784
0 0.45588235294117646 0.4542483660130719 0.029411764705882353 0.043137254901960784
0 0.6683823529411764 0.74640522875817 0.07794117647058824 0.09934640522875816
0 0.6272058823529412 0.6490196078431373 0.060294117647058824 0.07973856209150326
0 0.4948529411764706 0.4130718954248366 0.033823529411764704 0.036601307189542485
0 0.5110294117647058 0.39673202614379083 0.020588235294117647 0.032679738562091505
0 0.5327205882352941 0.4372549019607843 0.025735294117647058 0.040522875816993466
0 0.5341911764705882 0.2973856209150327 0.01838235294117647 0.0196078431372549
0 0.5702205882352941 0.5228758169934641 0.04044117647058824 0.054901960784313725
