0 0.7047794117647059 0.018300653594771243 0.06397058823529411 0.036601307189542485
0 0.7121323529411765 0.058823529411764705 0.07426470588235294 0.04967320261437908
0 0.7375 0.08888888888888889 0.061764705882352944 0.06535947712418301
0 0.73125 0.17058823529411765 0.08014705882352942 0.06143790849673202
3 0.7724264705882353 0.29215686274509806 0.08161764705882353 0.09542483660130718
3 0.7544117647058823 0.42483660130718953 0.09264705882352942 0.14640522875816994
1 0.7025735294117647 0.545751633986928 0.04779411764705882 0.15294117647058825
0 0.84375 0.7594771241830065 0.14044117647058824 0.14640522875816994
0 0.4452205882352941 0.015032679738562092 0.03602941176470588 0.030065359477124184
3 0.37058823529411766 0.011111111111111112 0.03529411764705882 0.022222222222222223
0 0.39595588235294116 0.03529411764705882 0.03602941176470588 0.06013071895424837
0 0.3761029411764706 0.09542483660130718 0.03897058823529412 0.06797385620915032
0 0.3724264705882353 0.9535947712418301 0.07720588235294118 0.09281045751633987
0 0.1713235294117647 0.19084967320261437 0.11176470588235295 0.07320261437908497
0 0.23933823529411766 0.1084967320261438 0.06838235294117648 0.06535947712418301
0 0.5547794117647059 0.4437908496732026 0.05367647058823529 0.13202614379084968
