0 0.16875 0.8797385620915033 0.09632352941176471 0.19084967320261437
0 0.04154411764705882 0.826797385620915 0.08308823529411764 0.16339869281045752
0 0.06360294117647058 0.7084967320261438 0.12279411764705882 0.14901960784313725
0 0.6507352941176471 0.934640522875817 0.07205882352941176 0.13071895424836602
0 0.5147058823529411 0.7124183006535948 0.052941176470588235 0.11764705882352941
0 0.5889705882352941 0.45816993464052286 0.03823529411764706 0.0718954248366013
0 0.34375 0.5117647058823529 0.04779411764705882 0.09803921568627451
0 0.46139705882352944 0.5045751633986928 0.06985294117647059 0.07581699346405228
0 0.5205882352941177 0.42810457516339867 0.03529411764705882 0.06405228758169934
0 0.5720588235294117 0.37516339869281046 0.03235294117647059 0.04967320261437908
0 0.774264705882353 0.6405228758169934 0.07647058823529412 0.12026143790849673
0 0.6882352941176471 0.42287581699346405 0.04264705882352941 0.06405228758169934
1 0.7316176470588235 0.3738562091503268 0.07352941176470588 0.05751633986928104
3 0.8727941176470588 0.9169934640522875 0.08088235294117647 0.16601307189542483
3 0.8647058823529412 0.6366013071895424 0.061764705882352944 0.11503267973856209
0 0.7191176470588235 0.3261437908496732 0.057352941176470586 0.040522875816993466
0 0.7 0.2823529411764706 0.054411764705882354 0.0392156862745098
3 0.6735294117647059 0.26143790849673204 0.05 0.047058823529411764
0 0.6709558823529411 0.19673202614379084 0.04191176470588235 0.03529411764705882
3 0.6411764705882353 0.15490196078431373 0.03676470588235294 0.032679738562091505
0 0.5985294117647059 0.15294117647058825 0.020588235294117647 0.02875816993464052
3 0.5786764705882353 0.1542483660130719 0.01764705882352941 0.0392156862745098
0 0.6378676470588235 0.1522875816993464 0.03897058823529412 0.022222222222222223
0 0.6323529411764706 0.14183006535947712 0.033823529411764704 0.027450980392156862
3 0.6327205882352941 0.13071895424836602 0.04485294117647059 0.02875816993464052
0 0.5349264705882353 0.18888888888888888 0.02426470588235294 0.03790849673202614
0 0.5334558823529412 0.1522875816993464 0.016911764705882352 0.030065359477124184
0 0.6191176470588236 0.10522875816993464 0.033823529411764704 0.02483660130718954
0 0.6198529411764706 0.09542483660130718 0.033823529411764704 0.02091503267973856
3 0.6066176470588235 0.09019607843137255 0.023529411764705882 0.026143790849673203
3 0.5963235294117647 0.060784313725490195 0.016176470588235296 0.027450980392156862
0 0.6 0.028104575163398694 0.020588235294117647 0.022222222222222223
0 0.5875 0.009150326797385621 0.023529411764705882 0.018300653594771243
0 0.24485294117647058 0.4915032679738562 0.04411764705882353 0.0915032679738562
0 0.20955882352941177 0.46601307189542485 0.05 0.08235294117647059
0 0.2801470588235294 0.41633986928104577 0.04264705882352941 0.07450980392156863
0 0.1547794117647059 0.4562091503267974 0.08308823529411764 0.07581699346405228
0 0.21029411764705883 0.3261437908496732 0.06764705882352941 0.048366013071895426
0 0.2323529411764706 0.2928104575163399 0.06470588235294118 0.044444444444444446
0 0.26801470588235293 0.2568627450980392 0.05808823529411765 0.03790849673202614
0 0.31286764705882353 0.26405228758169935 0.03161764705882353 0.047058823529411764
3 0.26691176470588235 0.21764705882352942 0.04411764705882353 0.043137254901960784
0 0.3235294117647059 0.2111111111111111 0.052941176470588235 0.040522875816993466
2 0.3915441176470588 0.21372549019607842 0.05514705882352941 0.1084967320261438
0 0.34375 0.1895424836601307 0.02426470588235294 0.036601307189542485
3 0.31948529411764703 0.15294117647058825 0.0375 0.036601307189542485
3 0.31066176470588236 0.13790849673202615 0.019852941176470587 0.032679738562091505
0 0.35257352941176473 0.11699346405228758 0.03602941176470588 0.032679738562091505
0 0.38125 0.09869281045751634 0.028676470588235293 0.027450980392156862
0 0.43970588235294117 0.1300653594771242 0.01911764705882353 0.03529411764705882
0 0.36580882352941174 0.0803921568627451 0.03308823529411765 0.0196078431372549
0 0.36213235294117646 0.07058823529411765 0.03308823529411765 0.02091503267973856
0 0.3720588235294118 0.06535947712418301 0.030882352941176472 0.023529411764705882
0 0.37169117647058825 0.06013071895424837 0.030147058823529412 0.02091503267973856
