0 0.05036764705882353 0.40588235294117647 0.05367647058823529 0.032679738562091505
0 0.21764705882352942 0.4241830065359477 0.057352941176470586 0.03790849673202614
0 0.4834558823529412 0.3888888888888889 0.04485294117647059 0.032679738562091505
3 0.5691176470588235 0.4261437908496732 0.03823529411764706 0.054901960784313725
0 0.6856617647058824 0.4418300653594771 0.04338235294117647 0.044444444444444446
0 0.7470588235294118 0.3673202614379085 0.020588235294117647 0.0392156862745098
0 0.8933823529411765 0.5816993464052288 0.047058823529411764 0.0784313725490196
0 0.9845588235294118 0.5764705882352941 0.030882352941176472 0.06535947712418301
0 0.9698529411764706 0.3542483660130719 0.033823529411764704 0.036601307189542485
3 0.975 0.3235294117647059 0.03676470588235294 0.03790849673202614
0 0.7419117647058824 0.23137254901960785 0.014705882352941176 0.023529411764705882
0 0.7246323529411764 0.13986928104575164 0.011029411764705883 0.013071895424836602
0 0.725735294117647 0.12352941176470589 0.010294117647058823 0.011764705882352941
0 0.7095588235294118 0.11830065359477124 0.008823529411764706 0.01437908496732026
0 0.6904411764705882 0.08823529411764706 0.007352941176470588 0.01437908496732026
0 0.7143382352941177 0.09215686274509804 0.008088235294117648 0.01437908496732026
0 0.7724264705882353 0.1450980392156863 0.011029411764705883 0.01568627450980392
0 0.8183823529411764 0.15163398692810456 0.022058823529411766 0.018300653594771243
0 0.8183823529411764 0.16601307189542483 0.022058823529411766 0.018300653594771243
0 0.8974264705882353 0.22483660130718955 0.027205882352941177 0.02091503267973856
0 0.9095588235294118 0.31895424836601305 0.027941176470588237 0.03137254901960784
0 0.8871323529411764 0.2065359477124183 0.02426470588235294 0.018300653594771243
0 0.7650735294117647 0.0915032679738562 0.019852941176470587 0.01568627450980392
0 0.20477941176470588 0.8830065359477124 0.08161764705882353 0.134640522875817
3 0.2985294117647059 0.9372549019607843 0.08088235294117647 0.12549019607843137
0 0.4091911764705882 0.969281045751634 0.04779411764705882 0.06143790849673202
0 0.5125 0.37516339869281046 0.04411764705882353 0.03398692810457516
