0 0.5533088235294118 0.37712418300653594 0.06985294117647059 0.08496732026143791
0 0.6375 0.2934640522875817 0.06911764705882353 0.08235294117647059
0 0.44926470588235295 0.17647058823529413 0.041176470588235294 0.05228758169934641
0 0.24595588235294116 0.3352941176470588 0.08014705882352942 0.07450980392156863
0 0.24227941176470588 0.7156862745098039 0.10220588235294117 0.15555555555555556
0 0.08455882352941177 0.39738562091503266 0.09852941176470588 0.07581699346405228
0 0.4455882352941177 0.7405228758169935 0.05588235294117647 0.16862745098039217
3 0.44816176470588237 0.5176470588235295 0.06691176470588235 0.16732026143790849
0 0.12867647058823528 0.5934640522875817 0.11323529411764706 0.09934640522875816
0 0.48125 0.08954248366013072 0.030147058823529412 0.048366013071895426
0 0.4338235294117647 0.07058823529411765 0.026470588235294117 0.04967320261437908
0 0.40551470588235294 0.09411764705882353 0.028676470588235293 0.054901960784313725
0 0.4 0.04967320261437908 0.020588235294117647 0.04183006535947712
0 0.4047794117647059 0.01437908496732026 0.022794117647058822 0.02875816993464052
0 0.42867647058823527 0.020261437908496733 0.023529411764705882 0.040522875816993466
0 0.7522058823529412 0.24705882352941178 0.04411764705882353 0.054901960784313725
0 0.861764705882353 0.2196078431372549 0.0661764705882353 0.06535947712418301
0 0.7661764705882353 0.16666666666666666 0.060294117647058824 0.048366013071895426
0 0.8003676470588236 0.19673202614379084 0.06544117647058824 0.05359477124183006
0 0.8330882352941177 0.15163398692810456 0.060294117647058824 0.04967320261437908
0 0.8224264705882353 0.13137254901960785 0.06102941176470588 0.040522875816993466
0 0.8852941176470588 0.11960784313725491 0.052941176470588235 0.0457516339869281
0 0.9183823529411764 0.13594771241830064 0.057352941176470586 0.04967320261437908
0 0.9602941176470589 0.10065359477124183 0.054411764705882354 0.047058823529411764
0 0.9650735294117647 0.15359477124183007 0.05514705882352941 0.058823529411764705
3 0.763235294117647 0.1326797385620915 0.05588235294117647 0.040522875816993466
0 0.5367647058823529 0.9156862745098039 0.07794117647058824 0.16862745098039217
2 0.6621323529411764 0.873202614379085 0.13455882352941176 0.25359477124183005
