1 0.8411764705882353 0.526797385620915 0.11323529411764706 0.10196078431372549
3 0.7827205882352941 0.3790849673202614 0.09926470588235294 0.08888888888888889
3 0.6904411764705882 0.3836601307189543 0.08970588235294118 0.07973856209150326
0 0.4183823529411765 0.6666666666666666 0.12794117647058822 0.11764705882352941
3 0.21691176470588236 0.24183006535947713 0.0838235294117647 0.07320261437908497
0 0.6003676470588235 0.28888888888888886 0.07573529411764705 0.07581699346405228
0 0.10808823529411765 0.11372549019607843 0.061764705882352944 0.05751633986928104
0 0.2411764705882353 0.19150326797385622 0.08235294117647059 0.0718954248366013
3 0.3650735294117647 0.1843137254901961 0.06397058823529411 0.07581699346405228
0 0.43419117647058825 0.01437908496732026 0.05808823529411765 0.02875816993464052
0 0.5808823529411765 0.1326797385620915 0.07352941176470588 0.06143790849673202
0 0.8448529411764706 0.13137254901960785 0.07352941176470588 0.050980392156862744
0 0.9235294117647059 0.16797385620915034 0.07794117647058824 0.05620915032679739
0 0.6886029411764706 0.00784313725490196 0.05220588235294118 0.01568627450980392
0 0.6330882352941176 0.01045751633986928 0.045588235294117645 0.02091503267973856
