0 0.8959558823529412 0.8320261437908497 0.15808823529411764 0.12679738562091503
0 0.6011029411764706 0.665359477124183 0.1213235294117647 0.11764705882352941
0 0.44779411764705884 0.41633986928104577 0.04852941176470588 0.1111111111111111
0 0.02463235294117647 0.46862745098039216 0.04926470588235294 0.08235294117647059
0 0.20404411764705882 0.6405228758169934 0.08014705882352942 0.16993464052287582
3 0.2761029411764706 0.6405228758169934 0.07573529411764705 0.1934640522875817
0 0.13676470588235295 0.28823529411764703 0.03529411764705882 0.0718954248366013
3 0.37426470588235294 0.2169934640522876 0.045588235294117645 0.10718954248366012
0 0.3452205882352941 0.12810457516339868 0.04338235294117647 0.07581699346405228
0 0.40036764705882355 0.11633986928104575 0.03602941176470588 0.0784313725490196
0 0.4147058823529412 0.050980392156862744 0.03235294117647059 0.06013071895424837
