0 0.4279411764705882 0.903921568627451 0.07205882352941176 0.19215686274509805
0 0.3599264705882353 0.7209150326797386 0.06691176470588235 0.12679738562091503
0 0.1827205882352941 0.6601307189542484 0.08602941176470588 0.13071895424836602
0 0.11911764705882352 0.9228758169934641 0.12205882352941176 0.1542483660130719
0 0.524264705882353 0.28823529411764703 0.025 0.050980392156862744
0 0.4672794117647059 0.26601307189542484 0.027205882352941177 0.040522875816993466
0 0.506985294117647 0.2150326797385621 0.021323529411764706 0.03529411764705882
0 0.48676470588235293 0.17647058823529413 0.020588235294117647 0.026143790849673203
0 0.5393382352941176 0.17908496732026144 0.019852941176470587 0.03137254901960784
0 0.5716911764705882 0.17254901960784313 0.016911764705882352 0.02875816993464052
3 0.5474264705882353 0.15163398692810456 0.01838235294117647 0.03398692810457516
0 0.5172794117647059 0.12941176470588237 0.013970588235294118 0.023529411764705882
0 0.49375 0.14444444444444443 0.013970588235294118 0.02483660130718954
0 0.5051470588235294 0.1 0.010294117647058823 0.022222222222222223
0 0.5981617647058823 0.307843137254902 0.025735294117647058 0.048366013071895426
0 0.60625 0.3516339869281046 0.030147058823529412 0.054901960784313725
0 0.538235294117647 0.0784313725490196 0.008823529411764706 0.01568627450980392
0 0.5227941176470589 0.07450980392156863 0.008823529411764706 0.01568627450980392
0 0.5047794117647059 0.08431372549019608 0.008088235294117648 0.01437908496732026
0 0.506985294117647 0.07254901960784314 0.009558823529411765 0.01699346405228758
0 0.5073529411764706 0.06013071895424837 0.008823529411764706 0.013071895424836602
0 0.4650735294117647 0.11895424836601307 0.015441176470588236 0.026143790849673203
0 0.47095588235294117 0.058823529411764705 0.009558823529411765 0.01568627450980392
0 0.4672794117647059 0.07516339869281045 0.009558823529411765 0.01699346405228758
0 0.46176470588235297 0.0934640522875817 0.011764705882352941 0.01699346405228758
0 0.45625 0.10130718954248366 0.011029411764705883 0.02483660130718954
0 0.4485294117647059 0.10980392156862745 0.013235294117647059 0.023529411764705882
0 0.4415441176470588 0.12483660130718954 0.013970588235294118 0.022222222222222223
0 0.4345588235294118 0.1392156862745098 0.016176470588235296 0.02483660130718954
0 0.41875 0.165359477124183 0.021323529411764706 0.03529411764705882
0 0.4099264705882353 0.22679738562091503 0.025735294117647058 0.040522875816993466
0 0.37316176470588236 0.257516339869281 0.027205882352941177 0.047058823529411764
0 0.36433823529411763 0.3542483660130719 0.0375 0.06274509803921569
0 0.32794117647058824 0.338562091503268 0.04264705882352941 0.06013071895424837
2 0.32794117647058824 0.24313725490196078 0.058823529411764705 0.11503267973856209
2 0.34301470588235294 0.1738562091503268 0.04044117647058824 0.07581699346405228
0 0.3941176470588235 0.2019607843137255 0.026470588235294117 0.043137254901960784
0 0.3926470588235294 0.16732026143790849 0.020588235294117647 0.02875816993464052
0 0.36911764705882355 0.1588235294117647 0.01911764705882353 0.030065359477124184
0 0.3779411764705882 0.14183006535947712 0.022058823529411766 0.02483660130718954
0 0.4073529411764706 0.13725490196078433 0.01764705882352941 0.02875816993464052
0 0.4183823529411765 0.12483660130718954 0.014705882352941176 0.030065359477124184
0 0.4264705882352941 0.1130718954248366 0.014705882352941176 0.027450980392156862
0 0.42867647058823527 0.10522875816993464 0.013235294117647059 0.02483660130718954
0 0.43933823529411764 0.09542483660130718 0.011029411764705883 0.023529411764705882
0 0.4400735294117647 0.08496732026143791 0.011029411764705883 0.02091503267973856
0 0.4511029411764706 0.07320261437908497 0.008088235294117648 0.018300653594771243
0 0.45441176470588235 0.06601307189542484 0.007352941176470588 0.01699346405228758
0 0.4577205882352941 0.054901960784313725 0.008088235294117648 0.01568627450980392
2 0.40036764705882355 0.1084967320261438 0.03161764705882353 0.054901960784313725
2 0.41360294117647056 0.08431372549019608 0.025735294117647058 0.043137254901960784
2 0.4338235294117647 0.05620915032679739 0.020588235294117647 0.04967320261437908
0 0.27904411764705883 0.2699346405228758 0.03455882352941177 0.050980392156862744
0 0.24558823529411763 0.31176470588235294 0.03823529411764706 0.05359477124183006
0 0.22095588235294117 0.3503267973856209 0.05220588235294118 0.05228758169934641
0 0.2566176470588235 0.37973856209150325 0.047058823529411764 0.05620915032679739
0 0.49080882352941174 0.3941176470588235 0.03602941176470588 0.06928104575163399
0 0.4441176470588235 0.3941176470588235 0.033823529411764704 0.07712418300653595
0 0.05625 0.5588235294117647 0.10808823529411765 0.10326797385620914
0 0.03897058823529412 0.8862745098039215 0.07794117647058824 0.21176470588235294
0 0.7393382352941177 0.27450980392156865 0.03602941176470588 0.05751633986928104
