3 0.6270833333333333 0.7046296296296296 0.08541666666666667 0.15
0 0.7567708333333333 0.5351851851851852 0.08229166666666667 0.04814814814814815
0 0.7484375 0.4981481481481482 0.071875 0.037037037037037035
0 0.7239583333333334 0.48333333333333334 0.04375 0.037037037037037035
0 0.5598958333333334 0.35648148148148145 0.017708333333333333 0.03148148148148148
0 0.46875 0.2564814814814815 0.010416666666666666 0.016666666666666666
0 0.4739583333333333 0.24814814814814815 0.008333333333333333 0.014814814814814815
0 0.4796875 0.2351851851851852 0.009375 0.014814814814814815
0 0.47760416666666666 0.2222222222222222 0.009375 0.014814814814814815
0 0.44427083333333334 0.27314814814814814 0.013541666666666667 0.024074074074074074
3 0.45208333333333334 0.25277777777777777 0.014583333333333334 0.024074074074074074
0 0.3796875 0.2712962962962963 0.017708333333333333 0.020370370370370372
2 0.4791666666666667 0.1935185185185185 0.008333333333333333 0.020370370370370372
2 0.5026041666666666 0.1685185185185185 0.005208333333333333 0.014814814814814815
3 0.5010416666666667 0.24722222222222223 0.0125 0.027777777777777776
