0 0.7911764705882353 0.6150326797385621 0.051470588235294115 0.08235294117647059
0 0.7540441176470588 0.49411764705882355 0.06102941176470588 0.044444444444444446
3 0.6970588235294117 0.5575163398692811 0.027941176470588237 0.08235294117647059
0 0.6731617647058824 0.4176470588235294 0.02426470588235294 0.048366013071895426
0 0.6488970588235294 0.3156862745098039 0.019852941176470587 0.048366013071895426
3 0.6621323529411764 0.27908496732026145 0.02426470588235294 0.058823529411764705
0 0.65625 0.24705882352941178 0.016911764705882352 0.02875816993464052
0 0.6356617647058823 0.2496732026143791 0.016911764705882352 0.03137254901960784
0 0.6301470588235294 0.2169934640522876 0.016176470588235296 0.02875816993464052
0 0.649264705882353 0.21633986928104576 0.016176470588235296 0.03529411764705882
0 0.6213235294117647 0.17058823529411765 0.01764705882352941 0.032679738562091505
0 0.6404411764705882 0.1718954248366013 0.01764705882352941 0.02483660130718954
0 0.6602941176470588 0.17254901960784313 0.014705882352941176 0.02875816993464052
0 0.6352941176470588 0.14444444444444443 0.013235294117647059 0.02483660130718954
0 0.6393382352941176 0.09542483660130718 0.016911764705882352 0.026143790849673203
0 0.6610294117647059 0.14967320261437908 0.029411764705882353 0.032679738562091505
0 0.6566176470588235 0.12745098039215685 0.01764705882352941 0.022222222222222223
1 0.5547794117647059 0.018300653594771243 0.015441176470588236 0.036601307189542485
1 0.5588235294117647 0.06274509803921569 0.014705882352941176 0.04183006535947712
0 0.4863970588235294 0.00849673202614379 0.009558823529411765 0.01699346405228758
0 0.48823529411764705 0.047058823529411764 0.010294117647058823 0.02091503267973856
1 0.5106617647058823 0.09607843137254903 0.01838235294117647 0.08496732026143791
0 0.4768382352941177 0.07647058823529412 0.0125 0.022222222222222223
1 0.5625 0.1287581699346405 0.01911764705882353 0.0457516339869281
0 0.5658088235294118 0.16209150326797386 0.013970588235294118 0.026143790849673203
1 0.4636029411764706 0.17712418300653596 0.01838235294117647 0.058823529411764705
0 0.5669117647058823 0.2084967320261438 0.016176470588235296 0.030065359477124184
0 0.45845588235294116 0.24248366013071895 0.01838235294117647 0.032679738562091505
0 0.4522058823529412 0.2803921568627451 0.01764705882352941 0.040522875816993466
3 0.4411764705882353 0.3241830065359477 0.030882352941176472 0.054901960784313725
0 0.5735294117647058 0.2627450980392157 0.01764705882352941 0.03137254901960784
0 0.5746323529411764 0.2973856209150327 0.016911764705882352 0.032679738562091505
1 0.5797794117647059 0.3477124183006536 0.02426470588235294 0.07320261437908497
0 0.5540441176470589 0.34705882352941175 0.01838235294117647 0.03790849673202614
0 0.5860294117647059 0.41830065359477125 0.023529411764705882 0.047058823529411764
0 0.5268382352941177 0.39281045751633986 0.021323529411764706 0.0457516339869281
0 0.4985294117647059 0.4830065359477124 0.023529411764705882 0.06143790849673202
0 0.5360294117647059 0.530718954248366 0.023529411764705882 0.054901960784313725
0 0.5889705882352941 0.5535947712418301 0.03235294117647059 0.06405228758169934
1 0.4128676470588235 0.5281045751633987 0.0713235294117647 0.10980392156862745
0 0.4889705882352941 0.6313725490196078 0.026470588235294117 0.08104575163398693
0 0.5514705882352942 0.6901960784313725 0.027941176470588237 0.07581699346405228
0 0.6066176470588235 0.6516339869281046 0.029411764705882353 0.07450980392156863
0 0.6169117647058824 0.7830065359477124 0.03529411764705882 0.09673202614379085
0 0.4834558823529412 0.8392156862745098 0.03455882352941177 0.11503267973856209
0 0.41066176470588234 0.7483660130718954 0.03455882352941177 0.1111111111111111
0 0.42426470588235293 0.7941176470588235 0.011764705882352941 0.0457516339869281
0 0.3871323529411765 0.8718954248366013 0.03602941176470588 0.11503267973856209
0 0.5253676470588236 0.9333333333333333 0.0375 0.12287581699346405
0 0.5794117647058824 0.9647058823529412 0.03823529411764706 0.07058823529411765
0 0.32132352941176473 0.9444444444444444 0.04411764705882353 0.1111111111111111
0 0.37573529411764706 0.7026143790849673 0.03235294117647059 0.08235294117647059
0 0.30514705882352944 0.5660130718954248 0.033823529411764704 0.0915032679738562
0 0.01911764705882353 0.4169934640522876 0.03823529411764706 0.036601307189542485
1 0.08455882352941177 0.41241830065359475 0.07941176470588235 0.05620915032679739
0 0.175 0.4137254901960784 0.051470588235294115 0.043137254901960784
3 0.3400735294117647 0.045098039215686274 0.016911764705882352 0.022222222222222223
0 0.4290441176470588 0.0392156862745098 0.019852941176470587 0.02091503267973856
0 0.38823529411764707 0.18562091503267975 0.01764705882352941 0.03137254901960784
0 0.38125 0.21437908496732025 0.01838235294117647 0.03137254901960784
0 0.4033088235294118 0.30130718954248364 0.019852941176470587 0.040522875816993466
3 0.3654411764705882 0.2823529411764706 0.016176470588235296 0.044444444444444446
1 0.3573529411764706 0.4013071895424837 0.07647058823529412 0.05228758169934641
1 0.35625 0.3686274509803922 0.06838235294117648 0.044444444444444446
1 0.2783088235294118 0.40522875816993464 0.07867647058823529 0.05228758169934641
0 0.2621323529411765 0.5620915032679739 0.03897058823529412 0.0784313725490196
0 0.15 0.5045751633986928 0.061764705882352944 0.03398692810457516
