0 0.975 0.5686274509803921 0.05 0.06013071895424837
0 0.9808823529411764 0.5006535947712418 0.03823529411764706 0.047058823529411764
0 0.7654411764705882 0.4522875816993464 0.06470588235294118 0.05751633986928104
0 0.6727941176470589 0.4895424836601307 0.06470588235294118 0.05620915032679739
3 0.5345588235294118 0.6339869281045751 0.07058823529411765 0.07058823529411765
0 0.3272058823529412 0.5928104575163399 0.075 0.06143790849673202
2 0.4360294117647059 0.5215686274509804 0.12794117647058822 0.10457516339869281
3 0.19779411764705881 0.49411764705882355 0.08529411764705883 0.07058823529411765
0 0.030882352941176472 0.4620915032679739 0.061764705882352944 0.05620915032679739
0 0.9080882352941176 0.016339869281045753 0.039705882352941174 0.032679738562091505
0 0.9492647058823529 0.09738562091503268 0.052941176470588235 0.043137254901960784
0 0.9830882352941176 0.15294117647058825 0.033823529411764704 0.06535947712418301
0 0.9588235294117647 0.13137254901960785 0.039705882352941174 0.048366013071895426
0 0.7158088235294118 0.09934640522875816 0.02426470588235294 0.06797385620915032
0 0.19301470588235295 0.30196078431372547 0.03308823529411765 0.047058823529411764
0 0.05808823529411765 0.10326797385620914 0.03529411764705882 0.06535947712418301
3 0.09264705882352942 0.07581699346405228 0.026470588235294117 0.07320261437908497
0 0.28088235294117647 0.21437908496732025 0.054411764705882354 0.05228758169934641
0 0.21764705882352942 0.1954248366013072 0.054411764705882354 0.048366013071895426
0 0.33345588235294116 0.1980392156862745 0.05514705882352941 0.05359477124183006
0 0.37426470588235294 0.17973856209150327 0.052941176470588235 0.050980392156862744
0 0.4455882352941177 0.13856209150326798 0.04264705882352941 0.054901960784313725
0 0.3522058823529412 0.08562091503267974 0.007352941176470588 0.02483660130718954
0 0.3698529411764706 0.08300653594771241 0.011764705882352941 0.02483660130718954
0 0.37941176470588234 0.07712418300653595 0.007352941176470588 0.026143790849673203
0 0.3886029411764706 0.07450980392156863 0.009558823529411765 0.026143790849673203
0 0.3952205882352941 0.07124183006535947 0.009558823529411765 0.027450980392156862
0 0.4022058823529412 0.06274509803921569 0.010294117647058823 0.03137254901960784
