0 0.4345588235294118 0.9516339869281045 0.07058823529411765 0.09673202614379085
3 0.8176470588235294 0.8477124183006536 0.08823529411764706 0.17647058823529413
0 0.7738970588235294 0.7398692810457517 0.07279411764705883 0.09673202614379085
0 0.7264705882352941 0.6450980392156863 0.075 0.08235294117647059
0 0.7154411764705882 0.5718954248366013 0.075 0.07712418300653595
0 0.6886029411764706 0.46601307189542485 0.0713235294117647 0.050980392156862744
0 0.6654411764705882 0.3915032679738562 0.04411764705882353 0.043137254901960784
0 0.61875 0.3803921568627451 0.027205882352941177 0.03398692810457516
0 0.5507352941176471 0.5313725490196078 0.033823529411764704 0.06143790849673202
0 0.49117647058823527 0.5209150326797386 0.039705882352941174 0.058823529411764705
0 0.6040441176470588 0.3464052287581699 0.01838235294117647 0.02875816993464052
0 0.6055147058823529 0.1738562091503268 0.0125 0.013071895424836602
0 0.6165441176470589 0.1758169934640523 0.011029411764705883 0.009150326797385621
0 0.5933823529411765 0.17124183006535948 0.014705882352941176 0.013071895424836602
0 0.56875 0.257516339869281 0.013970588235294118 0.02091503267973856
0 0.5860294117647059 0.2751633986928105 0.029411764705882353 0.02483660130718954
0 0.5878676470588236 0.307843137254902 0.021323529411764706 0.02483660130718954
0 0.48455882352941176 0.15359477124183007 0.007352941176470588 0.009150326797385621
0 0.5022058823529412 0.2130718954248366 0.010294117647058823 0.01568627450980392
0 0.5007352941176471 0.20392156862745098 0.010294117647058823 0.01568627450980392
0 0.48198529411764707 0.24640522875816995 0.0125 0.0196078431372549
0 0.48198529411764707 0.23594771241830065 0.0125 0.01699346405228758
0 0.4783088235294118 0.23137254901960785 0.009558823529411765 0.01568627450980392
0 0.4827205882352941 0.21830065359477124 0.0125 0.018300653594771243
0 0.48308823529411765 0.2084967320261438 0.011764705882352941 0.01699346405228758
0 0.48051470588235295 0.20326797385620915 0.011029411764705883 0.0196078431372549
0 0.45698529411764705 0.1934640522875817 0.013970588235294118 0.013071895424836602
0 0.4514705882352941 0.238562091503268 0.013235294117647059 0.0196078431372549
0 0.44227941176470587 0.2973856209150327 0.016911764705882352 0.030065359477124184
0 0.4988970588235294 0.33986928104575165 0.019852941176470587 0.02875816993464052
3 0.3790441176470588 0.4849673202614379 0.03308823529411765 0.0784313725490196
0 0.3639705882352941 0.36470588235294116 0.026470588235294117 0.044444444444444446
0 0.30330882352941174 0.49607843137254903 0.05661764705882353 0.06666666666666667
0 0.03419117647058824 0.5424836601307189 0.06838235294117648 0.05751633986928104
0 0.12169117647058823 0.5718954248366013 0.06102941176470588 0.07973856209150326
0 0.1738970588235294 0.4673202614379085 0.04191176470588235 0.05620915032679739
0 0.22463235294117648 0.43071895424836604 0.03897058823529412 0.05359477124183006
0 0.24705882352941178 0.39869281045751637 0.029411764705882353 0.044444444444444446
0 0.27389705882352944 0.3627450980392157 0.030147058823529412 0.032679738562091505
0 0.29007352941176473 0.33986928104575165 0.02426470588235294 0.03398692810457516
0 0.24816176470588236 0.33464052287581697 0.04485294117647059 0.03137254901960784
0 0.2746323529411765 0.3254901960784314 0.028676470588235293 0.02875816993464052
0 0.27058823529411763 0.3032679738562091 0.041176470588235294 0.02875816993464052
0 0.3073529411764706 0.30196078431372547 0.03676470588235294 0.02875816993464052
0 0.3154411764705882 0.2875816993464052 0.039705882352941174 0.023529411764705882
0 0.4235294117647059 0.22745098039215686 0.013235294117647059 0.023529411764705882
2 0.425 0.2065359477124183 0.022058823529411766 0.036601307189542485
0 0.4375 0.20915032679738563 0.013235294117647059 0.02091503267973856
