0 0.609375 0.6583333333333333 0.06875 0.05740740740740741
0 0.5895833333333333 0.7898148148148149 0.08125 0.07222222222222222
0 0.6140625 0.9435185185185185 0.09895833333333333 0.08703703703703704
0 0.9494791666666667 0.6037037037037037 0.06145833333333333 0.044444444444444446
0 0.9791666666666666 0.6638888888888889 0.041666666666666664 0.06851851851851852
3 0.5104166666666666 0.14537037037037037 0.01875 0.06111111111111111
0 0.5265625 0.25092592592592594 0.009375 0.020370370370370372
0 0.5234375 0.21574074074074073 0.009375 0.024074074074074074
2 0.5333333333333333 0.10740740740740741 0.0125 0.040740740740740744
0 0.5791666666666667 0.07037037037037037 0.016666666666666666 0.011111111111111112
