3 0.4602941176470588 0.5137254901960784 0.07205882352941176 0.10457516339869281
0 0.37683823529411764 0.5366013071895425 0.06838235294117648 0.12156862745098039
0 0.5772058823529411 0.3254901960784314 0.03529411764705882 0.06797385620915032
0 0.48823529411764705 0.27908496732026145 0.03529411764705882 0.06405228758169934
0 0.41875 0.22745098039215686 0.030147058823529412 0.07320261437908497
0 0.40294117647058825 0.3431372549019608 0.039705882352941174 0.09019607843137255
0 0.5172794117647059 0.1980392156862745 0.025735294117647058 0.048366013071895426
0 0.5091911764705882 0.13398692810457516 0.022794117647058822 0.040522875816993466
0 0.45845588235294116 0.1084967320261438 0.025735294117647058 0.044444444444444446
0 0.40661764705882353 0.13790849673202615 0.025 0.050980392156862744
0 0.3683823529411765 0.06209150326797386 0.023529411764705882 0.050980392156862744
0 0.36433823529411763 0.02679738562091503 0.019852941176470587 0.03790849673202614
0 0.12169117647058823 0.02679738562091503 0.0375 0.040522875816993466
0 0.09485294117647058 0.0869281045751634 0.054411764705882354 0.043137254901960784
0 0.07830882352941176 0.12549019607843137 0.06102941176470588 0.044444444444444446
3 0.7518382352941176 0.35294117647058826 0.06691176470588235 0.08104575163398693
1 0.2908088235294118 0.5915032679738562 0.0713235294117647 0.20522875816993463
3 0.2650735294117647 0.7705882352941177 0.06985294117647059 0.1895424836601307
1 0.05514705882352941 0.707843137254902 0.11029411764705882 0.22091503267973855
1 0.06066176470588235 0.5529411764705883 0.1213235294117647 0.09934640522875816
3 0.3110294117647059 0.0718954248366013 0.01911764705882353 0.04183006535947712
1 0.3272058823529412 0.19411764705882353 0.029411764705882353 0.07450980392156863
1 0.25735294117647056 0.2235294117647059 0.045588235294117645 0.036601307189542485
1 0.06139705882352941 0.38300653594771245 0.12279411764705882 0.10980392156862745
0 0.35955882352941176 0.21764705882352942 0.01764705882352941 0.0457516339869281
0 0.4334558823529412 0.16732026143790849 0.022794117647058822 0.05228758169934641
0 0.041176470588235294 0.14248366013071895 0.025 0.02875816993464052
