0 0.14791666666666667 0.575925925925926 0.0125 0.040740740740740744
1 0.1375 0.6805555555555556 0.03333333333333333 0.046296296296296294
0 0.1640625 0.5805555555555556 0.011458333333333333 0.04259259259259259
3 0.17708333333333334 0.5879629629629629 0.010416666666666666 0.03888888888888889
0 0.20572916666666666 0.5972222222222222 0.013541666666666667 0.046296296296296294
0 0.21822916666666667 0.5777777777777777 0.009375 0.044444444444444446
0 0.23020833333333332 0.6333333333333333 0.022916666666666665 0.018518518518518517
0 0.2630208333333333 0.637962962962963 0.023958333333333335 0.020370370370370372
0 0.23802083333333332 0.587037037037037 0.011458333333333333 0.04814814814814815
0 0.25364583333333335 0.5907407407407408 0.009375 0.044444444444444446
0 0.2677083333333333 0.5879629629629629 0.010416666666666666 0.046296296296296294
0 0.284375 0.6018518518518519 0.010416666666666666 0.044444444444444446
0 0.3 0.6037037037037037 0.0125 0.044444444444444446
0 0.2911458333333333 0.5638888888888889 0.026041666666666668 0.016666666666666666
0 0.3296875 0.5777777777777777 0.009375 0.044444444444444446
0 0.3416666666666667 0.6092592592592593 0.0125 0.044444444444444446
0 0.36666666666666664 0.6083333333333333 0.0125 0.05
0 0.38125 0.5962962962962963 0.010416666666666666 0.040740740740740744
3 0.3958333333333333 0.5879629629629629 0.010416666666666666 0.046296296296296294
0 0.453125 0.5935185185185186 0.010416666666666666 0.046296296296296294
0 0.4510416666666667 0.6407407407407407 0.025 0.018518518518518517
0 0.7213541666666666 0.9037037037037037 0.011458333333333333 0.044444444444444446
0 0.09947916666666666 0.27870370370370373 0.028125 0.020370370370370372
0 0.10208333333333333 0.5111111111111111 0.025 0.014814814814814815
0 0.10052083333333334 0.5555555555555556 0.026041666666666668 0.018518518518518517
1 0.8447916666666667 0.14629629629629629 0.0125 0.05185185185185185
0 0.8020833333333334 0.012962962962962963 0.027083333333333334 0.018518518518518517
3 0.7796875 0.044444444444444446 0.015625 0.05555555555555555
0 0.7390625 0.041666666666666664 0.011458333333333333 0.04259259259259259
3 0.7807291666666667 0.125 0.011458333333333333 0.03518518518518519
2 0.7067708333333333 0.29259259259259257 0.015625 0.07037037037037037
0 0.7630208333333334 0.4203703703703704 0.011458333333333333 0.04814814814814815
3 0.6822916666666666 0.3712962962962963 0.010416666666666666 0.046296296296296294
0 0.7119791666666667 0.549074074074074 0.009375 0.046296296296296294
0 0.7875 0.55 0.0125 0.044444444444444446
0 0.7265625 0.6796296296296296 0.011458333333333333 0.044444444444444446
0 0.6369791666666667 0.5064814814814815 0.023958333333333335 0.020370370370370372
0 0.6510416666666666 0.5675925925925925 0.022916666666666665 0.016666666666666666
0 0.6411458333333333 0.5972222222222222 0.026041666666666668 0.020370370370370372
0 0.6427083333333333 0.6222222222222222 0.025 0.018518518518518517
0 0.6229166666666667 0.7129629629629629 0.008333333333333333 0.025925925925925925
0 0.6869791666666667 0.7611111111111111 0.007291666666666667 0.025925925925925925
0 0.6875 0.7898148148148149 0.008333333333333333 0.027777777777777776
0 0.6979166666666666 0.9888888888888889 0.008333333333333333 0.022222222222222223
0 0.6244791666666667 0.8972222222222223 0.013541666666666667 0.012962962962962963
0 0.6234375 0.8851851851851852 0.013541666666666667 0.007407407407407408
0 0.8322916666666667 0.5555555555555556 0.0125 0.044444444444444446
0 0.8265625 0.3333333333333333 0.013541666666666667 0.040740740740740744
0 0.8354166666666667 0.9203703703703704 0.0125 0.044444444444444446
0 0.24166666666666667 0.9481481481481482 0.016666666666666666 0.018518518518518517
