1 0.7308823529411764 0.03071895424836601 0.058823529411764705 0.06143790849673202
1 0.6176470588235294 0.01764705882352941 0.07794117647058824 0.03529411764705882
1 0.5283088235294118 0.08104575163398693 0.0375 0.11764705882352941
1 0.6290441176470588 0.09803921568627451 0.11544117647058824 0.10718954248366012
1 0.6676470588235294 0.13856209150326798 0.11029411764705882 0.09411764705882353
1 0.6661764705882353 0.20915032679738563 0.1264705882352941 0.10980392156862745
1 0.3900735294117647 0.08562091503267974 0.07867647058823529 0.07450980392156863
1 0.4025735294117647 0.048366013071895426 0.10073529411764706 0.0784313725490196
1 0.41323529411764703 0.029411764705882353 0.09705882352941177 0.058823529411764705
1 0.15992647058823528 0.08300653594771241 0.1036764705882353 0.09542483660130718
0 0.5371323529411764 0.2751633986928105 0.04191176470588235 0.10065359477124183
0 0.6040441176470588 0.5058823529411764 0.05073529411764706 0.13594771241830064
0 0.6286764705882353 0.8954248366013072 0.07058823529411765 0.20915032679738563
0 0.34338235294117647 0.7183006535947712 0.07352941176470588 0.21830065359477124
