3 0.6786458333333333 0.7944444444444444 0.078125 0.07777777777777778
0 0.44427083333333334 0.6722222222222223 0.030208333333333334 0.07037037037037037
0 0.40208333333333335 0.575925925925926 0.025 0.05185185185185185
3 0.44635416666666666 0.5277777777777778 0.026041666666666668 0.04814814814814815
1 0.5260416666666666 0.5287037037037037 0.027083333333333334 0.06111111111111111
0 0.56875 0.5435185185185185 0.0375 0.03888888888888889
1 0.4276041666666667 0.47129629629629627 0.019791666666666666 0.046296296296296294
3 0.4401041666666667 0.39814814814814814 0.015625 0.022222222222222223
3 0.43854166666666666 0.37407407407407406 0.014583333333333334 0.022222222222222223
3 0.43020833333333336 0.35833333333333334 0.010416666666666666 0.020370370370370372
3 0.43072916666666666 0.3388888888888889 0.011458333333333333 0.022222222222222223
3 0.4270833333333333 0.30462962962962964 0.010416666666666666 0.012962962962962963
3 0.43072916666666666 0.3296296296296296 0.007291666666666667 0.014814814814814815
0 0.4317708333333333 0.3212962962962963 0.011458333333333333 0.012962962962962963
0 0.4296875 0.28055555555555556 0.017708333333333333 0.012962962962962963
