0 0.7819852941176471 0.8745098039215686 0.13897058823529412 0.2196078431372549
0 0.5301470588235294 0.6712418300653594 0.08235294117647059 0.15555555555555556
0 0.736764705882353 0.5849673202614379 0.060294117647058824 0.11372549019607843
0 0.4768382352941177 0.4503267973856209 0.04191176470588235 0.07973856209150326
0 0.3761029411764706 0.7098039215686275 0.06691176470588235 0.16732026143790849
0 0.4768382352941177 0.3281045751633987 0.03308823529411765 0.06535947712418301
0 0.48419117647058824 0.2758169934640523 0.027205882352941177 0.04967320261437908
0 0.47941176470588237 0.20130718954248367 0.01911764705882353 0.026143790849673203
0 0.4764705882352941 0.17777777777777778 0.01911764705882353 0.026143790849673203
0 0.47757352941176473 0.16339869281045752 0.015441176470588236 0.026143790849673203
0 0.4753676470588235 0.1522875816993464 0.015441176470588236 0.02483660130718954
0 0.47205882352941175 0.13594771241830064 0.016176470588235296 0.026143790849673203
0 0.5025735294117647 0.12156862745098039 0.013970588235294118 0.02091503267973856
0 0.5084558823529411 0.10196078431372549 0.013970588235294118 0.02091503267973856
0 0.5268382352941177 0.13856209150326798 0.013970588235294118 0.02091503267973856
0 0.5367647058823529 0.1934640522875817 0.01764705882352941 0.02875816993464052
0 0.3040441176470588 0.28627450980392155 0.03897058823529412 0.047058823529411764
0 0.4944852941176471 0.08496732026143791 0.008088235294117648 0.01568627450980392
3 0.1463235294117647 0.43137254901960786 0.08823529411764706 0.09934640522875816
3 0.47463235294117645 0.07516339869281045 0.008088235294117648 0.01699346405228758
3 0.47610294117647056 0.06209150326797386 0.008088235294117648 0.01699346405228758
0 0.4514705882352941 0.08104575163398693 0.008823529411764706 0.013071895424836602
0 0.45330882352941176 0.06143790849673202 0.009558823529411765 0.01568627450980392
0 0.4672794117647059 0.05816993464052288 0.009558823529411765 0.011764705882352941
0 0.3209558823529412 0.23137254901960785 0.025735294117647058 0.04183006535947712
0 0.34375 0.18235294117647058 0.0375 0.02483660130718954
0 0.3683823529411765 0.14705882352941177 0.022058823529411766 0.02483660130718954
3 0.03897058823529412 0.4823529411764706 0.04411764705882353 0.07320261437908497
3 0.8007352941176471 0.4013071895424837 0.054411764705882354 0.0784313725490196
0 0.4852941176470588 0.0542483660130719 0.007352941176470588 0.009150326797385621
0 0.5014705882352941 0.05555555555555555 0.007352941176470588 0.011764705882352941
