3 0.29558823529411765 0.9555555555555556 0.0838235294117647 0.08888888888888889
0 0.7536764705882353 0.8947712418300654 0.06764705882352941 0.15294117647058825
0 0.6588235294117647 0.7784313725490196 0.045588235294117645 0.12156862745098039
0 0.5334558823529412 0.7483660130718954 0.04338235294117647 0.1111111111111111
0 0.6900735294117647 0.6411764705882353 0.04632352941176471 0.09542483660130718
3 0.3522058823529412 0.6431372549019608 0.08823529411764706 0.08627450980392157
3 0.36801470588235297 0.6032679738562091 0.0713235294117647 0.06666666666666667
0 0.3886029411764706 0.534640522875817 0.07867647058823529 0.06013071895424837
0 0.3514705882352941 0.40784313725490196 0.05 0.09934640522875816
0 0.4161764705882353 0.38169934640522873 0.060294117647058824 0.05228758169934641
0 0.4213235294117647 0.3483660130718954 0.04852941176470588 0.03790849673202614
0 0.4279411764705882 0.2875816993464052 0.051470588235294115 0.036601307189542485
0 0.44779411764705884 0.3202614379084967 0.04411764705882353 0.05228758169934641
0 0.5397058823529411 0.41241830065359475 0.027941176470588237 0.058823529411764705
0 0.5988970588235294 0.3895424836601307 0.028676470588235293 0.05751633986928104
0 0.5955882352941176 0.3392156862745098 0.026470588235294117 0.048366013071895426
0 0.5893382352941177 0.29934640522875816 0.028676470588235293 0.04967320261437908
0 0.5819852941176471 0.19673202614379084 0.016911764705882352 0.030065359477124184
0 0.5794117647058824 0.17124183006535948 0.01911764705882353 0.02875816993464052
0 0.5761029411764705 0.1450980392156863 0.016911764705882352 0.02875816993464052
0 0.5691176470588235 0.11372549019607843 0.014705882352941176 0.02875816993464052
0 0.5705882352941176 0.09934640522875816 0.016176470588235296 0.02091503267973856
1 0.5044117647058823 0.10392156862745099 0.01911764705882353 0.048366013071895426
0 0.4650735294117647 0.11045751633986928 0.028676470588235293 0.02483660130718954
3 0.4625 0.09281045751633987 0.016176470588235296 0.026143790849673203
0 0.4823529411764706 0.09803921568627451 0.016176470588235296 0.026143790849673203
0 0.45551470588235293 0.1300653594771242 0.02426470588235294 0.032679738562091505
0 0.44816176470588237 0.18235294117647058 0.03455882352941177 0.030065359477124184
3 0.44448529411764703 0.2019607843137255 0.03602941176470588 0.043137254901960784
0 0.4452205882352941 0.22549019607843138 0.04191176470588235 0.040522875816993466
1 0.40845588235294117 0.2549019607843137 0.0713235294117647 0.054901960784313725
