1 0.375 0.4101851851851852 0.09583333333333334 0.10925925925925926
0 0.3927083333333333 0.4546296296296296 0.03333333333333333 0.03888888888888889
0 0.44479166666666664 0.4583333333333333 0.016666666666666666 0.03148148148148148
0 0.4890625 0.3990740740740741 0.023958333333333335 0.03888888888888889
0 0.5140625 0.3685185185185185 0.017708333333333333 0.02962962962962963
0 0.5359375 0.3453703703703704 0.021875 0.027777777777777776
0 0.5484375 0.3277777777777778 0.017708333333333333 0.025925925925925925
1 0.5255208333333333 0.2898148148148148 0.019791666666666666 0.03518518518518519
0 0.5333333333333333 0.2175925925925926 0.014583333333333334 0.016666666666666666
0 0.5776041666666667 0.2101851851851852 0.011458333333333333 0.016666666666666666
1 0.6276041666666666 0.13518518518518519 0.017708333333333333 0.03333333333333333
