3 0.7580882352941176 0.857516339869281 0.11176470588235295 0.09411764705882353
3 0.7183823529411765 0.7156862745098039 0.08235294117647059 0.07712418300653595
0 0.6886029411764706 0.6457516339869281 0.07720588235294118 0.06013071895424837
0 0.6705882352941176 0.6163398692810458 0.05588235294117647 0.043137254901960784
0 0.6272058823529412 0.5856209150326798 0.07647058823529412 0.05751633986928104
3 0.5838235294117647 0.5111111111111111 0.033823529411764704 0.07581699346405228
3 0.5863970588235294 0.4647058823529412 0.04338235294117647 0.043137254901960784
0 0.6058823529411764 0.4444444444444444 0.047058823529411764 0.0392156862745098
0 0.5816176470588236 0.34901960784313724 0.041176470588235294 0.03137254901960784
0 0.5691176470588235 0.2568627450980392 0.03529411764705882 0.030065359477124184
3 0.5349264705882353 0.2130718954248366 0.013970588235294118 0.026143790849673203
0 0.5294117647058824 0.1895424836601307 0.016176470588235296 0.018300653594771243
0 0.5522058823529412 0.18888888888888888 0.023529411764705882 0.01699346405228758
0 0.5014705882352941 0.2235294117647059 0.016176470588235296 0.02875816993464052
0 0.5077205882352941 0.11176470588235295 0.008088235294117648 0.01437908496732026
0 0.4944852941176471 0.15098039215686274 0.009558823529411765 0.0196078431372549
0 0.49375 0.12091503267973856 0.008088235294117648 0.01437908496732026
0 0.49301470588235297 0.10392156862745099 0.008088235294117648 0.011764705882352941
0 0.4742647058823529 0.15947712418300652 0.011764705882352941 0.018300653594771243
0 0.4768382352941177 0.14313725490196078 0.008088235294117648 0.01437908496732026
0 0.4573529411764706 0.10588235294117647 0.007352941176470588 0.013071895424836602
0 0.4588235294117647 0.09542483660130718 0.007352941176470588 0.013071895424836602
0 0.44338235294117645 0.1869281045751634 0.011764705882352941 0.023529411764705882
3 0.41654411764705884 0.3411764705882353 0.019852941176470587 0.0392156862745098
3 0.30073529411764705 0.969281045751634 0.051470588235294115 0.06143790849673202
0 0.35551470588235295 0.6934640522875817 0.04485294117647059 0.08758169934640522
0 0.3738970588235294 0.6019607843137255 0.03602941176470588 0.07973856209150326
0 0.37720588235294117 0.2973856209150327 0.03823529411764706 0.030065359477124184
0 0.3830882352941177 0.28431372549019607 0.033823529411764704 0.02483660130718954
0 0.35073529411764703 0.25620915032679736 0.03529411764705882 0.023529411764705882
0 0.3371323529411765 0.23921568627450981 0.03161764705882353 0.02091503267973856
0 0.39889705882352944 0.22679738562091503 0.030147058823529412 0.022222222222222223
0 0.4051470588235294 0.20980392156862746 0.029411764705882353 0.022222222222222223
0 0.40588235294117647 0.15098039215686274 0.022058823529411766 0.01437908496732026
0 0.3834558823529412 0.1503267973856209 0.019852941176470587 0.013071895424836602
