0 0.538235294117647 0.9183006535947712 0.060294117647058824 0.15294117647058825
0 0.09264705882352942 0.7503267973856209 0.07941176470588235 0.13071895424836602
0 0.20220588235294118 0.5555555555555556 0.05588235294117647 0.06535947712418301
0 0.1860294117647059 0.4738562091503268 0.06470588235294118 0.048366013071895426
0 0.23713235294117646 0.41241830065359475 0.05367647058823529 0.03529411764705882
0 0.3058823529411765 0.37973856209150325 0.033823529411764704 0.05620915032679739
0 0.3073529411764706 0.3058823529411765 0.03529411764705882 0.03137254901960784
0 0.3996323529411765 0.2169934640522876 0.0125 0.018300653594771243
0 0.4077205882352941 0.20261437908496732 0.013970588235294118 0.02091503267973856
0 0.4198529411764706 0.1830065359477124 0.010294117647058823 0.018300653594771243
0 0.4091911764705882 0.1784313725490196 0.0125 0.01699346405228758
0 0.43823529411764706 0.1718954248366013 0.011764705882352941 0.01437908496732026
0 0.4319852941176471 0.15620915032679739 0.008088235294117648 0.01437908496732026
0 0.44080882352941175 0.14705882352941177 0.008088235294117648 0.011764705882352941
3 0.4459558823529412 0.13790849673202615 0.006617647058823529 0.01437908496732026
0 0.45441176470588235 0.12352941176470589 0.0058823529411764705 0.009150326797385621
0 0.475 0.134640522875817 0.0058823529411764705 0.01045751633986928
0 0.48455882352941176 0.13398692810457516 0.0058823529411764705 0.011764705882352941
0 0.4860294117647059 0.15359477124183007 0.007352941176470588 0.011764705882352941
3 0.4944852941176471 0.12418300653594772 0.005147058823529412 0.01568627450980392
3 0.4889705882352941 0.1450980392156863 0.0058823529411764705 0.01568627450980392
0 0.4863970588235294 0.12026143790849673 0.005147058823529412 0.00784313725490196
0 0.50625 0.13333333333333333 0.006617647058823529 0.013071895424836602
0 0.5143382352941176 0.13725490196078433 0.006617647058823529 0.013071895424836602
0 0.50625 0.12026143790849673 0.006617647058823529 0.00784313725490196
0 0.5047794117647059 0.16993464052287582 0.008088235294117648 0.013071895424836602
0 0.4577205882352941 0.1869281045751634 0.011029411764705883 0.01568627450980392
0 0.4610294117647059 0.17973856209150327 0.010294117647058823 0.01699346405228758
0 0.4764705882352941 0.19738562091503267 0.011764705882352941 0.018300653594771243
3 0.47941176470588237 0.2169934640522876 0.011764705882352941 0.026143790849673203
0 0.5025735294117647 0.20326797385620915 0.011029411764705883 0.0196078431372549
0 0.5029411764705882 0.19150326797385622 0.010294117647058823 0.01699346405228758
0 0.5198529411764706 0.2150326797385621 0.011764705882352941 0.0196078431372549
0 0.5360294117647059 0.19411764705882353 0.011764705882352941 0.0196078431372549
0 0.5323529411764706 0.1758169934640523 0.010294117647058823 0.01437908496732026
0 0.5290441176470588 0.16862745098039217 0.008088235294117648 0.013071895424836602
0 0.5378676470588235 0.2169934640522876 0.0125 0.018300653594771243
0 0.5047794117647059 0.24444444444444444 0.013970588235294118 0.023529411764705882
0 0.5459558823529411 0.2477124183006536 0.013970588235294118 0.022222222222222223
0 0.5080882352941176 0.2928104575163399 0.01764705882352941 0.02875816993464052
0 0.5088235294117647 0.3477124183006536 0.01911764705882353 0.03398692810457516
0 0.51875 0.41045751633986927 0.025735294117647058 0.044444444444444446
0 0.6761029411764706 0.42091503267973857 0.03308823529411765 0.054901960784313725
0 0.6595588235294118 0.39215686274509803 0.029411764705882353 0.04967320261437908
0 0.6404411764705882 0.36666666666666664 0.025 0.032679738562091505
0 0.6238970588235294 0.3111111111111111 0.021323529411764706 0.026143790849673203
0 0.6286764705882353 0.296078431372549 0.03529411764705882 0.02483660130718954
0 0.606985294117647 0.2503267973856209 0.027205882352941177 0.022222222222222223
0 0.59375 0.24313725490196078 0.015441176470588236 0.02091503267973856
0 0.5882352941176471 0.22549019607843138 0.01911764705882353 0.022222222222222223
0 0.4264705882352941 0.530718954248366 0.045588235294117645 0.06535947712418301
0 0.5106617647058823 0.5424836601307189 0.030147058823529412 0.06274509803921569
0 0.7246323529411764 0.526797385620915 0.03897058823529412 0.054901960784313725
0 0.7904411764705882 0.6869281045751634 0.06323529411764706 0.09281045751633987
0 0.8470588235294118 0.7516339869281046 0.08676470588235294 0.09673202614379085
0 0.9573529411764706 0.7235294117647059 0.08529411764705883 0.06928104575163399
0 0.9761029411764706 0.7875816993464052 0.04779411764705882 0.08496732026143791
0 0.9742647058823529 0.6509803921568628 0.05 0.0915032679738562
0 0.74375 0.4261437908496732 0.04485294117647059 0.036601307189542485
0 0.73125 0.40980392156862744 0.06102941176470588 0.032679738562091505
0 0.7797794117647059 0.4496732026143791 0.06397058823529411 0.03398692810457516
0 0.7860294117647059 0.46143790849673205 0.057352941176470586 0.023529411764705882
0 0.7977941176470589 0.48366013071895425 0.06470588235294118 0.04183006535947712
0 0.9772058823529411 0.3673202614379085 0.045588235294117645 0.03137254901960784
3 0.7691176470588236 0.32679738562091504 0.03676470588235294 0.03137254901960784
3 0.8518382352941176 0.3196078431372549 0.03602941176470588 0.032679738562091505
