0 0.49117647058823527 0.403921568627451 0.016176470588235296 0.06797385620915032
0 0.48676470588235293 0.5797385620915033 0.01764705882352941 0.06666666666666667
0 0.5319852941176471 0.6640522875816993 0.016911764705882352 0.06797385620915032
2 0.5088235294117647 0.8797385620915033 0.026470588235294117 0.13071895424836602
0 0.47757352941176473 0.9254901960784314 0.016911764705882352 0.06535947712418301
0 0.4091911764705882 0.9771241830065359 0.04191176470588235 0.0457516339869281
0 0.4007352941176471 0.9202614379084967 0.03529411764705882 0.044444444444444446
0 0.6238970588235294 0.4973856209150327 0.03161764705882353 0.058823529411764705
0 0.21102941176470588 0.7137254901960784 0.025 0.05228758169934641
0 0.2823529411764706 0.6647058823529411 0.03823529411764706 0.03529411764705882
0 0.27095588235294116 0.5594771241830065 0.04191176470588235 0.02875816993464052
0 0.2 0.5718954248366013 0.03235294117647059 0.032679738562091505
0 0.1724264705882353 0.7045751633986929 0.03602941176470588 0.05751633986928104
0 0.14227941176470588 0.7130718954248366 0.03308823529411765 0.05620915032679739
0 0.06801470588235294 0.7326797385620915 0.019852941176470587 0.06666666666666667
3 0.02610294117647059 0.7261437908496732 0.025735294117647058 0.05620915032679739
0 0.008455882352941176 0.5947712418300654 0.016911764705882352 0.03137254901960784
0 0.10625 0.5784313725490197 0.03602941176470588 0.043137254901960784
0 0.10735294117647058 0.5418300653594771 0.030882352941176472 0.030065359477124184
0 0.6915441176470588 0.4843137254901961 0.028676470588235293 0.06143790849673202
0 0.7202205882352941 0.4745098039215686 0.030147058823529412 0.06274509803921569
0 0.7503676470588235 0.47058823529411764 0.03161764705882353 0.05751633986928104
3 0.7625 0.5006535947712418 0.039705882352941174 0.054901960784313725
0 0.8007352941176471 0.4777777777777778 0.016176470588235296 0.050980392156862744
0 0.9238970588235295 0.465359477124183 0.022794117647058822 0.06013071895424837
3 0.9044117647058824 0.4594771241830065 0.025 0.058823529411764705
3 0.9856617647058824 0.44640522875816996 0.02426470588235294 0.03790849673202614
0 0.5536764705882353 0.3045751633986928 0.03529411764705882 0.04183006535947712
0 0.4290441176470588 0.2699346405228758 0.028676470588235293 0.06405228758169934
0 0.5481617647058824 0.24444444444444444 0.03455882352941177 0.03398692810457516
0 0.5176470588235295 0.17712418300653596 0.01911764705882353 0.06405228758169934
0 0.5514705882352942 0.17320261437908496 0.03676470588235294 0.032679738562091505
0 0.3860294117647059 0.12156862745098039 0.045588235294117645 0.03137254901960784
0 0.48051470588235295 0.03790849673202614 0.016911764705882352 0.05751633986928104
0 0.5088235294117647 0.029411764705882353 0.016176470588235296 0.058823529411764705
0 0.7393382352941177 0.13071895424836602 0.03897058823529412 0.03398692810457516
0 0.7845588235294118 0.16209150326797386 0.016176470588235296 0.06013071895424837
0 0.8077205882352941 0.15490196078431373 0.01838235294117647 0.058823529411764705
0 0.8474264705882353 0.1450980392156863 0.019852941176470587 0.06013071895424837
3 0.8279411764705882 0.1503267973856209 0.01764705882352941 0.05228758169934641
1 0.8705882352941177 0.13986928104575164 0.022058823529411766 0.06013071895424837
3 0.7808823529411765 0.07712418300653595 0.033823529411764704 0.0392156862745098
0 0.7371323529411765 0.02483660130718954 0.03602941176470588 0.03137254901960784
0 0.85625 0.013725490196078431 0.01838235294117647 0.027450980392156862
0 0.8150735294117647 0.011111111111111112 0.015441176470588236 0.022222222222222223
0 0.79375 0.00980392156862745 0.016911764705882352 0.0196078431372549
