0 0.669485294117647 0.5856209150326798 0.07573529411764705 0.1542483660130719
0 0.5047794117647059 0.7581699346405228 0.09044117647058823 0.19084967320261437
0 0.4514705882352941 0.6045751633986928 0.11764705882352941 0.13202614379084968
0 0.42683823529411763 0.44640522875816996 0.12426470588235294 0.11372549019607843
0 0.35404411764705884 0.31895424836601305 0.05808823529411765 0.10457516339869281
0 0.32830882352941176 0.11241830065359477 0.0875 0.07581699346405228
0 0.28602941176470587 0.028104575163398694 0.06911764705882353 0.05620915032679739
0 0.6775735294117647 0.20784313725490197 0.08014705882352942 0.07320261437908497
0 0.7099264705882353 0.24183006535947713 0.09044117647058823 0.06013071895424837
0 0.7698529411764706 0.3686274509803922 0.07058823529411765 0.08627450980392157
0 0.5158088235294118 0.05947712418300653 0.05367647058823529 0.048366013071895426
