0 0.18345588235294116 0.35228758169934643 0.04191176470588235 0.06928104575163399
0 0.04191176470588235 0.3254901960784314 0.05 0.0784313725490196
3 0.20551470588235293 0.07581699346405228 0.04926470588235294 0.047058823529411764
0 0.48455882352941176 0.8928104575163399 0.07205882352941176 0.19607843137254902
0 0.6213235294117647 0.9372549019607843 0.14852941176470588 0.12549019607843137
0 0.5643382352941176 0.5869281045751634 0.0875 0.13594771241830064
0 0.6029411764705882 0.6535947712418301 0.10882352941176471 0.10718954248366012
3 0.6900735294117647 0.6673202614379085 0.07426470588235294 0.16862745098039217
0 0.8922794117647059 0.6705882352941176 0.13897058823529412 0.10196078431372549
0 0.7757352941176471 0.5261437908496732 0.10294117647058823 0.07973856209150326
1 0.7716911764705883 0.4169934640522876 0.13161764705882353 0.12549019607843137
0 0.7194852941176471 0.36013071895424836 0.08455882352941177 0.06143790849673202
3 0.4470588235294118 0.6189542483660131 0.04411764705882353 0.11633986928104575
3 0.45992647058823527 0.5143790849673202 0.08161764705882353 0.10326797385620914
3 0.6099264705882353 0.36470588235294116 0.04632352941176471 0.09673202614379085
1 0.49963235294117647 0.3718954248366013 0.17426470588235293 0.1607843137254902
0 0.4797794117647059 0.2673202614379085 0.07573529411764705 0.05359477124183006
0 0.5525735294117647 0.2111111111111111 0.05367647058823529 0.058823529411764705
0 0.5963235294117647 0.18235294117647058 0.058823529411764705 0.048366013071895426
0 0.5691176470588235 0.14248366013071895 0.052941176470588235 0.0392156862745098
0 0.4970588235294118 0.10326797385620914 0.025 0.04183006535947712
0 0.3985294117647059 0.3627450980392157 0.030882352941176472 0.05620915032679739
0 0.34963235294117645 0.28888888888888886 0.028676470588235293 0.05751633986928104
0 0.4025735294117647 0.3058823529411765 0.025735294117647058 0.054901960784313725
0 0.38676470588235295 0.2568627450980392 0.027941176470588237 0.05359477124183006
0 0.36875 0.17908496732026144 0.021323529411764706 0.0392156862745098
0 0.36911764705882355 0.1437908496732026 0.022058823529411766 0.03137254901960784
0 0.47316176470588234 0.00849673202614379 0.03161764705882353 0.01699346405228758
