0 0.23345588235294118 0.9300653594771242 0.1801470588235294 0.13986928104575164
0 0.33897058823529413 0.6875816993464052 0.07352941176470588 0.1542483660130719
0 0.3360294117647059 0.565359477124183 0.054411764705882354 0.11372549019607843
0 0.24044117647058824 0.5352941176470588 0.07352941176470588 0.12156862745098039
0 0.35073529411764703 0.477124183006536 0.0661764705882353 0.09934640522875816
0 0.3786764705882353 0.36797385620915035 0.07058823529411765 0.07973856209150326
0 0.37169117647058825 0.3359477124183007 0.04044117647058824 0.06535947712418301
0 0.375 0.29150326797385623 0.052941176470588235 0.047058823529411764
0 0.3786764705882353 0.27124183006535946 0.05 0.0457516339869281
0 0.3871323529411765 0.25098039215686274 0.04779411764705882 0.04183006535947712
0 0.3724264705882353 0.22483660130718955 0.022794117647058822 0.0392156862745098
0 0.37573529411764706 0.2045751633986928 0.020588235294117647 0.03529411764705882
0 0.35955882352941176 0.15490196078431373 0.023529411764705882 0.032679738562091505
0 0.39044117647058824 0.1542483660130719 0.01764705882352941 0.02875816993464052
0 0.38566176470588237 0.13137254901960785 0.019852941176470587 0.02483660130718954
0 0.6602941176470588 0.48169934640522877 0.045588235294117645 0.07712418300653595
0 0.6334558823529411 0.41633986928104577 0.04191176470588235 0.06666666666666667
1 0.774264705882353 0.5 0.12941176470588237 0.13202614379084968
0 0.5941176470588235 0.3588235294117647 0.057352941176470586 0.06405228758169934
0 0.586764705882353 0.3104575163398693 0.04852941176470588 0.06405228758169934
0 0.5731617647058823 0.2758169934640523 0.030147058823529412 0.036601307189542485
0 0.5823529411764706 0.2196078431372549 0.029411764705882353 0.03398692810457516
0 0.46948529411764706 0.1830065359477124 0.01838235294117647 0.03137254901960784
0 0.5158088235294118 0.1627450980392157 0.01838235294117647 0.030065359477124184
0 0.5378676470588235 0.14183006535947712 0.016911764705882352 0.022222222222222223
3 0.5139705882352941 0.12352941176470589 0.03529411764705882 0.027450980392156862
2 0.39742647058823527 0.07712418300653595 0.0375 0.03398692810457516
3 0.3963235294117647 0.0869281045751634 0.022058823529411766 0.022222222222222223
3 0.4099264705882353 0.0934640522875817 0.0125 0.022222222222222223
0 0.3948529411764706 0.09934640522875816 0.023529411764705882 0.018300653594771243
0 0.3915441176470588 0.11764705882352941 0.028676470588235293 0.026143790849673203
0 0.4036764705882353 0.12287581699346405 0.027941176470588237 0.02091503267973856
0 0.3805147058823529 0.11176470588235295 0.030147058823529412 0.022222222222222223
0 0.4724264705882353 0.07647058823529412 0.011029411764705883 0.01699346405228758
