0 0.4077205882352941 0.2928104575163399 0.06691176470588235 0.0784313725490196
0 0.19963235294117648 0.1326797385620915 0.04191176470588235 0.058823529411764705
0 0.054411764705882354 0.2169934640522876 0.09411764705882353 0.07581699346405228
0 0.7963235294117647 0.4326797385620915 0.057352941176470586 0.11764705882352941
0 0.5511029411764706 0.41830065359477125 0.09044117647058823 0.10980392156862745
0 0.4073529411764706 0.10130718954248366 0.06470588235294118 0.050980392156862744
0 0.3779411764705882 0.06143790849673202 0.047058823529411764 0.044444444444444446
3 0.4647058823529412 0.08235294117647059 0.033823529411764704 0.06797385620915032
3 0.4227941176470588 0.041176470588235294 0.026470588235294117 0.0457516339869281
3 0.35294117647058826 0.042483660130718956 0.060294117647058824 0.048366013071895426
