0 0.04791666666666667 0.2412037037037037 0.042708333333333334 0.026851851851851852
3 0.0546875 0.2199074074074074 0.053125 0.03611111111111111
0 0.11536458333333334 0.25833333333333336 0.025520833333333333 0.027777777777777776
2 0.16588541666666667 0.1935185185185185 0.04739583333333333 0.04814814814814815
0 0.16796875 0.26157407407407407 0.0265625 0.026851851851851852
0 0.23958333333333334 0.22407407407407406 0.028125 0.025925925925925925
0 0.25885416666666666 0.24027777777777778 0.017708333333333333 0.025
3 0.2604166666666667 0.2824074074074074 0.020833333333333332 0.03333333333333333
0 0.18229166666666666 0.1675925925925926 0.008333333333333333 0.014814814814814815
1 0.23255208333333333 0.17222222222222222 0.013020833333333334 0.03518518518518519
0 0.23567708333333334 0.15601851851851853 0.011979166666666667 0.017592592592592594
0 0.23854166666666668 0.13796296296296295 0.010416666666666666 0.016666666666666666
0 0.31223958333333335 0.14814814814814814 0.0109375 0.014814814814814815
0 0.31171875 0.13657407407407407 0.0109375 0.012037037037037037
3 0.29348958333333336 0.09027777777777778 0.0078125 0.019444444444444445
0 0.26119791666666664 0.05694444444444444 0.0078125 0.010185185185185186
2 0.27369791666666665 0.03425925925925926 0.0067708333333333336 0.014814814814814815
0 0.2755208333333333 0.04490740740740741 0.005208333333333333 0.012037037037037037
0 0.27447916666666666 0.06157407407407407 0.00625 0.010185185185185186
3 0.43255208333333334 0.20925925925925926 0.027604166666666666 0.024074074074074074
0 0.39140625 0.4824074074074074 0.0234375 0.044444444444444446
0 0.08177083333333333 0.44907407407407407 0.041666666666666664 0.05185185185185185
0 0.4578125 0.6953703703703704 0.011458333333333333 0.04814814814814815
1 0.5869791666666667 0.8046296296296296 0.08854166666666667 0.09074074074074075
0 0.0953125 0.4046296296296296 0.034375 0.046296296296296294
0 0.04348958333333333 0.4930555555555556 0.04739583333333333 0.058333333333333334
0 0.0171875 0.5532407407407407 0.034375 0.06018518518518518
2 0.038802083333333334 0.6814814814814815 0.07760416666666667 0.19074074074074074
3 0.9052083333333333 0.763425925925926 0.08229166666666667 0.10092592592592593
