1 0.12395833333333334 0.7907407407407407 0.11458333333333333 0.2518518518518518
0 0.6619791666666667 0.7759259259259259 0.06979166666666667 0.11851851851851852
0 0.50625 0.5018518518518519 0.035416666666666666 0.05925925925925926
0 0.4708333333333333 0.2824074074074074 0.01875 0.03888888888888889
3 0.21145833333333333 0.6018518518518519 0.0625 0.10740740740740741
0 0.2677083333333333 0.49074074074074076 0.0375 0.06296296296296296
0 0.303125 0.4027777777777778 0.0375 0.046296296296296294
0 0.390625 0.26481481481481484 0.027083333333333334 0.044444444444444446
1 0.3572916666666667 0.25925925925925924 0.03333333333333333 0.040740740740740744
1 0.5234375 0.36018518518518516 0.026041666666666668 0.053703703703703705
0 0.45416666666666666 0.24722222222222223 0.014583333333333334 0.024074074074074074
0 0.5026041666666666 0.30462962962962964 0.015625 0.027777777777777776
