0 0.13177083333333334 0.7537037037037037 0.08645833333333333 0.07777777777777778
0 0.2328125 0.7 0.06354166666666666 0.08148148148148149
0 0.1421875 0.8833333333333333 0.08645833333333333 0.0962962962962963
0 0.12604166666666666 0.950925925925926 0.09791666666666667 0.09814814814814815
0 0.1515625 0.9814814814814815 0.08020833333333334 0.037037037037037035
0 0.2791666666666667 0.8462962962962963 0.06041666666666667 0.1037037037037037
0 0.33177083333333335 0.9694444444444444 0.09270833333333334 0.06111111111111111
0 0.7651041666666667 0.46111111111111114 0.057291666666666664 0.04814814814814815
0 0.7317708333333334 0.48518518518518516 0.05520833333333333 0.05925925925925926
0 0.7130208333333333 0.5046296296296297 0.046875 0.046296296296296294
0 0.6994791666666667 0.5222222222222223 0.053125 0.04814814814814815
0 0.6755208333333333 0.4287037037037037 0.036458333333333336 0.03888888888888889
3 0.7817708333333333 0.30833333333333335 0.034375 0.046296296296296294
