0 0.5606617647058824 0.7934640522875817 0.04779411764705882 0.13071895424836602
0 0.47316176470588234 0.8490196078431372 0.05220588235294118 0.1607843137254902
0 0.32169117647058826 0.6797385620915033 0.05808823529411765 0.13333333333333333
0 0.4198529411764706 0.5588235294117647 0.03823529411764706 0.09542483660130718
0 0.5139705882352941 0.4150326797385621 0.029411764705882353 0.05359477124183006
0 0.4319852941176471 0.4392156862745098 0.028676470588235293 0.06797385620915032
0 0.3779411764705882 0.44509803921568625 0.03235294117647059 0.06928104575163399
0 0.3165441176470588 0.5006535947712418 0.05661764705882353 0.08627450980392157
0 0.4011029411764706 0.3 0.025735294117647058 0.0457516339869281
0 0.45 0.3111111111111111 0.023529411764705882 0.04967320261437908
0 0.4540441176470588 0.26209150326797387 0.022794117647058822 0.043137254901960784
0 0.5011029411764706 0.2568627450980392 0.022794117647058822 0.043137254901960784
0 0.45551470588235293 0.2235294117647059 0.01838235294117647 0.036601307189542485
0 0.46286764705882355 0.1607843137254902 0.013970588235294118 0.03137254901960784
0 0.44816176470588237 0.14313725490196078 0.01838235294117647 0.030065359477124184
0 0.47757352941176473 0.1130718954248366 0.0125 0.02483660130718954
0 0.5044117647058823 0.047058823529411764 0.008823529411764706 0.01568627450980392
0 0.6838235294117647 0.3764705882352941 0.03676470588235294 0.04967320261437908
0 0.6198529411764706 0.19411764705882353 0.016176470588235296 0.027450980392156862
0 0.5808823529411765 0.08431372549019608 0.010294117647058823 0.022222222222222223
0 0.27095588235294116 0.33202614379084966 0.03602941176470588 0.054901960784313725
0 0.3397058823529412 0.19673202614379084 0.022058823529411766 0.03529411764705882
0 0.47058823529411764 0.09281045751633987 0.013235294117647059 0.023529411764705882
0 0.47463235294117645 0.07450980392156863 0.011029411764705883 0.02091503267973856
0 0.4672794117647059 0.05555555555555555 0.011029411764705883 0.022222222222222223
0 0.5588235294117647 0.020261437908496733 0.007352941176470588 0.01437908496732026
0 0.5235294117647059 0.00522875816993464 0.007352941176470588 0.01045751633986928
0 0.3613970588235294 0.15751633986928104 0.016911764705882352 0.02483660130718954
0 0.3672794117647059 0.14052287581699346 0.01838235294117647 0.027450980392156862
0 0.37536764705882353 0.12810457516339868 0.015441176470588236 0.026143790849673203
0 0.4334558823529412 0.12222222222222222 0.005147058823529412 0.01437908496732026
