3 0.061764705882352944 0.7660130718954249 0.07941176470588235 0.1803921568627451
3 0.5283088235294118 0.5444444444444444 0.1125 0.11895424836601307
0 0.8102941176470588 0.42549019607843136 0.08823529411764706 0.08496732026143791
0 0.26176470588235295 0.3202614379084967 0.1 0.06274509803921569
3 0.08125 0.11437908496732026 0.021323529411764706 0.043137254901960784
0 0.006985294117647059 0.10457516339869281 0.013970588235294118 0.044444444444444446
0 0.006985294117647059 0.06274509803921569 0.013970588235294118 0.036601307189542485
3 0.006985294117647059 0.027450980392156862 0.013970588235294118 0.0392156862745098
3 0.06801470588235294 0.00784313725490196 0.027205882352941177 0.01568627450980392
3 0.23308823529411765 0.169281045751634 0.057352941176470586 0.06928104575163399
3 0.22720588235294117 0.15294117647058825 0.05 0.05751633986928104
3 0.21911764705882353 0.14444444444444443 0.052941176470588235 0.06143790849673202
0 0.6536764705882353 0.3176470588235294 0.08235294117647059 0.06274509803921569
1 0.3948529411764706 0.26143790849673204 0.07058823529411765 0.07058823529411765
0 0.7334558823529411 0.21633986928104576 0.04338235294117647 0.05359477124183006
0 0.7727941176470589 0.22156862745098038 0.04264705882352941 0.050980392156862744
3 0.6897058823529412 0.2111111111111111 0.05 0.05620915032679739
0 0.8672794117647059 0.20522875816993463 0.06102941176470588 0.05228758169934641
3 0.9073529411764706 0.14705882352941177 0.03823529411764706 0.040522875816993466
