3 0.8319852941176471 0.08954248366013072 0.05808823529411765 0.05620915032679739
0 0.79375 0.06862745098039216 0.03897058823529412 0.032679738562091505
0 0.7647058823529411 0.022222222222222223 0.030882352941176472 0.02875816993464052
0 0.6577205882352941 0.4823529411764706 0.04485294117647059 0.09411764705882353
0 0.5227941176470589 0.5143790849673202 0.04411764705882353 0.10326797385620914
0 0.5459558823529411 0.40065359477124185 0.03455882352941177 0.06666666666666667
0 0.513235294117647 0.23790849673202613 0.029411764705882353 0.06013071895424837
0 0.6036764705882353 0.2601307189542484 0.029411764705882353 0.05228758169934641
0 0.5275735294117647 0.15163398692810456 0.022794117647058822 0.04183006535947712
0 0.46691176470588236 0.10392156862745099 0.022058823529411766 0.048366013071895426
1 0.6577205882352941 0.0457516339869281 0.03897058823529412 0.08366013071895424
0 0.4522058823529412 0.35555555555555557 0.03529411764705882 0.08888888888888889
0 0.37683823529411764 0.40522875816993464 0.04191176470588235 0.09673202614379085
3 0.3977941176470588 0.1588235294117647 0.025 0.06405228758169934
0 0.4077205882352941 0.07908496732026143 0.021323529411764706 0.040522875816993466
0 0.41911764705882354 0.043137254901960784 0.022058823529411766 0.03398692810457516
3 0.41507352941176473 0.018300653594771243 0.021323529411764706 0.036601307189542485
1 0.34375 0.013071895424836602 0.025735294117647058 0.026143790849673203
3 0.09963235294117648 0.6823529411764706 0.07279411764705883 0.15947712418300652
0 0.03161764705882353 0.3738562091503268 0.06323529411764706 0.0784313725490196
3 0.03860294117647059 0.29411764705882354 0.05220588235294118 0.07320261437908497
0 0.11801470588235294 0.2019607843137255 0.0713235294117647 0.05359477124183006
