0 0.7073529411764706 0.8320261437908497 0.06323529411764706 0.12679738562091503
0 0.6647058823529411 0.6647058823529411 0.045588235294117645 0.08235294117647059
0 0.6411764705882353 0.5607843137254902 0.041176470588235294 0.06535947712418301
0 0.611764705882353 0.477124183006536 0.03823529411764706 0.05228758169934641
0 0.6084558823529411 0.42745098039215684 0.03455882352941177 0.0392156862745098
0 0.4875 0.39869281045751637 0.027941176470588237 0.047058823529411764
0 0.48198529411764707 0.33790849673202616 0.02426470588235294 0.040522875816993466
0 0.49080882352941174 0.29215686274509806 0.021323529411764706 0.043137254901960784
0 0.525 0.29934640522875816 0.020588235294117647 0.036601307189542485
0 0.5617647058823529 0.34509803921568627 0.04264705882352941 0.036601307189542485
0 0.6077205882352941 0.3477124183006536 0.04485294117647059 0.036601307189542485
0 0.19595588235294117 0.5673202614379085 0.09044117647058823 0.04967320261437908
0 0.3338235294117647 0.5437908496732026 0.051470588235294115 0.07320261437908497
0 0.3040441176470588 0.6503267973856209 0.05073529411764706 0.06928104575163399
0 0.3613970588235294 0.7823529411764706 0.04485294117647059 0.12156862745098039
0 0.8279411764705882 0.7607843137254902 0.04852941176470588 0.0915032679738562
0 0.8922794117647059 0.9026143790849673 0.0875 0.13725490196078433
0 0.7705882352941177 0.5895424836601307 0.045588235294117645 0.07320261437908497
0 0.7408088235294118 0.5235294117647059 0.03897058823529412 0.06405228758169934
0 0.7180147058823529 0.46143790849673205 0.03161764705882353 0.05751633986928104
0 0.6849264705882353 0.3738562091503268 0.03308823529411765 0.04183006535947712
0 0.8011029411764706 0.5222222222222223 0.04191176470588235 0.050980392156862744
3 0.7378676470588236 0.40065359477124185 0.05367647058823529 0.050980392156862744
0 0.8025735294117647 0.4300653594771242 0.04485294117647059 0.0784313725490196
0 0.7069852941176471 0.3483660130718954 0.05220588235294118 0.032679738562091505
0 0.6606617647058823 0.3300653594771242 0.022794117647058822 0.032679738562091505
0 0.6202205882352941 0.3235294117647059 0.021323529411764706 0.027450980392156862
0 0.3382352941176471 0.3718954248366013 0.030882352941176472 0.040522875816993466
0 0.3323529411764706 0.2549019607843137 0.039705882352941174 0.026143790849673203
0 0.36617647058823527 0.2875816993464052 0.023529411764705882 0.044444444444444446
0 0.3356617647058823 0.23006535947712417 0.03602941176470588 0.02875816993464052
0 0.31948529411764703 0.21437908496732025 0.028676470588235293 0.023529411764705882
0 0.40808823529411764 0.16993464052287582 0.013235294117647059 0.018300653594771243
0 0.5066176470588235 0.12091503267973856 0.008823529411764706 0.01437908496732026
0 0.5003676470588235 0.08954248366013072 0.008088235294117648 0.01437908496732026
0 0.5058823529411764 0.08235294117647059 0.007352941176470588 0.01045751633986928
0 0.5014705882352941 0.06928104575163399 0.007352941176470588 0.01045751633986928
0 0.5386029411764706 0.13725490196078433 0.0125 0.023529411764705882
0 0.42463235294117646 0.12222222222222222 0.008088235294117648 0.01437908496732026
0 0.42683823529411763 0.11633986928104575 0.008088235294117648 0.01045751633986928
0 0.4338235294117647 0.1 0.008823529411764706 0.011764705882352941
0 0.5279411764705882 0.09607843137254903 0.008823529411764706 0.01437908496732026
0 0.5227941176470589 0.08235294117647059 0.007352941176470588 0.013071895424836602
0 0.5330882352941176 0.12287581699346405 0.011764705882352941 0.013071895424836602
0 0.5338235294117647 0.11241830065359477 0.010294117647058823 0.013071895424836602
0 0.6099264705882353 0.2281045751633987 0.0375 0.02483660130718954
0 0.6360294117647058 0.28104575163398693 0.026470588235294117 0.03137254901960784
