3 0.4922794117647059 0.036601307189542485 0.013970588235294118 0.03137254901960784
3 0.53125 0.04771241830065359 0.015441176470588236 0.030065359477124184
3 0.5238970588235294 0.022222222222222223 0.02426470588235294 0.02875816993464052
3 0.6599264705882353 0.2908496732026144 0.05955882352941176 0.06405228758169934
3 0.6488970588235294 0.2679738562091503 0.05808823529411765 0.05228758169934641
0 0.2555147058823529 0.6026143790849673 0.12720588235294117 0.09411764705882353
0 0.07205882352941176 0.5797385620915033 0.13676470588235295 0.08758169934640522
0 0.19705882352941176 0.48562091503267973 0.10882352941176471 0.09281045751633987
0 0.36764705882352944 0.873202614379085 0.11911764705882352 0.23006535947712417
0 0.5625 0.6941176470588235 0.12352941176470589 0.13333333333333333
0 0.4625 0.6143790849673203 0.11323529411764706 0.0915032679738562
0 0.5838235294117647 0.28366013071895424 0.030882352941176472 0.05751633986928104
0 0.4308823529411765 0.22026143790849673 0.027941176470588237 0.05620915032679739
0 0.4147058823529412 0.3464052287581699 0.039705882352941174 0.07581699346405228
0 0.3577205882352941 0.33137254901960783 0.04191176470588235 0.06666666666666667
0 0.5216911764705883 0.06993464052287582 0.016911764705882352 0.030065359477124184
0 0.5830882352941177 0.13398692810457516 0.04852941176470588 0.03790849673202614
0 0.5613970588235294 0.048366013071895426 0.03602941176470588 0.02875816993464052
0 0.5602941176470588 0.03202614379084967 0.026470588235294117 0.022222222222222223
0 0.5253676470588236 0.00849673202614379 0.013970588235294118 0.01699346405228758
0 0.4213235294117647 0.013725490196078431 0.011764705882352941 0.02483660130718954
0 0.4025735294117647 0.02679738562091503 0.03308823529411765 0.02483660130718954
0 0.39889705882352944 0.049019607843137254 0.028676470588235293 0.02483660130718954
0 0.40404411764705883 0.06339869281045751 0.015441176470588236 0.032679738562091505
0 0.37426470588235294 0.06666666666666667 0.03823529411764706 0.026143790849673203
0 0.38125 0.08496732026143791 0.03897058823529412 0.02875816993464052
0 0.3863970588235294 0.09803921568627451 0.028676470588235293 0.03398692810457516
0 0.38676470588235295 0.12026143790849673 0.025 0.0392156862745098
0 0.3790441176470588 0.14313725490196078 0.025735294117647058 0.040522875816993466
0 0.3738970588235294 0.17254901960784313 0.025735294117647058 0.044444444444444446
0 0.34816176470588234 0.12483660130718954 0.0375 0.03529411764705882
0 0.31985294117647056 0.17124183006535948 0.060294117647058824 0.036601307189542485
0 0.3150735294117647 0.2084967320261438 0.05073529411764706 0.05359477124183006
0 0.24154411764705883 0.2823529411764706 0.05955882352941176 0.047058823529411764
3 0.26801470588235293 0.2222222222222222 0.08455882352941177 0.06797385620915032
0 0.9573529411764706 0.5888888888888889 0.08529411764705883 0.07973856209150326
3 0.9466911764705882 0.43333333333333335 0.10661764705882353 0.12418300653594772
0 0.6308823529411764 0.2496732026143791 0.05 0.044444444444444446
0 0.6150735294117647 0.21568627450980393 0.06544117647058824 0.044444444444444446
