0 0.2474264705882353 0.9196078431372549 0.08455882352941177 0.0718954248366013
0 0.3202205882352941 0.8915032679738563 0.04044117647058824 0.12026143790849673
3 0.4764705882352941 0.9163398692810457 0.03823529411764706 0.13333333333333333
0 0.6459558823529412 0.9915032679738562 0.07867647058823529 0.01699346405228758
0 0.5875 0.9483660130718954 0.07794117647058824 0.06666666666666667
3 0.6316176470588235 0.8816993464052287 0.08970588235294118 0.08496732026143791
0 0.6452205882352942 0.8326797385620915 0.0713235294117647 0.05751633986928104
0 0.6911764705882353 0.7849673202614379 0.07352941176470588 0.06143790849673202
0 0.6132352941176471 0.7823529411764706 0.07352941176470588 0.05620915032679739
0 0.6224264705882353 0.7254901960784313 0.0713235294117647 0.06535947712418301
0 0.5919117647058824 0.6823529411764706 0.06470588235294118 0.054901960784313725
0 0.6029411764705882 0.6535947712418301 0.06470588235294118 0.054901960784313725
0 0.6213235294117647 0.6111111111111112 0.057352941176470586 0.050980392156862744
0 0.6084558823529411 0.5764705882352941 0.06544117647058824 0.04967320261437908
0 0.6198529411764706 0.5372549019607843 0.061764705882352944 0.044444444444444446
0 0.3191176470588235 0.734640522875817 0.061764705882352944 0.08104575163398693
3 0.3738970588235294 0.6594771241830065 0.03455882352941177 0.09019607843137255
0 0.4915441176470588 0.5392156862745098 0.028676470588235293 0.06143790849673202
0 0.42720588235294116 0.4823529411764706 0.026470588235294117 0.06013071895424837
0 0.5080882352941176 0.4620915032679739 0.022058823529411766 0.050980392156862744
0 0.5099264705882353 0.39019607843137255 0.019852941176470587 0.040522875816993466
1 0.4713235294117647 0.38235294117647056 0.03529411764705882 0.1503267973856209
0 0.7974264705882353 0.9679738562091503 0.04338235294117647 0.06405228758169934
0 0.7268382352941176 0.43856209150326797 0.025735294117647058 0.06143790849673202
3 0.6974264705882353 0.4287581699346405 0.027205882352941177 0.054901960784313725
0 0.6308823529411764 0.4588235294117647 0.052941176470588235 0.0392156862745098
0 0.6235294117647059 0.43137254901960786 0.04852941176470588 0.03398692810457516
0 0.5496323529411765 0.40784313725490196 0.0375 0.054901960784313725
3 0.7022058823529411 0.30522875816993467 0.026470588235294117 0.0457516339869281
0 0.7227941176470588 0.30980392156862746 0.023529411764705882 0.03137254901960784
3 0.6801470588235294 0.3104575163398693 0.01911764705882353 0.040522875816993466
0 0.6547794117647059 0.3104575163398693 0.03308823529411765 0.048366013071895426
0 0.8143382352941176 0.21045751633986928 0.03897058823529412 0.02875816993464052
0 0.6088235294117647 0.33398692810457514 0.023529411764705882 0.043137254901960784
0 0.5551470588235294 0.3084967320261438 0.022058823529411766 0.04183006535947712
0 0.50625 0.3156862745098039 0.021323529411764706 0.040522875816993466
1 0.43419117647058825 0.27124183006535946 0.025735294117647058 0.058823529411764705
1 0.4363970588235294 0.22418300653594772 0.019852941176470587 0.05359477124183006
3 0.4125 0.19934640522875818 0.029411764705882353 0.030065359477124184
0 0.524264705882353 0.26862745098039215 0.01764705882352941 0.03790849673202614
1 0.48125 0.21241830065359477 0.022794117647058822 0.07450980392156863
0 0.5294117647058824 0.1830065359477124 0.014705882352941176 0.02875816993464052
0 0.55 0.1437908496732026 0.014705882352941176 0.02875816993464052
0 0.549264705882353 0.11830065359477124 0.011764705882352941 0.022222222222222223
0 0.5448529411764705 0.09607843137254903 0.01764705882352941 0.02483660130718954
0 0.4522058823529412 0.15816993464052287 0.016176470588235296 0.02875816993464052
0 0.42720588235294116 0.16993464052287582 0.016176470588235296 0.02875816993464052
0 0.45955882352941174 0.13594771241830064 0.014705882352941176 0.02875816993464052
3 0.4426470588235294 0.12156862745098039 0.014705882352941176 0.03137254901960784
3 0.4073529411764706 0.09281045751633987 0.014705882352941176 0.03137254901960784
0 0.5209558823529412 0.08300653594771241 0.0125 0.022222222222222223
3 0.5959558823529412 0.013071895424836602 0.0125 0.026143790849673203
1 0.5463235294117647 0.016339869281045753 0.011764705882352941 0.02483660130718954
0 0.5268382352941177 0.020261437908496733 0.011029411764705883 0.01699346405228758
1 0.4948529411764706 0.08104575163398693 0.01911764705882353 0.06274509803921569
3 0.49779411764705883 0.029411764705882353 0.010294117647058823 0.02483660130718954
0 0.5073529411764706 0.00718954248366013 0.010294117647058823 0.01437908496732026
3 0.4698529411764706 0.02875816993464052 0.01764705882352941 0.026143790849673203
0 0.47941176470588237 0.00522875816993464 0.013235294117647059 0.01045751633986928
0 0.44779411764705884 0.021568627450980392 0.011764705882352941 0.0196078431372549
3 0.42573529411764705 0.013725490196078431 0.010294117647058823 0.022222222222222223
1 0.3966911764705882 0.047058823529411764 0.04779411764705882 0.03398692810457516
