0 0.10477941176470588 0.4392156862745098 0.07573529411764705 0.0392156862745098
0 0.13088235294117648 0.3366013071895425 0.041176470588235294 0.02483660130718954
0 0.09044117647058823 0.3516339869281046 0.045588235294117645 0.02875816993464052
0 0.08713235294117647 0.29215686274509806 0.03161764705882353 0.02483660130718954
0 0.11176470588235295 0.28169934640522876 0.033823529411764704 0.022222222222222223
0 0.04926470588235294 0.31176470588235294 0.041176470588235294 0.032679738562091505
0 0.01764705882352941 0.31437908496732025 0.033823529411764704 0.032679738562091505
0 0.17904411764705883 0.5418300653594771 0.04926470588235294 0.06143790849673202
0 0.22830882352941176 0.5777777777777777 0.0375 0.07581699346405228
0 0.26948529411764705 0.6084967320261437 0.06691176470588235 0.08496732026143791
0 0.3150735294117647 0.6202614379084967 0.06397058823529411 0.07973856209150326
0 0.38382352941176473 0.6320261437908496 0.06323529411764706 0.08235294117647059
0 0.4345588235294118 0.6555555555555556 0.058823529411764705 0.08235294117647059
0 0.4904411764705882 0.6712418300653594 0.054411764705882354 0.07712418300653595
0 0.5301470588235294 0.6856209150326797 0.052941176470588235 0.08758169934640522
0 0.5786764705882353 0.692156862745098 0.05 0.08496732026143791
0 0.6900735294117647 0.74640522875817 0.05220588235294118 0.09673202614379085
0 0.7577205882352941 0.7588235294117647 0.05514705882352941 0.09803921568627451
0 0.6286764705882353 0.722875816993464 0.054411764705882354 0.08104575163398693
3 0.047058823529411764 0.8058823529411765 0.09411764705882353 0.10588235294117647
0 0.0849264705882353 0.8980392156862745 0.11838235294117647 0.17254901960784313
0 0.18823529411764706 0.8 0.027941176470588237 0.04967320261437908
0 0.39044117647058824 0.961437908496732 0.10735294117647058 0.07712418300653595
0 0.4904411764705882 0.9745098039215686 0.07794117647058824 0.050980392156862744
