1 0.26588541666666665 0.16435185185185186 0.044270833333333336 0.03981481481481482
0 0.2791666666666667 0.13657407407407407 0.026041666666666668 0.017592592592592594
0 0.28359375 0.1337962962962963 0.024479166666666666 0.017592592592592594
0 0.3229166666666667 0.12731481481481483 0.021875 0.017592592592592594
1 0.21744791666666666 0.09675925925925925 0.0328125 0.026851851851851852
1 0.19739583333333333 0.10416666666666667 0.026041666666666668 0.021296296296296296
1 0.19296875 0.10601851851851851 0.024479166666666666 0.021296296296296296
0 0.165625 0.11157407407407408 0.019791666666666666 0.017592592592592594
1 0.15677083333333333 0.11018518518518519 0.027083333333333334 0.022222222222222223
3 0.3028645833333333 0.5787037037037037 0.0671875 0.14074074074074075
0 0.3497395833333333 0.5032407407407408 0.0484375 0.08425925925925926
0 0.6825520833333333 0.7097222222222223 0.06614583333333333 0.11944444444444445
1 0.38255208333333335 0.35324074074074074 0.04010416666666667 0.10462962962962963
1 0.3953125 0.32083333333333336 0.03854166666666667 0.07685185185185185
1 0.41770833333333335 0.2675925925925926 0.028125 0.07592592592592592
0 0.4861979166666667 0.23148148148148148 0.016145833333333335 0.027777777777777776
0 0.509375 0.17592592592592593 0.0125 0.020370370370370372
1 0.44557291666666665 0.18611111111111112 0.019270833333333334 0.02962962962962963
1 0.4510416666666667 0.1726851851851852 0.017708333333333333 0.030555555555555555
0 0.46119791666666665 0.14814814814814814 0.0109375 0.016666666666666666
1 0.4630208333333333 0.1388888888888889 0.013541666666666667 0.024074074074074074
1 0.46927083333333336 0.11527777777777778 0.0125 0.028703703703703703
