3 0.2889705882352941 0.6660130718954248 0.19705882352941176 0.2784313725490196
0 0.6992647058823529 0.5013071895424837 0.11176470588235295 0.134640522875817
0 0.8220588235294117 0.4398692810457516 0.09411764705882353 0.12679738562091503
0 0.8772058823529412 0.3156862745098039 0.07352941176470588 0.09542483660130718
0 0.8963235294117647 0.18627450980392157 0.058823529411764705 0.07450980392156863
0 0.9511029411764705 0.0784313725490196 0.06397058823529411 0.054901960784313725
0 0.9838235294117647 0.1 0.03235294117647059 0.06143790849673202
0 0.7606617647058823 0.13594771241830064 0.06985294117647059 0.06535947712418301
3 0.7970588235294118 0.11830065359477124 0.060294117647058824 0.06405228758169934
0 0.8676470588235294 0.06666666666666667 0.060294117647058824 0.05751633986928104
0 0.5209558823529412 0.26405228758169935 0.08602941176470588 0.06797385620915032
3 0.6488970588235294 0.20326797385620915 0.07573529411764705 0.08496732026143791
0 0.4415441176470588 0.3084967320261438 0.09338235294117647 0.11241830065359477
0 0.028676470588235293 0.08823529411764706 0.057352941176470586 0.05620915032679739
0 0.04852941176470588 0.11699346405228758 0.06764705882352941 0.06143790849673202
0 0.08014705882352942 0.12156862745098039 0.06911764705882353 0.054901960784313725
0 0.13125 0.13529411764705881 0.08161764705882353 0.043137254901960784
0 0.12867647058823528 0.1627450980392157 0.08088235294117647 0.06928104575163399
3 0.14669117647058824 0.21045751633986928 0.0625 0.08104575163398693
0 0.9014705882352941 0.03986928104575163 0.04852941176470588 0.03790849673202614
0 0.9319852941176471 0.034640522875816995 0.04044117647058824 0.03790849673202614
