0 0.4375 0.7351851851851852 0.057291666666666664 0.10740740740740741
0 0.46796875 0.5805555555555556 0.03697916666666667 0.04814814814814815
0 0.45078125 0.4828703703703704 0.021354166666666667 0.021296296296296296
0 0.44557291666666665 0.4685185185185185 0.019270833333333334 0.016666666666666666
0 0.6036458333333333 0.48518518518518516 0.021875 0.024074074074074074
0 0.584375 0.4810185185185185 0.023958333333333335 0.021296296296296296
0 0.56796875 0.47638888888888886 0.021354166666666667 0.021296296296296296
0 0.6361979166666667 0.4930555555555556 0.028645833333333332 0.025
2 0.51015625 0.48148148148148145 0.0328125 0.04814814814814815
1 0.4 0.46944444444444444 0.021875 0.022222222222222223
1 0.59453125 0.350462962962963 0.0390625 0.028703703703703703
