0 0.41066176470588234 0.6947712418300653 0.06102941176470588 0.1738562091503268
0 0.63125 0.6862745098039216 0.07573529411764705 0.17777777777777778
0 0.4933823529411765 0.44901960784313727 0.04852941176470588 0.134640522875817
0 0.6088235294117647 0.4261437908496732 0.052941176470588235 0.11241830065359477
0 0.5128676470588235 0.2647058823529412 0.04044117647058824 0.06928104575163399
0 0.12904411764705884 0.5104575163398692 0.07426470588235294 0.12941176470588237
1 0.05919117647058823 0.1326797385620915 0.05073529411764706 0.06405228758169934
0 0.4566176470588235 0.05163398692810457 0.023529411764705882 0.050980392156862744
0 0.5022058823529412 0.09019607843137255 0.029411764705882353 0.054901960784313725
3 0.42830882352941174 0.0392156862745098 0.028676470588235293 0.06013071895424837
0 0.3110294117647059 0.0803921568627451 0.033823529411764704 0.06143790849673202
0 0.7415441176470589 0.15751633986928104 0.05073529411764706 0.058823529411764705
0 0.5474264705882353 0.03071895424836601 0.022794117647058822 0.050980392156862744
0 0.15735294117647058 0.12549019607843137 0.0661764705882353 0.036601307189542485
0 0.1786764705882353 0.08954248366013072 0.05588235294117647 0.040522875816993466
3 0.17316176470588235 0.01699346405228758 0.04779411764705882 0.03398692810457516
0 0.6716911764705882 0.038562091503267976 0.0713235294117647 0.03529411764705882
3 0.7875 0.06405228758169934 0.041176470588235294 0.054901960784313725
0 0.7617647058823529 0.025490196078431372 0.041176470588235294 0.03529411764705882
1 0.6066176470588235 0.06862745098039216 0.014705882352941176 0.032679738562091505
0 0.033823529411764704 0.8235294117647058 0.06764705882352941 0.19607843137254902
