0 0.04338235294117647 0.6562091503267974 0.08676470588235294 0.11241830065359477
0 0.06985294117647059 0.469281045751634 0.11470588235294117 0.11241830065359477
0 0.022058823529411766 0.06993464052287582 0.04411764705882353 0.03790849673202614
3 0.013602941176470588 0.18366013071895426 0.027205882352941177 0.06928104575163399
0 0.022058823529411766 0.03202614379084967 0.04411764705882353 0.03529411764705882
0 0.034926470588235295 0.011764705882352941 0.04926470588235294 0.023529411764705882
0 0.07794117647058824 0.009150326797385621 0.030882352941176472 0.018300653594771243
0 0.09926470588235294 0.013725490196078431 0.023529411764705882 0.027450980392156862
0 0.20294117647058824 0.01437908496732026 0.04411764705882353 0.026143790849673203
0 0.1988970588235294 0.02679738562091503 0.03308823529411765 0.027450980392156862
0 0.20588235294117646 0.03594771241830065 0.03676470588235294 0.032679738562091505
0 0.19411764705882353 0.07058823529411765 0.04411764705882353 0.03398692810457516
0 0.12830882352941175 0.09019607843137255 0.0375 0.03398692810457516
0 0.17573529411764705 0.09281045751633987 0.027941176470588237 0.04183006535947712
0 0.15845588235294117 0.12287581699346405 0.04926470588235294 0.036601307189542485
3 0.17058823529411765 0.15620915032679739 0.06470588235294118 0.048366013071895426
0 0.1761029411764706 0.1934640522875817 0.07573529411764705 0.05751633986928104
0 0.14852941176470588 0.2281045751633987 0.06911764705882353 0.050980392156862744
3 0.16397058823529412 0.24509803921568626 0.07941176470588235 0.06928104575163399
3 0.031985294117647056 0.33398692810457514 0.06397058823529411 0.08235294117647059
0 0.10183823529411765 0.39019607843137255 0.09485294117647058 0.07712418300653595
