1 0.3058823529411765 0.9150326797385621 0.1161764705882353 0.11241830065359477
3 0.3272058823529412 0.8490196078431372 0.09558823529411764 0.08758169934640522
0 0.3588235294117647 0.7326797385620915 0.1 0.07973856209150326
0 0.3209558823529412 0.5424836601307189 0.06397058823529411 0.13333333333333333
0 0.40147058823529413 0.5052287581699346 0.07058823529411765 0.06928104575163399
0 0.4088235294117647 0.4562091503267974 0.057352941176470586 0.04967320261437908
0 0.44080882352941175 0.41830065359477125 0.05220588235294118 0.06274509803921569
0 0.41875 0.37450980392156863 0.05955882352941176 0.040522875816993466
1 0.3977941176470588 0.3333333333333333 0.07941176470588235 0.06274509803921569
0 0.4404411764705882 0.2934640522875817 0.047058823529411764 0.048366013071895426
3 0.4411764705882353 0.26405228758169935 0.041176470588235294 0.04967320261437908
0 0.44485294117647056 0.24052287581699347 0.03823529411764706 0.0392156862745098
0 0.45441176470588235 0.1738562091503268 0.025 0.036601307189542485
0 0.4672794117647059 0.14901960784313725 0.030147058823529412 0.026143790849673203
0 0.4852941176470588 0.13333333333333333 0.016176470588235296 0.03137254901960784
0 0.4636029411764706 0.12679738562091503 0.015441176470588236 0.026143790849673203
1 0.45955882352941174 0.11176470588235295 0.03823529411764706 0.027450980392156862
0 0.4753676470588235 0.10392156862745099 0.025735294117647058 0.02483660130718954
0 0.4698529411764706 0.08758169934640522 0.014705882352941176 0.023529411764705882
0 0.4426470588235294 0.07973856209150326 0.029411764705882353 0.02091503267973856
0 0.45 0.060784313725490195 0.025 0.01699346405228758
0 0.4738970588235294 0.056862745098039215 0.025735294117647058 0.022222222222222223
3 0.4797794117647059 0.043137254901960784 0.0125 0.026143790849673203
0 0.49926470588235294 0.0542483660130719 0.013235294117647059 0.02483660130718954
0 0.4834558823529412 0.038562091503267976 0.022794117647058822 0.0196078431372549
0 0.45808823529411763 0.03202614379084967 0.023529411764705882 0.022222222222222223
0 0.4849264705882353 0.02679738562091503 0.0125 0.01699346405228758
0 0.48566176470588235 0.0196078431372549 0.009558823529411765 0.01568627450980392
0 0.4948529411764706 0.01568627450980392 0.016176470588235296 0.018300653594771243
0 0.49669117647058825 0.006535947712418301 0.01838235294117647 0.013071895424836602
0 0.7463235294117647 0.9026143790849673 0.06323529411764706 0.1477124183006536
0 0.8125 0.6398692810457516 0.060294117647058824 0.06666666666666667
0 0.6191176470588236 0.5137254901960784 0.033823529411764704 0.07320261437908497
0 0.6136029411764706 0.44313725490196076 0.03161764705882353 0.06013071895424837
0 0.5955882352941176 0.25620915032679736 0.01911764705882353 0.036601307189542485
0 0.5459558823529411 0.29869281045751633 0.022794117647058822 0.040522875816993466
0 0.5922794117647059 0.2235294117647059 0.021323529411764706 0.03398692810457516
1 0.5088235294117647 0.23790849673202613 0.030882352941176472 0.07581699346405228
0 0.5889705882352941 0.19215686274509805 0.01764705882352941 0.03137254901960784
0 0.580514705882353 0.15359477124183007 0.01838235294117647 0.027450980392156862
0 0.5386029411764706 0.16143790849673204 0.016911764705882352 0.032679738562091505
0 0.5827205882352942 0.13398692810457516 0.015441176470588236 0.02483660130718954
0 0.5823529411764706 0.11633986928104575 0.014705882352941176 0.02091503267973856
0 0.5893382352941177 0.10130718954248366 0.030147058823529412 0.027450980392156862
0 0.5654411764705882 0.10915032679738562 0.013235294117647059 0.02483660130718954
0 0.5731617647058823 0.08104575163398693 0.025735294117647058 0.026143790849673203
0 0.5783088235294118 0.06470588235294118 0.028676470588235293 0.022222222222222223
0 0.5621323529411765 0.04183006535947712 0.025735294117647058 0.018300653594771243
0 0.5871323529411765 0.05032679738562092 0.02426470588235294 0.01437908496732026
0 0.5661764705882353 0.03071895424836601 0.020588235294117647 0.01437908496732026
0 0.5625 0.02483660130718954 0.022058823529411766 0.01568627450980392
0 0.5533088235294118 0.02091503267973856 0.021323529411764706 0.018300653594771243
0 0.5621323529411765 0.016339869281045753 0.027205882352941177 0.0196078431372549
0 0.5959558823529412 0.04771241830065359 0.019852941176470587 0.01699346405228758
0 0.5944852941176471 0.041176470588235294 0.021323529411764706 0.01437908496732026
