3 0.8401041666666667 0.8083333333333333 0.046875 0.11296296296296296
0 0.5489583333333333 0.549074074074074 0.052083333333333336 0.03888888888888889
0 0.525 0.5888888888888889 0.052083333333333336 0.044444444444444446
1 0.575 0.5962962962962963 0.075 0.07407407407407407
0 0.6473958333333333 0.5472222222222223 0.04895833333333333 0.03888888888888889
0 0.203125 0.5009259259259259 0.05 0.046296296296296294
3 0.253125 0.5138888888888888 0.05625 0.053703703703703705
0 0.28958333333333336 0.4787037037037037 0.05 0.03518518518518519
0 0.7380208333333333 0.512962962962963 0.04479166666666667 0.037037037037037035
0 0.7864583333333334 0.5314814814814814 0.05 0.040740740740740744
0 0.8765625 0.4009259259259259 0.036458333333333336 0.03148148148148148
0 0.9390625 0.38333333333333336 0.034375 0.03333333333333333
0 0.95 0.4 0.0375 0.02962962962962963
0 0.984375 0.37037037037037035 0.03125 0.03333333333333333
3 0.6036458333333333 0.3962962962962963 0.026041666666666668 0.037037037037037035
0 0.5802083333333333 0.41944444444444445 0.035416666666666666 0.03148148148148148
1 0.10104166666666667 0.3490740740740741 0.035416666666666666 0.03518518518518519
0 0.14427083333333332 0.7814814814814814 0.08229166666666667 0.06666666666666667
0 0.3848958333333333 0.6796296296296296 0.06145833333333333 0.05555555555555555
1 0.2421875 0.6648148148148149 0.228125 0.17037037037037037
1 0.29375 0.6037037037037037 0.21875 0.1259259259259259
