0 0.3182291666666667 0.6453703703703704 0.057291666666666664 0.06481481481481481
0 0.1546875 0.924074074074074 0.05520833333333333 0.15185185185185185
0 0.2708333333333333 0.9277777777777778 0.08125 0.14444444444444443
0 0.1625 0.5527777777777778 0.029166666666666667 0.06111111111111111
0 0.23802083333333332 0.5046296296296297 0.026041666666666668 0.046296296296296294
0 0.10364583333333334 0.4564814814814815 0.026041666666666668 0.05
0 0.35833333333333334 0.5425925925925926 0.03125 0.05185185185185185
0 0.36666666666666664 0.6064814814814815 0.035416666666666666 0.06111111111111111
0 0.3380208333333333 0.48055555555555557 0.026041666666666668 0.03888888888888889
0 0.2359375 0.3648148148148148 0.017708333333333333 0.02962962962962963
0 0.2557291666666667 0.3453703703703704 0.017708333333333333 0.027777777777777776
0 0.22708333333333333 0.3333333333333333 0.01875 0.025925925925925925
0 0.1375 0.362962962962963 0.01875 0.02962962962962963
0 0.18958333333333333 0.28888888888888886 0.014583333333333334 0.022222222222222223
0 0.1890625 0.24166666666666667 0.011458333333333333 0.016666666666666666
0 0.17083333333333334 0.2462962962962963 0.0125 0.014814814814814815
0 0.15625 0.25555555555555554 0.0125 0.014814814814814815
3 0.21875 0.25833333333333336 0.0125 0.020370370370370372
0 0.26927083333333335 0.27037037037037037 0.013541666666666667 0.014814814814814815
0 0.2604166666666667 0.2518518518518518 0.0125 0.018518518518518517
0 0.11145833333333334 0.425 0.022916666666666665 0.03148148148148148
0 0.11875 0.38425925925925924 0.01875 0.027777777777777776
0 0.13541666666666666 0.3425925925925926 0.020833333333333332 0.022222222222222223
0 0.13802083333333334 0.32407407407407407 0.021875 0.025925925925925925
1 0.1390625 0.30277777777777776 0.015625 0.027777777777777776
0 0.14895833333333333 0.29074074074074074 0.016666666666666666 0.022222222222222223
0 0.14791666666666667 0.28055555555555556 0.010416666666666666 0.020370370370370372
0 0.15364583333333334 0.2490740740740741 0.011458333333333333 0.020370370370370372
0 0.15625 0.24259259259259258 0.010416666666666666 0.018518518518518517
0 0.159375 0.225 0.010416666666666666 0.012962962962962963
0 0.19427083333333334 0.23055555555555557 0.009375 0.012962962962962963
0 0.19635416666666666 0.21851851851851853 0.009375 0.014814814814814815
0 0.19479166666666667 0.2101851851851852 0.008333333333333333 0.012962962962962963
0 0.23072916666666668 0.21296296296296297 0.011458333333333333 0.014814814814814815
0 0.24635416666666668 0.20925925925925926 0.009375 0.011111111111111112
3 0.2552083333333333 0.23148148148148148 0.008333333333333333 0.018518518518518517
0 0.275 0.2861111111111111 0.0125 0.016666666666666666
0 0.2796875 0.2972222222222222 0.015625 0.020370370370370372
0 0.2869791666666667 0.3148148148148148 0.013541666666666667 0.022222222222222223
3 0.29635416666666664 0.3574074074074074 0.019791666666666666 0.02962962962962963
0 0.30364583333333334 0.387037037037037 0.019791666666666666 0.02962962962962963
3 0.3203125 0.42777777777777776 0.023958333333333335 0.040740740740740744
3 0.7010416666666667 0.6851851851851852 0.06458333333333334 0.06666666666666667
0 0.6020833333333333 0.6824074074074075 0.07083333333333333 0.053703703703703705
0 0.013541666666666667 0.6027777777777777 0.027083333333333334 0.03148148148148148
0 0.011458333333333333 0.5555555555555556 0.022916666666666665 0.03333333333333333
0 0.28229166666666666 0.23055555555555557 0.025 0.020370370370370372
0 0.27447916666666666 0.20277777777777778 0.019791666666666666 0.016666666666666666
