3 0.05 0.28169934640522876 0.039705882352941174 0.05359477124183006
0 0.05330882352941176 0.6379084967320261 0.04485294117647059 0.044444444444444446
0 0.20698529411764705 0.5836601307189543 0.04485294117647059 0.043137254901960784
0 0.43051470588235297 0.5228758169934641 0.04044117647058824 0.044444444444444446
0 0.7290441176470588 0.7058823529411765 0.04191176470588235 0.054901960784313725
0 0.9772058823529411 0.42091503267973857 0.045588235294117645 0.044444444444444446
0 0.8941176470588236 0.4980392156862745 0.045588235294117645 0.044444444444444446
0 0.8753676470588235 0.33137254901960783 0.04191176470588235 0.03529411764705882
3 0.9069852941176471 0.6692810457516339 0.04044117647058824 0.0392156862745098
3 0.9628676470588236 0.6359477124183006 0.03897058823529412 0.027450980392156862
0 0.4007352941176471 0.04183006535947712 0.022058823529411766 0.08366013071895424
0 0.5477941176470589 0.9862745098039216 0.027941176470588237 0.02483660130718954
