0 0.13051470588235295 0.5254901960784314 0.05367647058823529 0.04183006535947712
0 0.23566176470588235 0.842483660130719 0.021323529411764706 0.0457516339869281
0 0.43308823529411766 0.9124183006535947 0.060294117647058824 0.12287581699346405
0 0.47573529411764703 0.738562091503268 0.04852941176470588 0.09673202614379085
0 0.5283088235294118 0.5254901960784314 0.028676470588235293 0.047058823529411764
0 0.5154411764705882 0.5967320261437908 0.029411764705882353 0.05359477124183006
0 0.5705882352941176 0.5241830065359477 0.022058823529411766 0.0392156862745098
0 0.6415441176470589 0.46339869281045754 0.01838235294117647 0.03529411764705882
0 0.5143382352941176 0.4764705882352941 0.021323529411764706 0.03529411764705882
0 0.4411764705882353 0.4699346405228758 0.023529411764705882 0.032679738562091505
0 0.475 0.40980392156862744 0.020588235294117647 0.02483660130718954
0 0.54375 0.45555555555555555 0.021323529411764706 0.040522875816993466
0 0.6125 0.4117647058823529 0.01764705882352941 0.026143790849673203
0 0.5584558823529412 0.4045751633986928 0.015441176470588236 0.027450980392156862
3 0.49669117647058825 0.6457516339869281 0.03161764705882353 0.0784313725490196
0 0.6125 0.34967320261437906 0.013235294117647059 0.0196078431372549
0 0.5466911764705882 0.7235294117647059 0.03897058823529412 0.07973856209150326
3 0.5558823529411765 0.592156862745098 0.029411764705882353 0.07058823529411765
0 0.7573529411764706 0.5215686274509804 0.025 0.0392156862745098
0 0.7481617647058824 0.4973856209150327 0.025735294117647058 0.03529411764705882
0 0.7375 0.47320261437908495 0.022058823529411766 0.02875816993464052
3 0.7305147058823529 0.4516339869281046 0.019852941176470587 0.027450980392156862
0 0.5731617647058823 0.4673202614379085 0.021323529411764706 0.043137254901960784
0 0.5400735294117647 0.4294117647058823 0.02426470588235294 0.030065359477124184
0 0.5386029411764706 0.4111111111111111 0.015441176470588236 0.02483660130718954
0 0.5830882352941177 0.3673202614379085 0.013235294117647059 0.02091503267973856
0 0.5669117647058823 0.3457516339869281 0.011764705882352941 0.0196078431372549
0 0.6132352941176471 0.32679738562091504 0.011764705882352941 0.01568627450980392
0 0.6194852941176471 0.28888888888888886 0.008088235294117648 0.01568627450980392
0 0.5768382352941176 0.434640522875817 0.019852941176470587 0.030065359477124184
0 0.5797794117647059 0.4091503267973856 0.015441176470588236 0.023529411764705882
0 0.5841911764705883 0.3895424836601307 0.015441176470588236 0.023529411764705882
0 0.6147058823529412 0.3888888888888889 0.016176470588235296 0.0196078431372549
0 0.6121323529411765 0.31176470588235294 0.009558823529411765 0.01437908496732026
0 0.6158088235294118 0.3006535947712418 0.008088235294117648 0.01045751633986928
0 0.49963235294117647 0.365359477124183 0.013970588235294118 0.022222222222222223
0 0.5051470588235294 0.35751633986928105 0.011764705882352941 0.01699346405228758
0 0.5117647058823529 0.34967320261437906 0.011764705882352941 0.01699346405228758
0 0.5305147058823529 0.31241830065359477 0.011029411764705883 0.01568627450980392
3 0.5540441176470589 0.2718954248366013 0.008088235294117648 0.01568627450980392
0 0.5904411764705882 0.26666666666666666 0.007352941176470588 0.013071895424836602
0 0.600735294117647 0.26601307189542484 0.007352941176470588 0.011764705882352941
0 0.6128676470588236 0.2803921568627451 0.008088235294117648 0.011764705882352941
0 0.6183823529411765 0.269281045751634 0.007352941176470588 0.01045751633986928
0 0.6863970588235294 0.34248366013071896 0.013970588235294118 0.01568627450980392
0 0.6827205882352941 0.33137254901960783 0.011029411764705883 0.01437908496732026
0 0.6779411764705883 0.31895424836601305 0.010294117647058823 0.01568627450980392
0 0.7481617647058824 0.3405228758169935 0.0125 0.01437908496732026
