0 0.5261029411764706 0.7241830065359477 0.06397058823529411 0.15947712418300652
0 0.3316176470588235 0.5254901960784314 0.051470588235294115 0.09673202614379085
0 0.3985294117647059 0.46078431372549017 0.03529411764705882 0.07973856209150326
0 0.4415441176470588 0.3352941176470588 0.03308823529411765 0.06405228758169934
0 0.47573529411764703 0.21176470588235294 0.03235294117647059 0.036601307189542485
0 0.40404411764705883 0.29673202614379085 0.028676470588235293 0.05228758169934641
0 0.5110294117647058 0.08431372549019608 0.014705882352941176 0.02483660130718954
0 0.5051470588235294 0.043137254901960784 0.013235294117647059 0.01568627450980392
0 0.08529411764705883 0.6607843137254902 0.07647058823529412 0.134640522875817
1 0.15073529411764705 0.46405228758169936 0.07941176470588235 0.0915032679738562
0 0.2036764705882353 0.4189542483660131 0.05 0.06143790849673202
0 0.21176470588235294 0.338562091503268 0.06470588235294118 0.06274509803921569
0 0.6849264705882353 0.0915032679738562 0.021323529411764706 0.023529411764705882
0 0.675 0.0718954248366013 0.016176470588235296 0.02091503267973856
0 0.6540441176470588 0.05032679738562092 0.015441176470588236 0.01699346405228758
0 0.6897058823529412 0.05032679738562092 0.01764705882352941 0.01699346405228758
0 0.6919117647058823 0.07124183006535947 0.016176470588235296 0.0196078431372549
0 0.6371323529411764 0.047058823529411764 0.013970588235294118 0.02091503267973856
3 0.6713235294117647 0.047058823529411764 0.013235294117647059 0.02091503267973856
0 0.5658088235294118 0.07320261437908497 0.013970588235294118 0.023529411764705882
0 0.4852941176470588 0.0392156862745098 0.010294117647058823 0.01568627450980392
0 0.45992647058823527 0.01437908496732026 0.011029411764705883 0.01568627450980392
0 0.49558823529411766 0.0196078431372549 0.010294117647058823 0.013071895424836602
0 0.5360294117647059 0.006535947712418301 0.008823529411764706 0.013071895424836602
0 0.016176470588235296 0.8666666666666667 0.030882352941176472 0.12287581699346405
