0 0.3453125 0.05277777777777778 0.013541666666666667 0.03148148148148148
0 0.3072916666666667 0.1037037037037037 0.027083333333333334 0.03333333333333333
0 0.34322916666666664 0.11203703703703703 0.017708333333333333 0.04259259259259259
0 0.37135416666666665 0.08611111111111111 0.017708333333333333 0.03888888888888889
0 0.3145833333333333 0.18703703703703703 0.035416666666666666 0.037037037037037035
0 0.3953125 0.262037037037037 0.03229166666666667 0.04259259259259259
0 0.2989583333333333 0.7472222222222222 0.041666666666666664 0.13148148148148148
0 0.55 0.9648148148148148 0.04791666666666667 0.07037037037037037
0 0.46770833333333334 0.8342592592592593 0.041666666666666664 0.15
0 0.5151041666666667 0.6657407407407407 0.040625 0.11296296296296296
0 0.4484375 0.6342592592592593 0.034375 0.10925925925925926
0 0.44166666666666665 0.43148148148148147 0.029166666666666667 0.07407407407407407
0 0.49635416666666665 0.4935185185185185 0.03229166666666667 0.07592592592592592
0 0.48333333333333334 0.3787037037037037 0.027083333333333334 0.06111111111111111
0 0.4703125 0.25925925925925924 0.023958333333333335 0.04814814814814815
0 0.484375 0.1 0.016666666666666666 0.037037037037037035
3 0.5713541666666667 0.05925925925925926 0.028125 0.02962962962962963
0 0.5833333333333334 0.024074074074074074 0.025 0.022222222222222223
0 0.6109375 0.06944444444444445 0.026041666666666668 0.027777777777777776
0 0.6671875 0.058333333333333334 0.03229166666666667 0.027777777777777776
3 0.6911458333333333 0.09351851851851851 0.019791666666666666 0.03148148148148148
0 0.65625 0.09722222222222222 0.025 0.03148148148148148
0 0.7177083333333333 0.046296296296296294 0.020833333333333332 0.02962962962962963
0 0.6932291666666667 0.016666666666666666 0.030208333333333334 0.025925925925925925
