0 0.08308823529411764 0.6235294117647059 0.09117647058823529 0.08627450980392157
0 0.2639705882352941 0.5281045751633987 0.060294117647058824 0.06274509803921569
3 0.38676470588235295 0.4915032679738562 0.04852941176470588 0.06274509803921569
0 0.5580882352941177 0.4928104575163399 0.058823529411764705 0.047058823529411764
0 0.5955882352941176 0.5379084967320261 0.04411764705882353 0.05359477124183006
0 0.6558823529411765 0.4934640522875817 0.05 0.0457516339869281
0 0.7147058823529412 0.5196078431372549 0.033823529411764704 0.048366013071895426
0 0.7279411764705882 0.5790849673202615 0.030882352941176472 0.054901960784313725
0 0.7533088235294118 0.5241830065359477 0.030147058823529412 0.05228758169934641
0 0.6066176470588235 0.9006535947712418 0.060294117647058824 0.12287581699346405
0 0.700735294117647 0.8934640522875817 0.06764705882352941 0.11633986928104575
0 0.6224264705882353 0.7869281045751634 0.05220588235294118 0.09934640522875816
1 0.6569852941176471 0.3934640522875817 0.06838235294117648 0.11503267973856209
0 0.9088235294117647 0.7666666666666667 0.05 0.08758169934640522
0 0.9845588235294118 0.7980392156862746 0.030882352941176472 0.09281045751633987
0 0.8382352941176471 0.4764705882352941 0.033823529411764704 0.040522875816993466
0 0.8441176470588235 0.4 0.023529411764705882 0.0392156862745098
1 0.9014705882352941 0.33790849673202616 0.03676470588235294 0.10065359477124183
0 0.7772058823529412 0.3366013071895425 0.014705882352941176 0.02483660130718954
0 0.7867647058823529 0.3235294117647059 0.016176470588235296 0.022222222222222223
3 0.6808823529411765 0.2496732026143791 0.014705882352941176 0.02091503267973856
0 0.700735294117647 0.25555555555555554 0.016176470588235296 0.0196078431372549
0 0.7661764705882353 0.2437908496732026 0.011764705882352941 0.01437908496732026
3 0.756985294117647 0.2169934640522876 0.009558823529411765 0.018300653594771243
3 0.8716911764705882 0.24705882352941178 0.011029411764705883 0.02091503267973856
1 0.7922794117647058 0.21830065359477124 0.019852941176470587 0.036601307189542485
1 0.8477941176470588 0.19019607843137254 0.016176470588235296 0.030065359477124184
1 0.8272058823529411 0.18627450980392157 0.014705882352941176 0.02483660130718954
1 0.8161764705882353 0.17254901960784313 0.013235294117647059 0.026143790849673203
1 0.8378676470588236 0.16666666666666666 0.0125 0.022222222222222223
0 0.819485294117647 0.1450980392156863 0.006617647058823529 0.00784313725490196
1 0.8330882352941177 0.13529411764705881 0.0058823529411764705 0.011764705882352941
0 0.8430147058823529 0.13529411764705881 0.003676470588235294 0.006535947712418301
0 0.8485294117647059 0.13790849673202615 0.004411764705882353 0.006535947712418301
1 0.8915441176470589 0.15098039215686274 0.008088235294117648 0.01699346405228758
1 0.8694852941176471 0.15098039215686274 0.011029411764705883 0.022222222222222223
