0 0.1463235294117647 0.39019607843137255 0.08235294117647059 0.11372549019607843
0 0.15514705882352942 0.10261437908496732 0.07058823529411765 0.050980392156862744
3 0.2088235294117647 0.06274509803921569 0.058823529411764705 0.06013071895424837
3 0.5341911764705882 0.1287581699346405 0.05808823529411765 0.06405228758169934
0 0.5952205882352941 0.09738562091503268 0.05955882352941176 0.048366013071895426
0 0.6514705882352941 0.08235294117647059 0.041176470588235294 0.04967320261437908
0 0.6886029411764706 0.06797385620915032 0.03602941176470588 0.044444444444444446
0 0.7194852941176471 0.05228758169934641 0.04632352941176471 0.044444444444444446
0 0.7735294117647059 0.03398692810457516 0.04264705882352941 0.0392156862745098
0 0.34154411764705883 0.02091503267973856 0.05661764705882353 0.0392156862745098
