3 0.7503676470588235 0.9241830065359478 0.022794117647058822 0.08104575163398693
1 0.7573529411764706 0.7647058823529411 0.039705882352941174 0.09934640522875816
1 0.8136029411764706 0.4895424836601307 0.04779411764705882 0.07450980392156863
0 0.5205882352941177 0.9620915032679739 0.016176470588235296 0.06274509803921569
0 0.5584558823529412 0.8032679738562092 0.03897058823529412 0.032679738562091505
0 0.38235294117647056 0.9797385620915032 0.039705882352941174 0.03790849673202614
0 0.3871323529411765 0.8496732026143791 0.04044117647058824 0.03398692810457516
0 0.47941176470588237 0.8130718954248366 0.014705882352941176 0.06797385620915032
0 0.5025735294117647 0.7169934640522876 0.015441176470588236 0.06143790849673202
0 0.524264705882353 0.6699346405228758 0.013235294117647059 0.05620915032679739
0 0.5595588235294118 0.7189542483660131 0.029411764705882353 0.06274509803921569
0 0.3915441176470588 0.6104575163398693 0.04338235294117647 0.044444444444444446
0 0.4261029411764706 0.5601307189542484 0.01838235294117647 0.06666666666666667
0 0.4551470588235294 0.5647058823529412 0.01764705882352941 0.06797385620915032
0 0.3915441176470588 0.46601307189542485 0.04191176470588235 0.03529411764705882
0 0.425 0.4013071895424837 0.016176470588235296 0.06274509803921569
0 0.3889705882352941 0.39869281045751637 0.03529411764705882 0.03137254901960784
0 0.3966911764705882 0.3254901960784314 0.03602941176470588 0.036601307189542485
0 0.4647058823529412 0.32941176470588235 0.016176470588235296 0.06535947712418301
0 0.3941176470588235 0.2647058823529412 0.03676470588235294 0.043137254901960784
0 0.4676470588235294 0.17516339869281045 0.014705882352941176 0.06274509803921569
0 0.3360294117647059 0.06209150326797386 0.029411764705882353 0.03790849673202614
0 0.46911764705882353 0.060784313725490195 0.016176470588235296 0.06405228758169934
0 0.5580882352941177 0.47124183006535947 0.039705882352941174 0.032679738562091505
0 0.5154411764705882 0.12549019607843137 0.016176470588235296 0.06013071895424837
0 0.6753676470588236 0.05816993464052288 0.03897058823529412 0.027450980392156862
0 0.17536764705882352 0.5764705882352941 0.04044117647058824 0.036601307189542485
0 0.18088235294117647 0.5333333333333333 0.03823529411764706 0.03137254901960784
0 0.18933823529411764 0.4176470588235294 0.04044117647058824 0.030065359477124184
3 0.13970588235294118 0.469281045751634 0.03676470588235294 0.036601307189542485
0 0.1448529411764706 0.37973856209150325 0.020588235294117647 0.06143790849673202
0 0.11838235294117647 0.38562091503267976 0.01764705882352941 0.054901960784313725
0 0.11838235294117647 0.5640522875816993 0.01911764705882353 0.06143790849673202
0 0.09375 0.565359477124183 0.021323529411764706 0.06928104575163399
0 0.048161764705882355 0.5529411764705883 0.021323529411764706 0.06535947712418301
0 0.02389705882352941 0.565359477124183 0.021323529411764706 0.06928104575163399
3 0.09779411764705882 0.38496732026143793 0.01911764705882353 0.05359477124183006
0 0.075 0.3895424836601307 0.020588235294117647 0.06274509803921569
1 0.04889705882352941 0.3908496732026144 0.019852941176470587 0.06535947712418301
0 0.006617647058823529 0.565359477124183 0.011764705882352941 0.06928104575163399
3 0.20073529411764707 0.034640522875816995 0.04852941176470588 0.058823529411764705
0 0.07941176470588235 0.01241830065359477 0.03529411764705882 0.02483660130718954
3 0.05036764705882353 0.06209150326797386 0.03161764705882353 0.058823529411764705
0 0.031985294117647056 0.056862745098039215 0.028676470588235293 0.058823529411764705
