0 0.02977941176470588 0.5071895424836601 0.05955882352941176 0.0915032679738562
0 0.01764705882352941 0.5862745098039216 0.03529411764705882 0.08496732026143791
0 0.04595588235294118 0.42549019607843136 0.09191176470588236 0.09281045751633987
0 0.07352941176470588 0.3758169934640523 0.09558823529411764 0.07712418300653595
0 0.09705882352941177 0.33790849673202616 0.1 0.06143790849673202
0 0.11911764705882352 0.2954248366013072 0.09117647058823529 0.06013071895424837
0 0.1275735294117647 0.26405228758169935 0.08455882352941177 0.05228758169934641
0 0.15330882352941178 0.24509803921568626 0.07867647058823529 0.05359477124183006
0 0.175 0.2150326797385621 0.07647058823529412 0.05620915032679739
0 0.18345588235294116 0.1869281045751634 0.06838235294117648 0.04967320261437908
3 0.3588235294117647 0.5993464052287582 0.12352941176470589 0.11372549019607843
0 0.3827205882352941 0.5183006535947713 0.11102941176470588 0.0718954248366013
0 0.4011029411764706 0.3196078431372549 0.08897058823529412 0.07712418300653595
0 0.5231617647058824 0.5875816993464053 0.04926470588235294 0.1503267973856209
0 0.5216911764705883 0.44052287581699345 0.04632352941176471 0.12026143790849673
0 0.524264705882353 0.34967320261437906 0.041176470588235294 0.09281045751633987
0 0.525 0.2549019607843137 0.03235294117647059 0.08104575163398693
0 0.5246323529411765 0.1934640522875817 0.03308823529411765 0.06535947712418301
0 0.5275735294117647 0.1411764705882353 0.028676470588235293 0.06274509803921569
0 0.4077205882352941 0.27124183006535946 0.07867647058823529 0.06143790849673202
0 0.42316176470588235 0.2411764705882353 0.07867647058823529 0.050980392156862744
0 0.4261029411764706 0.2150326797385621 0.08014705882352942 0.05359477124183006
0 0.43051470588235297 0.1869281045751634 0.08014705882352942 0.05228758169934641
0 0.4375 0.15620915032679739 0.07941176470588235 0.0457516339869281
0 0.4452205882352941 0.12418300653594772 0.07720588235294118 0.04967320261437908
3 0.4566176470588235 0.08431372549019608 0.052941176470588235 0.0457516339869281
0 0.7558823529411764 0.14967320261437908 0.054411764705882354 0.050980392156862744
0 0.8154411764705882 0.12222222222222222 0.039705882352941174 0.048366013071895426
0 0.6727941176470589 0.19019607843137254 0.033823529411764704 0.0718954248366013
0 0.6705882352941176 0.07581699346405228 0.026470588235294117 0.044444444444444446
1 0.9577205882352942 0.1542483660130719 0.05220588235294118 0.054901960784313725
3 0.6338235294117647 0.026143790849673203 0.03823529411764706 0.04183006535947712
0 0.5011029411764706 0.03333333333333333 0.04926470588235294 0.040522875816993466
0 0.3694852941176471 0.7366013071895425 0.16397058823529412 0.11372549019607843
0 0.5147058823529411 0.8143790849673203 0.07058823529411765 0.23790849673202613
