0 0.7119791666666667 0.45185185185185184 0.071875 0.044444444444444446
3 0.6526041666666667 0.4888888888888889 0.059375 0.05555555555555555
0 0.48489583333333336 0.3611111111111111 0.051041666666666666 0.03333333333333333
0 0.4661458333333333 0.3490740740740741 0.046875 0.03148148148148148
3 0.48385416666666664 0.3351851851851852 0.04479166666666667 0.02962962962962963
0 0.5703125 0.3527777777777778 0.021875 0.03888888888888889
0 0.5270833333333333 0.21203703703703702 0.0125 0.020370370370370372
0 0.5114583333333333 0.2101851851851852 0.0125 0.016666666666666666
0 0.49270833333333336 0.2111111111111111 0.010416666666666666 0.018518518518518517
3 0.478125 0.20925925925925926 0.0125 0.018518518518518517
1 0.4557291666666667 0.1935185185185185 0.021875 0.04259259259259259
3 0.421875 0.20092592592592592 0.0125 0.020370370370370372
3 0.4375 0.20462962962962963 0.014583333333333334 0.027777777777777776
3 0.5729166666666666 0.22407407407407406 0.016666666666666666 0.025925925925925925
3 0.584375 0.19722222222222222 0.01875 0.020370370370370372
