0 0.46171875 0.7060185185185185 0.03177083333333333 0.075
3 0.5184895833333333 0.6652777777777777 0.033854166666666664 0.07314814814814814
2 0.59296875 0.7129629629629629 0.09114583333333333 0.18333333333333332
2 0.6533854166666667 0.9069444444444444 0.0796875 0.09722222222222222
0 0.61171875 0.6546296296296297 0.030729166666666665 0.05555555555555555
0 0.6091145833333333 0.6083333333333333 0.028645833333333332 0.05185185185185185
0 0.6005208333333333 0.562037037037037 0.026041666666666668 0.046296296296296294
0 0.48802083333333335 0.9166666666666666 0.04791666666666667 0.07037037037037037
3 0.22395833333333334 0.9490740740740741 0.06979166666666667 0.10185185185185185
0 0.18880208333333334 0.8935185185185185 0.07447916666666667 0.10925925925925926
0 0.346875 0.6541666666666667 0.0375 0.05648148148148148
0 0.4083333333333333 0.6199074074074075 0.03125 0.05648148148148148
0 0.3299479166666667 0.5902777777777778 0.0359375 0.058333333333333334
2 0.19713541666666667 0.7462962962962963 0.10364583333333334 0.24444444444444444
2 0.2986979166666667 0.5370370370370371 0.06927083333333334 0.1259259259259259
3 0.7263020833333333 0.5259259259259259 0.0328125 0.053703703703703705
0 0.378125 0.5625 0.030208333333333334 0.049074074074074076
0 0.4161458333333333 0.5375 0.025 0.05092592592592592
0 0.46979166666666666 0.575462962962963 0.03125 0.049074074074074076
0 0.5104166666666666 0.5166666666666667 0.021875 0.037037037037037035
0 0.3697916666666667 0.5055555555555555 0.027083333333333334 0.03888888888888889
0 0.40286458333333336 0.4981481481481482 0.027604166666666666 0.04259259259259259
0 0.41692708333333334 0.4625 0.0234375 0.03611111111111111
0 0.3815104166666667 0.4634259259259259 0.024479166666666666 0.03611111111111111
0 0.3971354166666667 0.4324074074074074 0.019270833333333334 0.02962962962962963
0 0.4296875 0.4185185185185185 0.019791666666666666 0.027777777777777776
0 0.43671875 0.39861111111111114 0.016145833333333335 0.025
0 0.41484375 0.3972222222222222 0.018229166666666668 0.024074074074074074
0 0.48541666666666666 0.48055555555555557 0.021875 0.03148148148148148
0 0.54609375 0.4675925925925926 0.0203125 0.03333333333333333
3 0.521875 0.42685185185185187 0.01875 0.02962962962962963
0 0.49375 0.42453703703703705 0.019791666666666666 0.03425925925925926
0 0.5403645833333334 0.39537037037037037 0.015104166666666667 0.022222222222222223
0 0.4986979166666667 0.37222222222222223 0.0140625 0.022222222222222223
0 0.5182291666666666 0.36435185185185187 0.013541666666666667 0.021296296296296296
0 0.5416666666666666 0.35648148148148145 0.0125 0.018518518518518517
0 0.5229166666666667 0.3486111111111111 0.0125 0.017592592592592594
0 0.503125 0.3472222222222222 0.0125 0.018518518518518517
2 0.5596354166666667 0.32592592592592595 0.016145833333333335 0.04259259259259259
2 0.52421875 0.3212962962962963 0.015104166666666667 0.040740740740740744
0 0.5067708333333333 0.32546296296296295 0.011458333333333333 0.01574074074074074
0 0.5067708333333333 0.30694444444444446 0.008333333333333333 0.013888888888888888
0 0.52421875 0.29953703703703705 0.0078125 0.013888888888888888
0 0.4466145833333333 0.3768518518518518 0.0140625 0.022222222222222223
0 0.4192708333333333 0.37222222222222223 0.016666666666666666 0.022222222222222223
0 0.45364583333333336 0.362962962962963 0.015625 0.018518518518518517
0 0.43411458333333336 0.35462962962962963 0.018229166666666668 0.020370370370370372
0 0.45651041666666664 0.34953703703703703 0.013020833333333334 0.01574074074074074
0 0.44140625 0.3398148148148148 0.011979166666666667 0.018518518518518517
0 0.46510416666666665 0.3375 0.015625 0.019444444444444445
3 0.4473958333333333 0.32592592592592595 0.011458333333333333 0.020370370370370372
0 0.48411458333333335 0.32916666666666666 0.0109375 0.017592592592592594
0 0.484375 0.31805555555555554 0.011458333333333333 0.012037037037037037
0 0.48515625 0.3050925925925926 0.008854166666666666 0.013888888888888888
2 0.46484375 0.31666666666666665 0.018229166666666668 0.040740740740740744
2 0.44036458333333334 0.3074074074074074 0.019270833333333334 0.03333333333333333
3 0.45286458333333335 0.3148148148148148 0.0109375 0.016666666666666666
0 0.45598958333333334 0.30648148148148147 0.0078125 0.012962962962962963
0 0.47291666666666665 0.3023148148148148 0.007291666666666667 0.01574074074074074
0 0.45989583333333334 0.2953703703703704 0.008333333333333333 0.016666666666666666
