0 0.05625 0.07908496732026143 0.04779411764705882 0.03529411764705882
0 0.08272058823529412 0.04183006535947712 0.04632352941176471 0.036601307189542485
0 0.09926470588235294 0.01895424836601307 0.047058823529411764 0.030065359477124184
0 0.14080882352941176 0.01437908496732026 0.028676470588235293 0.02875816993464052
0 0.14669117647058824 0.054901960784313725 0.021323529411764706 0.03398692810457516
0 0.10955882352941176 0.11503267973856209 0.029411764705882353 0.044444444444444446
0 0.028308823529411765 0.12941176470588237 0.04338235294117647 0.05228758169934641
0 0.0125 0.16405228758169935 0.025 0.0457516339869281
3 0.05330882352941176 0.3764705882352941 0.07426470588235294 0.08104575163398693
0 0.2786764705882353 0.00718954248366013 0.01764705882352941 0.01437908496732026
0 0.2665441176470588 0.01568627450980392 0.04044117647058824 0.023529411764705882
0 0.2625 0.026143790849673203 0.04264705882352941 0.026143790849673203
0 0.2584558823529412 0.03986928104575163 0.03455882352941177 0.027450980392156862
0 0.22426470588235295 0.06535947712418301 0.025 0.03137254901960784
0 0.26286764705882354 0.05163398692810457 0.0375 0.03529411764705882
0 0.24889705882352942 0.0869281045751634 0.04485294117647059 0.03529411764705882
0 0.2275735294117647 0.1130718954248366 0.028676470588235293 0.048366013071895426
0 0.20772058823529413 0.14313725490196078 0.05073529411764706 0.03529411764705882
3 0.21580882352941178 0.1803921568627451 0.06397058823529411 0.04967320261437908
3 0.2161764705882353 0.22679738562091503 0.07647058823529412 0.06143790849673202
0 0.18529411764705883 0.25947712418300656 0.06764705882352941 0.050980392156862744
3 0.19852941176470587 0.2803921568627451 0.07941176470588235 0.06928104575163399
0 0.12169117647058823 0.44640522875816996 0.09779411764705882 0.08235294117647059
0 0.07647058823529412 0.5366013071895425 0.12352941176470589 0.11895424836601307
0 0.036397058823529414 0.7666666666666667 0.07279411764705883 0.12156862745098039
