0 0.17904411764705883 0.11699346405228758 0.06838235294117648 0.11633986928104575
0 0.1974264705882353 0.19215686274509805 0.0625 0.10980392156862745
0 0.01911764705882353 0.28888888888888886 0.03823529411764706 0.12287581699346405
0 0.08823529411764706 0.330718954248366 0.05588235294117647 0.13594771241830064
0 0.22169117647058822 0.27058823529411763 0.06985294117647059 0.11764705882352941
0 0.19595588235294117 0.4241830065359477 0.04779411764705882 0.134640522875817
0 0.24963235294117647 0.33137254901960783 0.05514705882352941 0.12156862745098039
0 0.05330882352941176 0.5058823529411764 0.05514705882352941 0.13333333333333333
0 0.2580882352941177 0.42549019607843136 0.05588235294117647 0.12418300653594772
3 0.10330882352941176 0.7555555555555555 0.05661764705882353 0.12287581699346405
0 0.07352941176470588 0.9320261437908497 0.060294117647058824 0.13594771241830064
3 0.13272058823529412 0.9215686274509803 0.06838235294117648 0.1542483660130719
0 0.5371323529411764 0.8241830065359477 0.07720588235294118 0.08758169934640522
0 0.6110294117647059 0.9398692810457516 0.07352941176470588 0.08888888888888889
0 0.6316176470588235 0.7588235294117647 0.07352941176470588 0.08496732026143791
0 0.7830882352941176 0.7928104575163398 0.08235294117647059 0.1111111111111111
0 0.8676470588235294 0.5594771241830065 0.07794117647058824 0.12287581699346405
3 0.9216911764705882 0.5392156862745098 0.06691176470588235 0.11633986928104575
0 0.9363970588235294 0.788235294117647 0.08014705882352942 0.10457516339869281
0 0.6588235294117647 0.14836601307189543 0.05588235294117647 0.12679738562091503
0 0.6709558823529411 0.03398692810457516 0.07426470588235294 0.06797385620915032
