0 0.6033088235294117 0.9620915032679739 0.03455882352941177 0.07581699346405228
1 0.35698529411764707 0.9320261437908497 0.04191176470588235 0.13594771241830064
0 0.4514705882352941 0.8856209150326797 0.033823529411764704 0.1111111111111111
0 0.5128676470588235 0.8470588235294118 0.03161764705882353 0.09934640522875816
0 0.4496323529411765 0.7529411764705882 0.027205882352941177 0.08366013071895424
0 0.5150735294117647 0.6764705882352942 0.02426470588235294 0.06405228758169934
0 0.5613970588235294 0.5379084967320261 0.021323529411764706 0.043137254901960784
0 0.5477941176470589 0.4915032679738562 0.027941176470588237 0.044444444444444446
0 0.5084558823529411 0.5071895424836601 0.019852941176470587 0.04183006535947712
0 0.4650735294117647 0.5091503267973856 0.019852941176470587 0.048366013071895426
0 0.3981617647058823 0.6627450980392157 0.027205882352941177 0.07058823529411765
0 0.35257352941176473 0.7065359477124183 0.028676470588235293 0.06928104575163399
0 0.29448529411764707 0.48627450980392156 0.022794117647058822 0.054901960784313725
0 0.3352941176470588 0.49673202614379086 0.027941176470588237 0.047058823529411764
1 0.30367647058823527 0.3869281045751634 0.060294117647058824 0.04183006535947712
1 0.36801470588235297 0.38300653594771245 0.05955882352941176 0.03398692810457516
1 0.36580882352941174 0.3627450980392157 0.05367647058823529 0.032679738562091505
0 0.4025735294117647 0.3156862745098039 0.016911764705882352 0.032679738562091505
0 0.38198529411764703 0.25555555555555554 0.013970588235294118 0.02483660130718954
0 0.3863970588235294 0.234640522875817 0.013970588235294118 0.02483660130718954
0 0.47757352941176473 0.3581699346405229 0.013970588235294118 0.03398692810457516
0 0.4470588235294118 0.2758169934640523 0.014705882352941176 0.026143790849673203
0 0.44191176470588234 0.3045751633986928 0.014705882352941176 0.02875816993464052
0 0.5058823529411764 0.3980392156862745 0.01764705882352941 0.03529411764705882
0 0.549264705882353 0.3941176470588235 0.01764705882352941 0.03529411764705882
1 0.5455882352941176 0.3464052287581699 0.01911764705882353 0.054901960784313725
0 0.5029411764705882 0.3130718954248366 0.013235294117647059 0.02483660130718954
0 0.5003676470588235 0.2542483660130719 0.013970588235294118 0.02483660130718954
3 0.5617647058823529 0.4300653594771242 0.03529411764705882 0.036601307189542485
3 0.31985294117647056 0.8248366013071895 0.060294117647058824 0.0784313725490196
3 0.2213235294117647 0.39281045751633986 0.04264705882352941 0.03529411764705882
3 0.5658088235294118 0.6130718954248366 0.022794117647058822 0.05751633986928104
3 0.5404411764705882 0.9705882352941176 0.030882352941176472 0.058823529411764705
3 0.3422794117647059 0.12941176470588237 0.015441176470588236 0.018300653594771243
3 0.3698529411764706 0.3032679738562091 0.016176470588235296 0.036601307189542485
3 0.4334558823529412 0.33202614379084966 0.025735294117647058 0.04183006535947712
1 0.45073529411764707 0.22941176470588234 0.016176470588235296 0.048366013071895426
0 0.9264705882352942 0.08300653594771241 0.020588235294117647 0.01437908496732026
0 0.9066176470588235 0.17320261437908496 0.020588235294117647 0.01437908496732026
0 0.9121323529411764 0.18169934640522875 0.028676470588235293 0.018300653594771243
0 0.9415441176470588 0.18169934640522875 0.027205882352941177 0.018300653594771243
0 0.9466911764705882 0.18823529411764706 0.025735294117647058 0.018300653594771243
0 0.9334558823529412 0.20065359477124184 0.028676470588235293 0.01699346405228758
0 0.9389705882352941 0.20718954248366014 0.029411764705882353 0.0196078431372549
0 0.9698529411764706 0.2084967320261438 0.030882352941176472 0.0196078431372549
0 0.9536764705882353 0.22026143790849673 0.027941176470588237 0.0196078431372549
0 0.9628676470588236 0.2281045751633987 0.03308823529411765 0.0196078431372549
0 0.9709558823529412 0.2372549019607843 0.03161764705882353 0.0196078431372549
0 0.9908088235294118 0.17647058823529413 0.01838235294117647 0.01568627450980392
0 0.993014705882353 0.1830065359477124 0.013970588235294118 0.01568627450980392
0 0.9904411764705883 0.2627450980392157 0.01911764705882353 0.02091503267973856
0 0.8481617647058823 0.17450980392156862 0.025735294117647058 0.022222222222222223
0 0.856985294117647 0.1803921568627451 0.025735294117647058 0.018300653594771243
0 0.8724264705882353 0.19869281045751633 0.027205882352941177 0.02091503267973856
0 0.8977941176470589 0.22745098039215686 0.027941176470588237 0.02091503267973856
0 0.9110294117647059 0.2437908496732026 0.03235294117647059 0.02483660130718954
0 0.924264705882353 0.2627450980392157 0.029411764705882353 0.026143790849673203
0 0.9356617647058824 0.27320261437908494 0.03161764705882353 0.023529411764705882
0 0.9430147058823529 0.28104575163398693 0.030147058823529412 0.026143790849673203
0 0.9514705882352941 0.28823529411764703 0.033823529411764704 0.022222222222222223
0 0.9731617647058823 0.3065359477124183 0.03455882352941177 0.022222222222222223
0 0.9816176470588235 0.31895424836601305 0.033823529411764704 0.023529411764705882
0 0.9875 0.3287581699346405 0.025 0.022222222222222223
0 0.6003676470588235 0.165359477124183 0.013970588235294118 0.022222222222222223
0 0.6172794117647059 0.20522875816993463 0.025735294117647058 0.026143790849673203
3 0.6143382352941177 0.19084967320261437 0.015441176470588236 0.023529411764705882
0 0.5992647058823529 0.22287581699346407 0.014705882352941176 0.022222222222222223
0 0.6047794117647058 0.25555555555555554 0.013970588235294118 0.027450980392156862
0 0.6095588235294118 0.2777777777777778 0.013235294117647059 0.022222222222222223
3 0.6132352941176471 0.2973856209150327 0.01764705882352941 0.0457516339869281
3 0.618014705882353 0.39215686274509803 0.016911764705882352 0.03398692810457516
3 0.5875 0.25947712418300656 0.01764705882352941 0.032679738562091505
3 0.5933823529411765 0.2823529411764706 0.013235294117647059 0.023529411764705882
3 0.6014705882352941 0.32287581699346407 0.016176470588235296 0.04183006535947712
3 0.6547794117647059 0.6372549019607843 0.03897058823529412 0.06405228758169934
0 0.6996323529411764 0.5078431372549019 0.030147058823529412 0.048366013071895426
0 0.6783088235294118 0.4366013071895425 0.04926470588235294 0.03398692810457516
3 0.6323529411764706 0.4745098039215686 0.026470588235294117 0.054901960784313725
1 0.3871323529411765 0.5633986928104575 0.025735294117647058 0.06535947712418301
1 0.14852941176470588 0.3908496732026144 0.06323529411764706 0.044444444444444446
0 0.08823529411764706 0.3993464052287582 0.04852941176470588 0.030065359477124184
0 0.5415441176470588 0.2901960784313726 0.013970588235294118 0.026143790849673203
3 0.5415441176470588 0.2607843137254902 0.0125 0.030065359477124184
0 0.5022058823529412 0.19934640522875818 0.011764705882352941 0.0196078431372549
0 0.5147058823529411 0.2261437908496732 0.013235294117647059 0.02091503267973856
1 0.5341911764705882 0.19150326797385622 0.016911764705882352 0.03790849673202614
0 0.5044117647058823 0.13333333333333333 0.010294117647058823 0.018300653594771243
0 0.5029411764705882 0.11045751633986928 0.008823529411764706 0.01437908496732026
3 0.46948529411764706 0.09869281045751634 0.008088235294117648 0.01699346405228758
1 0.5319852941176471 0.14052287581699346 0.013970588235294118 0.03529411764705882
1 0.5294117647058824 0.10980392156862745 0.011764705882352941 0.03137254901960784
1 0.5268382352941177 0.09215686274509804 0.011029411764705883 0.030065359477124184
3 0.5253676470588236 0.05947712418300653 0.008088235294117648 0.022222222222222223
1 0.5231617647058824 0.03398692810457516 0.008088235294117648 0.01568627450980392
1 0.5036764705882353 0.07908496732026143 0.013235294117647059 0.030065359477124184
0 0.48308823529411765 0.0457516339869281 0.007352941176470588 0.01568627450980392
0 0.4915441176470588 0.056862745098039215 0.006617647058823529 0.01437908496732026
1 0.5058823529411764 0.05032679738562092 0.008823529411764706 0.022222222222222223
0 0.5128676470588235 0.034640522875816995 0.008088235294117648 0.011764705882352941
0 0.506985294117647 0.013071895424836602 0.006617647058823529 0.01045751633986928
0 0.5143382352941176 0.004575163398692811 0.006617647058823529 0.009150326797385621
0 0.47794117647058826 0.01568627450980392 0.0058823529411764705 0.01045751633986928
0 0.4783088235294118 0.00849673202614379 0.005147058823529412 0.009150326797385621
0 0.4176470588235294 0.12418300653594772 0.014705882352941176 0.01568627450980392
0 0.4213235294117647 0.10718954248366012 0.010294117647058823 0.01568627450980392
0 0.43014705882352944 0.09477124183006536 0.011764705882352941 0.01699346405228758
0 0.4033088235294118 0.034640522875816995 0.0125 0.011764705882352941
0 0.4077205882352941 0.03202614379084967 0.0125 0.011764705882352941
0 0.41066176470588234 0.018300653594771243 0.015441176470588236 0.013071895424836602
0 0.4128676470588235 0.01437908496732026 0.013970588235294118 0.01045751633986928
3 0.052573529411764706 0.058823529411764705 0.021323529411764706 0.01568627450980392
