3 0.7955882352941176 0.8568627450980392 0.12205882352941176 0.28627450980392155
0 0.8860294117647058 0.5777777777777777 0.14705882352941177 0.12549019607843137
0 0.9430147058823529 0.6830065359477124 0.11397058823529412 0.1503267973856209
0 0.08088235294117647 0.5633986928104575 0.16176470588235295 0.12810457516339868
0 0.3209558823529412 0.31176470588235294 0.05367647058823529 0.08496732026143791
0 0.4073529411764706 0.24705882352941178 0.03676470588235294 0.07058823529411765
0 0.4088235294117647 0.19607843137254902 0.033823529411764704 0.06013071895424837
0 0.6625 0.30522875816993467 0.04411764705882353 0.06666666666666667
3 0.6444852941176471 0.25555555555555554 0.04485294117647059 0.07450980392156863
0 0.6051470588235294 0.22287581699346407 0.07794117647058824 0.06143790849673202
0 0.5992647058823529 0.19084967320261437 0.0661764705882353 0.05228758169934641
0 0.5944852941176471 0.16797385620915034 0.06397058823529411 0.043137254901960784
3 0.5716911764705882 0.134640522875817 0.04338235294117647 0.04183006535947712
0 0.5650735294117647 0.12483660130718954 0.04926470588235294 0.040522875816993466
0 0.3154411764705882 0.10718954248366012 0.051470588235294115 0.036601307189542485
3 0.3224264705882353 0.0915032679738562 0.04338235294117647 0.0392156862745098
0 0.3205882352941177 0.0784313725490196 0.051470588235294115 0.03398692810457516
0 0.3323529411764706 0.03725490196078431 0.039705882352941174 0.02483660130718954
0 0.49963235294117647 0.02287581699346405 0.03455882352941177 0.030065359477124184
0 0.48566176470588235 0.01568627450980392 0.016911764705882352 0.026143790849673203
