0 0.549264705882353 0.7516339869281046 0.1264705882352941 0.24313725490196078
0 0.4621323529411765 0.6535947712418301 0.11544117647058824 0.18823529411764706
0 0.7253676470588235 0.4065359477124183 0.0713235294117647 0.12549019607843137
0 0.6617647058823529 0.32287581699346407 0.06911764705882353 0.10457516339869281
0 0.8845588235294117 0.05947712418300653 0.03823529411764706 0.06405228758169934
0 0.8264705882352941 0.2 0.051470588235294115 0.08104575163398693
0 0.8349264705882353 0.05751633986928104 0.04044117647058824 0.05751633986928104
0 0.8088235294117647 0.1 0.04411764705882353 0.06405228758169934
3 0.7625 0.16209150326797386 0.058823529411764705 0.10196078431372549
0 0.7143382352941177 0.08169934640522876 0.04485294117647059 0.06143790849673202
0 0.6738970588235295 0.1261437908496732 0.05955882352941176 0.07712418300653595
0 0.6338235294117647 0.18104575163398692 0.058823529411764705 0.08235294117647059
0 0.5213235294117647 0.2019607843137255 0.08088235294117647 0.0718954248366013
0 0.49926470588235294 0.3562091503267974 0.0838235294117647 0.10588235294117647
3 0.38419117647058826 0.4745098039215686 0.09632352941176471 0.16470588235294117
