1 0.16801470588235295 0.1542483660130719 0.019852941176470587 0.036601307189542485
0 0.14522058823529413 0.24901960784313726 0.05514705882352941 0.043137254901960784
0 0.12389705882352942 0.2823529411764706 0.04632352941176471 0.0392156862745098
0 0.12169117647058823 0.3235294117647059 0.0375 0.05620915032679739
0 0.16213235294117648 0.31633986928104574 0.03455882352941177 0.047058823529411764
3 0.19595588235294117 0.3111111111111111 0.03308823529411765 0.06535947712418301
0 0.10404411764705883 0.3993464052287582 0.06102941176470588 0.05359477124183006
0 0.13713235294117648 0.434640522875817 0.06838235294117648 0.06405228758169934
3 0.18676470588235294 0.5013071895424837 0.07794117647058824 0.09803921568627451
0 0.19779411764705881 0.46339869281045754 0.06764705882352941 0.06928104575163399
0 0.21948529411764706 0.5666666666666667 0.0875 0.06928104575163399
0 0.2323529411764706 0.6065359477124183 0.08676470588235294 0.07058823529411765
0 0.26838235294117646 0.8666666666666667 0.0661764705882353 0.15163398692810456
0 0.33455882352941174 0.8947712418300654 0.05588235294117647 0.16339869281045752
0 0.31286764705882353 0.7274509803921568 0.09632352941176471 0.07973856209150326
0 0.32683823529411765 0.6091503267973856 0.05955882352941176 0.09411764705882353
0 0.38088235294117645 0.5705882352941176 0.045588235294117645 0.10065359477124183
0 0.30551470588235297 0.5104575163398692 0.08308823529411764 0.06928104575163399
0 0.31176470588235294 0.4522875816993464 0.07941176470588235 0.054901960784313725
0 0.32426470588235295 0.4196078431372549 0.0661764705882353 0.04967320261437908
0 0.3599264705882353 0.39477124183006534 0.03161764705882353 0.06013071895424837
0 0.3297794117647059 0.3633986928104575 0.06102941176470588 0.06797385620915032
0 0.35625 0.3261437908496732 0.025735294117647058 0.05620915032679739
0 0.3738970588235294 0.27647058823529413 0.05220588235294118 0.03790849673202614
3 0.34411764705882353 0.22156862745098038 0.025 0.048366013071895426
0 0.3875 0.238562091503268 0.023529411764705882 0.03790849673202614
0 0.40698529411764706 0.22745098039215686 0.021323529411764706 0.0392156862745098
0 0.48051470588235295 0.26405228758169935 0.04632352941176471 0.036601307189542485
3 0.5044117647058823 0.24183006535947713 0.052941176470588235 0.044444444444444446
0 0.5606617647058824 0.2457516339869281 0.04485294117647059 0.03398692810457516
0 0.5665441176470588 0.3392156862745098 0.03161764705882353 0.050980392156862744
0 0.5632352941176471 0.38169934640522873 0.026470588235294117 0.04967320261437908
0 0.5911764705882353 0.4150326797385621 0.061764705882352944 0.050980392156862744
0 0.5389705882352941 0.43856209150326797 0.030882352941176472 0.058823529411764705
0 0.5742647058823529 0.47058823529411764 0.03235294117647059 0.06274509803921569
3 0.5705882352941176 0.5254901960784314 0.033823529411764704 0.07581699346405228
0 0.6091911764705882 0.6065359477124183 0.08455882352941177 0.07058823529411765
0 0.6165441176470589 0.6549019607843137 0.08897058823529412 0.06797385620915032
0 0.5952205882352941 0.7241830065359477 0.09191176470588236 0.09673202614379085
0 0.6091911764705882 0.8254901960784313 0.06544117647058824 0.14248366013071895
3 0.6205882352941177 0.3405228758169935 0.039705882352941174 0.06666666666666667
0 0.6529411764705882 0.32941176470588235 0.039705882352941174 0.06274509803921569
0 0.6849264705882353 0.3326797385620915 0.04044117647058824 0.05620915032679739
0 0.6183823529411765 0.24901960784313726 0.04852941176470588 0.03529411764705882
