0 0.5234375 0.27870370370370373 0.003125 0.009259259259259259
0 0.4828125 0.38333333333333336 0.009375 0.014814814814814815
0 0.4734375 0.4074074074074074 0.011458333333333333 0.022222222222222223
0 0.4921875 0.4787037037037037 0.017708333333333333 0.03148148148148148
0 0.51875 0.45 0.0125 0.022222222222222223
0 0.5291666666666667 0.6861111111111111 0.03125 0.05740740740740741
0 0.48125 0.6944444444444444 0.029166666666666667 0.05185185185185185
0 0.3765625 0.812962962962963 0.046875 0.08148148148148149
0 0.4635416666666667 0.4351851851851852 0.0125 0.022222222222222223
0 0.4817708333333333 0.37037037037037035 0.009375 0.014814814814814815
0 0.4953125 0.36574074074074076 0.009375 0.012962962962962963
0 0.4979166666666667 0.33055555555555555 0.008333333333333333 0.012962962962962963
0 0.5005208333333333 0.31666666666666665 0.007291666666666667 0.014814814814814815
0 0.5130208333333334 0.2898148148148148 0.007291666666666667 0.009259259259259259
0 0.35260416666666666 0.6277777777777778 0.04895833333333333 0.037037037037037035
1 0.39375 0.6314814814814815 0.029166666666666667 0.08148148148148149
0 0.5052083333333334 0.30185185185185187 0.00625 0.011111111111111112
