3 0.08272058823529412 0.025490196078431372 0.06691176470588235 0.050980392156862744
0 0.4588235294117647 0.022222222222222223 0.07205882352941176 0.044444444444444446
0 0.41875 0.28954248366013075 0.10661764705882353 0.0718954248366013
0 0.41948529411764707 0.3464052287581699 0.11544117647058824 0.0915032679738562
0 0.41801470588235295 0.4235294117647059 0.11102941176470588 0.08888888888888889
0 0.3911764705882353 0.5888888888888889 0.14411764705882352 0.11372549019607843
0 0.694485294117647 0.28431372549019607 0.11397058823529412 0.09803921568627451
0 0.7202205882352941 0.41633986928104577 0.13455882352941176 0.11633986928104575
0 0.7305147058823529 0.596078431372549 0.1448529411764706 0.12026143790849673
0 0.33933823529411766 0.8130718954248366 0.1860294117647059 0.16209150326797386
0 0.3261029411764706 0.9509803921568627 0.2036764705882353 0.09803921568627451
