1 0.04895833333333333 0.5472222222222223 0.09791666666666667 0.10555555555555556
0 0.16354166666666667 0.44074074074074077 0.03125 0.03333333333333333
0 0.23072916666666668 0.42407407407407405 0.04479166666666667 0.03333333333333333
0 0.3578125 0.4981481481481482 0.04895833333333333 0.037037037037037035
0 0.49583333333333335 0.32592592592592595 0.03125 0.02962962962962963
0 0.5604166666666667 0.4351851851851852 0.035416666666666666 0.03333333333333333
0 0.5911458333333334 0.40555555555555556 0.034375 0.02962962962962963
0 0.646875 0.3907407407407407 0.035416666666666666 0.02962962962962963
0 0.6411458333333333 0.37222222222222223 0.036458333333333336 0.022222222222222223
0 0.7104166666666667 0.38981481481481484 0.0375 0.03148148148148148
0 0.7125 0.37222222222222223 0.03333333333333333 0.022222222222222223
0 0.5453125 0.31574074074074077 0.03229166666666667 0.020370370370370372
0 0.73125 0.2861111111111111 0.027083333333333334 0.020370370370370372
0 0.9625 0.44537037037037036 0.022916666666666665 0.053703703703703705
0 0.9723958333333333 0.2740740740740741 0.026041666666666668 0.022222222222222223
0 0.9890625 0.2796296296296296 0.021875 0.022222222222222223
3 0.9927083333333333 0.2657407407407407 0.014583333333333334 0.024074074074074074
1 0.4791666666666667 0.41944444444444445 0.13125 0.09814814814814815
1 0.5536458333333333 0.37777777777777777 0.12395833333333334 0.06666666666666667
1 0.6177083333333333 0.4101851851851852 0.04583333333333333 0.05740740740740741
3 0.5359375 0.33240740740740743 0.034375 0.03518518518518519
3 0.74375 0.275 0.022916666666666665 0.027777777777777776
