0 0.4308823529411765 0.6764705882352942 0.045588235294117645 0.13725490196078433
3 0.5566176470588236 0.6581699346405229 0.04411764705882353 0.11633986928104575
1 0.3422794117647059 0.49869281045751634 0.05073529411764706 0.13725490196078433
0 0.04411764705882353 0.39281045751633986 0.07941176470588235 0.05620915032679739
0 0.22830882352941176 0.18627450980392157 0.05955882352941176 0.048366013071895426
0 0.24191176470588235 0.11633986928104575 0.047058823529411764 0.04183006535947712
0 0.24044117647058824 0.10065359477124183 0.04264705882352941 0.036601307189542485
3 0.3536764705882353 0.19084967320261437 0.022058823529411766 0.06535947712418301
0 0.3584558823529412 0.013725490196078431 0.02426470588235294 0.027450980392156862
0 0.5154411764705882 0.1843137254901961 0.027941176470588237 0.044444444444444446
