0 0.11764705882352941 0.0869281045751634 0.041176470588235294 0.05620915032679739
0 0.10955882352941176 0.2437908496732026 0.052941176470588235 0.06405228758169934
0 0.10330882352941176 0.3888888888888889 0.019852941176470587 0.03790849673202614
0 0.07867647058823529 0.3941176470588235 0.030882352941176472 0.03529411764705882
0 0.08345588235294117 0.40588235294117647 0.03161764705882353 0.040522875816993466
0 0.18382352941176472 0.3673202614379085 0.03823529411764706 0.08627450980392157
0 0.3558823529411765 0.08300653594771241 0.023529411764705882 0.0457516339869281
3 0.3602941176470588 0.16143790849673204 0.029411764705882353 0.06143790849673202
0 0.5588235294117647 0.23660130718954248 0.0661764705882353 0.05228758169934641
0 0.586764705882353 0.2980392156862745 0.06470588235294118 0.06013071895424837
3 0.4591911764705882 0.46862745098039216 0.05514705882352941 0.1084967320261438
0 0.5264705882352941 0.6882352941176471 0.06470588235294118 0.134640522875817
0 0.674264705882353 0.49411764705882355 0.051470588235294115 0.08888888888888889
3 0.22463235294117648 0.9797385620915032 0.08602941176470588 0.040522875816993466
