0 0.4473958333333333 0.7453703703703703 0.05520833333333333 0.1574074074074074
3 0.496875 0.4759259259259259 0.03958333333333333 0.0962962962962963
3 0.39114583333333336 0.1675925925925926 0.021875 0.05
3 0.20208333333333334 0.4861111111111111 0.058333333333333334 0.09814814814814815
3 0.06666666666666667 0.4685185185185185 0.06041666666666667 0.06296296296296296
1 0.12760416666666666 0.22962962962962963 0.09479166666666666 0.07777777777777778
1 0.615625 0.325 0.04375 0.12037037037037036
0 0.3572916666666667 0.07037037037037037 0.035416666666666666 0.02962962962962963
0 0.40989583333333335 0.06111111111111111 0.017708333333333333 0.03333333333333333
0 0.38645833333333335 0.03333333333333333 0.035416666666666666 0.025925925925925925
3 0.3645833333333333 0.012962962962962963 0.029166666666666667 0.025925925925925925
0 0.41041666666666665 0.012962962962962963 0.03125 0.025925925925925925
