0 0.64375 0.8581699346405228 0.03602941176470588 0.09281045751633987
0 0.6816176470588236 0.7490196078431373 0.060294117647058824 0.06013071895424837
0 0.8823529411764706 0.581045751633987 0.039705882352941174 0.06666666666666667
0 0.9121323529411764 0.5784313725490197 0.028676470588235293 0.043137254901960784
0 0.9650735294117647 0.5882352941176471 0.04044117647058824 0.05228758169934641
0 0.9900735294117647 0.5908496732026144 0.019852941176470587 0.04967320261437908
0 0.6529411764705882 0.5718954248366013 0.051470588235294115 0.05359477124183006
0 0.6058823529411764 0.5026143790849673 0.023529411764705882 0.05359477124183006
2 0.6073529411764705 0.41830065359477125 0.03235294117647059 0.09934640522875816
0 0.5930147058823529 0.3137254901960784 0.02426470588235294 0.036601307189542485
3 0.18235294117647058 0.9065359477124183 0.047058823529411764 0.11633986928104575
0 0.38823529411764707 0.6745098039215687 0.027941176470588237 0.08366013071895424
0 0.3382352941176471 0.657516339869281 0.03235294117647059 0.08104575163398693
3 0.22058823529411764 0.7287581699346405 0.033823529411764704 0.06928104575163399
0 0.2511029411764706 0.6320261437908496 0.027205882352941177 0.06666666666666667
0 0.26801470588235293 0.5522875816993464 0.030147058823529412 0.06928104575163399
0 0.30183823529411763 0.3888888888888889 0.04191176470588235 0.048366013071895426
3 0.3165441176470588 0.34183006535947713 0.02426470588235294 0.058823529411764705
0 0.4658088235294118 0.5352941176470588 0.02426470588235294 0.05620915032679739
2 0.5084558823529411 0.4287581699346405 0.028676470588235293 0.10980392156862745
0 0.4698529411764706 0.4235294117647059 0.022058823529411766 0.04967320261437908
0 0.42830882352941174 0.4300653594771242 0.021323529411764706 0.05751633986928104
0 0.4213235294117647 0.33137254901960783 0.01764705882352941 0.043137254901960784
0 0.5588235294117647 0.2411764705882353 0.025 0.032679738562091505
3 0.37022058823529413 0.25163398692810457 0.03455882352941177 0.03529411764705882
0 0.45330882352941176 0.20980392156862746 0.016911764705882352 0.03790849673202614
0 0.48419117647058824 0.1954248366013072 0.013970588235294118 0.030065359477124184
1 0.31066176470588236 0.21372549019607842 0.030147058823529412 0.03790849673202614
0 0.32279411764705884 0.18104575163398692 0.03235294117647059 0.027450980392156862
0 0.3209558823529412 0.16405228758169935 0.03455882352941177 0.02483660130718954
0 0.3235294117647059 0.1522875816993464 0.033823529411764704 0.022222222222222223
0 0.36433823529411763 0.1542483660130719 0.015441176470588236 0.03137254901960784
0 0.3272058823529412 0.13986928104575164 0.026470588235294117 0.023529411764705882
0 0.24080882352941177 0.12026143790849673 0.025735294117647058 0.023529411764705882
0 0.24816176470588236 0.10261437908496732 0.03308823529411765 0.0196078431372549
0 0.2555147058823529 0.09215686274509804 0.03161764705882353 0.0196078431372549
0 0.26066176470588237 0.08169934640522876 0.028676470588235293 0.01699346405228758
0 0.2613970588235294 0.07058823529411765 0.030147058823529412 0.018300653594771243
3 0.26433823529411765 0.060784313725490195 0.030147058823529412 0.027450980392156862
0 0.35625 0.047058823529411764 0.02426470588235294 0.023529411764705882
0 0.3834558823529412 0.08627450980392157 0.013970588235294118 0.023529411764705882
0 0.38823529411764707 0.06405228758169934 0.013235294117647059 0.02875816993464052
0 0.40147058823529413 0.013725490196078431 0.011764705882352941 0.022222222222222223
0 0.46838235294117647 0.03986928104575163 0.011764705882352941 0.022222222222222223
0 0.36176470588235293 0.03790849673202614 0.023529411764705882 0.023529411764705882
0 0.4738970588235294 0.00784313725490196 0.0125 0.01568627450980392
0 0.5702205882352941 0.10065359477124183 0.0125 0.02875816993464052
0 0.5654411764705882 0.06013071895424837 0.011764705882352941 0.023529411764705882
0 0.6014705882352941 0.12483660130718954 0.022058823529411766 0.0196078431372549
0 0.2702205882352941 0.047058823529411764 0.028676470588235293 0.02091503267973856
0 0.27683823529411766 0.03986928104575163 0.027205882352941177 0.0196078431372549
0 0.2757352941176471 0.029411764705882353 0.029411764705882353 0.01699346405228758
0 0.27941176470588236 0.020261437908496733 0.026470588235294117 0.0196078431372549
0 0.28198529411764706 0.01241830065359477 0.019852941176470587 0.01699346405228758
