0 0.5753676470588235 0.5274509803921569 0.06691176470588235 0.15555555555555556
0 0.1661764705882353 0.5751633986928104 0.12941176470588237 0.10980392156862745
1 0.6933823529411764 0.3915032679738562 0.1588235294117647 0.13986928104575164
1 0.868014705882353 0.7954248366013071 0.21102941176470588 0.16862745098039217
0 0.2566176470588235 0.38823529411764707 0.11470588235294117 0.09673202614379085
0 0.4338235294117647 0.15620915032679739 0.03823529411764706 0.09019607843137255
0 0.44779411764705884 0.02875816993464052 0.04264705882352941 0.05751633986928104
0 0.6011029411764706 0.06862745098039216 0.03602941176470588 0.08235294117647059
1 0.54375 0.03398692810457516 0.04485294117647059 0.06797385620915032
1 0.8275735294117647 0.2601307189542484 0.15808823529411764 0.10196078431372549
1 0.6731617647058824 0.2725490196078431 0.13897058823529412 0.11372549019607843
