3 0.24558823529411763 0.8640522875816994 0.07352941176470588 0.1803921568627451
0 0.42573529411764705 0.6980392156862745 0.051470588235294115 0.13856209150326798
0 0.5338235294117647 0.9503267973856209 0.06323529411764706 0.09934640522875816
0 0.5257352941176471 0.792156862745098 0.054411764705882354 0.1437908496732026
0 0.5150735294117647 0.6104575163398693 0.04338235294117647 0.09934640522875816
0 0.506985294117647 0.5026143790849673 0.03455882352941177 0.0718954248366013
3 0.5106617647058823 0.3915032679738562 0.03161764705882353 0.058823529411764705
0 0.5606617647058824 0.3738562091503268 0.028676470588235293 0.04967320261437908
1 0.7422794117647059 0.4130718954248366 0.0713235294117647 0.11503267973856209
3 0.6522058823529412 0.22156862745098038 0.045588235294117645 0.03790849673202614
3 0.7058823529411765 0.20130718954248367 0.047058823529411764 0.036601307189542485
3 0.7488970588235294 0.19019607843137254 0.03602941176470588 0.027450980392156862
0 0.7566176470588235 0.1477124183006536 0.03823529411764706 0.026143790849673203
3 0.8610294117647059 0.1607843137254902 0.039705882352941174 0.02875816993464052
0 0.9632352941176471 0.22745098039215686 0.04411764705882353 0.036601307189542485
0 0.9790441176470588 0.16209150326797386 0.04191176470588235 0.02875816993464052
3 0.6889705882352941 0.14967320261437908 0.027941176470588237 0.027450980392156862
3 0.6625 0.1522875816993464 0.030882352941176472 0.030065359477124184
3 0.6702205882352941 0.14313725490196078 0.030147058823529412 0.027450980392156862
0 0.6569852941176471 0.13333333333333333 0.03308823529411765 0.023529411764705882
0 0.643014705882353 0.12679738562091503 0.030147058823529412 0.023529411764705882
0 0.6286764705882353 0.11437908496732026 0.030882352941176472 0.022222222222222223
0 0.6183823529411765 0.1084967320261438 0.027941176470588237 0.02091503267973856
3 0.6080882352941176 0.10196078431372549 0.025 0.026143790849673203
0 0.5948529411764706 0.09934640522875816 0.016176470588235296 0.018300653594771243
3 0.5930147058823529 0.08431372549019608 0.0125 0.022222222222222223
0 0.6198529411764706 0.08888888888888889 0.027941176470588237 0.018300653594771243
3 0.6095588235294118 0.07908496732026143 0.014705882352941176 0.022222222222222223
3 0.5529411764705883 0.1450980392156863 0.027941176470588237 0.02875816993464052
0 0.46875 0.11830065359477124 0.013970588235294118 0.02483660130718954
0 0.5007352941176471 0.11830065359477124 0.014705882352941176 0.022222222222222223
0 0.5110294117647058 0.09607843137254903 0.013235294117647059 0.022222222222222223
3 0.5172794117647059 0.060784313725490195 0.011029411764705883 0.01699346405228758
0 0.5658088235294118 0.07647058823529412 0.011029411764705883 0.01699346405228758
3 0.5871323529411765 0.023529411764705882 0.011029411764705883 0.018300653594771243
0 0.5823529411764706 0.009150326797385621 0.007352941176470588 0.01045751633986928
0 0.34375 0.1326797385620915 0.03455882352941177 0.027450980392156862
0 0.2647058823529412 0.2045751633986928 0.05 0.030065359477124184
1 0.27647058823529413 0.10392156862745099 0.03529411764705882 0.03529411764705882
0 0.28161764705882353 0.0542483660130719 0.01764705882352941 0.0196078431372549
0 0.38786764705882354 0.06339869281045751 0.016911764705882352 0.0196078431372549
3 0.4970588235294118 0.016339869281045753 0.007352941176470588 0.011764705882352941
0 0.19522058823529412 0.4437908496732026 0.0375 0.06928104575163399
3 0.22683823529411765 0.396078431372549 0.03602941176470588 0.06797385620915032
3 0.16727941176470587 0.3954248366013072 0.03897058823529412 0.07450980392156863
0 0.16544117647058823 0.3464052287581699 0.07058823529411765 0.05751633986928104
0 0.12352941176470589 0.31241830065359477 0.04264705882352941 0.054901960784313725
0 0.10882352941176471 0.28104575163398693 0.051470588235294115 0.054901960784313725
0 0.10588235294117647 0.23660130718954248 0.052941176470588235 0.036601307189542485
0 0.10882352941176471 0.20392156862745098 0.051470588235294115 0.03398692810457516
0 0.013602941176470588 0.1392156862745098 0.027205882352941177 0.027450980392156862
3 0.10330882352941176 0.13660130718954247 0.04779411764705882 0.032679738562091505
3 0.20919117647058824 0.17647058823529413 0.04191176470588235 0.03137254901960784
0 0.21323529411764705 0.14052287581699346 0.03676470588235294 0.027450980392156862
3 0.21029411764705883 0.11830065359477124 0.03676470588235294 0.032679738562091505
0 0.1636029411764706 0.14183006535947712 0.04191176470588235 0.027450980392156862
3 0.3316176470588235 0.0803921568627451 0.022058823529411766 0.022222222222222223
0 0.32279411764705884 0.06993464052287582 0.030882352941176472 0.022222222222222223
