0 0.8932291666666666 0.22962962962962963 0.053125 0.037037037037037035
0 0.88125 0.2462962962962963 0.052083333333333336 0.037037037037037035
0 0.7833333333333333 0.23796296296296296 0.05 0.03888888888888889
0 0.696875 0.013888888888888888 0.014583333333333334 0.024074074074074074
0 0.6182291666666667 0.025925925925925925 0.015625 0.022222222222222223
0 0.5489583333333333 0.008333333333333333 0.0125 0.016666666666666666
0 0.5822916666666667 0.0712962962962963 0.014583333333333334 0.027777777777777776
0 0.5505208333333333 0.1037037037037037 0.015625 0.02962962962962963
0 0.6078125 0.11851851851851852 0.013541666666666667 0.02962962962962963
0 0.16197916666666667 0.24166666666666667 0.023958333333333335 0.06111111111111111
1 0.20833333333333334 0.32685185185185184 0.07083333333333333 0.05740740740740741
0 0.6072916666666667 0.4203703703703704 0.035416666666666666 0.05925925925925926
0 0.55625 0.44907407407407407 0.027083333333333334 0.06851851851851852
0 0.5026041666666666 0.4861111111111111 0.03229166666666667 0.08333333333333333
0 0.421875 0.25555555555555554 0.027083333333333334 0.04814814814814815
0 0.38333333333333336 0.425 0.035416666666666666 0.06851851851851852
0 0.4583333333333333 0.7657407407407407 0.05 0.1388888888888889
3 0.4359375 0.5398148148148149 0.05520833333333333 0.07592592592592592
0 0.14791666666666667 0.31666666666666665 0.05416666666666667 0.05185185185185185
0 0.240625 0.65 0.06041666666666667 0.11481481481481481
