0 0.054044117647058826 0.3241830065359477 0.05808823529411765 0.047058823529411764
0 0.1150735294117647 0.25620915032679736 0.030147058823529412 0.03398692810457516
3 0.30183823529411763 0.19281045751633988 0.019852941176470587 0.040522875816993466
0 0.3191176470588235 0.14705882352941177 0.01764705882352941 0.032679738562091505
1 0.3547794117647059 0.024183006535947713 0.021323529411764706 0.048366013071895426
0 0.19154411764705884 0.10784313725490197 0.021323529411764706 0.027450980392156862
0 0.4474264705882353 0.29215686274509806 0.019852941176470587 0.03529411764705882
0 0.45 0.19411764705882353 0.016176470588235296 0.027450980392156862
0 0.4547794117647059 0.14444444444444443 0.015441176470588236 0.02483660130718954
1 0.4827205882352941 0.18496732026143792 0.022794117647058822 0.050980392156862744
1 0.45588235294117646 0.05751633986928104 0.011764705882352941 0.026143790849673203
0 0.4610294117647059 0.00849673202614379 0.011764705882352941 0.01699346405228758
0 0.569485294117647 0.19738562091503267 0.01838235294117647 0.03137254901960784
0 0.6161764705882353 0.0542483660130719 0.03235294117647059 0.022222222222222223
1 0.6327205882352941 0.14052287581699346 0.05808823529411765 0.043137254901960784
0 0.6209558823529412 0.16601307189542483 0.03897058823529412 0.026143790849673203
0 0.6636029411764706 0.2 0.03897058823529412 0.026143790849673203
3 0.8459558823529412 0.20326797385620915 0.027205882352941177 0.03790849673202614
0 0.8452205882352941 0.14183006535947712 0.027205882352941177 0.022222222222222223
0 0.88125 0.14444444444444443 0.03455882352941177 0.022222222222222223
0 0.9404411764705882 0.1450980392156863 0.03529411764705882 0.02091503267973856
0 0.49558823529411766 0.45294117647058824 0.025 0.05620915032679739
1 0.17352941176470588 0.5784313725490197 0.058823529411764705 0.13725490196078433
0 0.5158088235294118 0.6941176470588235 0.03308823529411765 0.08366013071895424
3 0.6415441176470589 0.5542483660130719 0.04044117647058824 0.08104575163398693
0 0.6764705882352942 0.4738562091503268 0.061764705882352944 0.0457516339869281
0 0.04485294117647059 0.9777777777777777 0.051470588235294115 0.044444444444444446
0 0.8915441176470589 0.16470588235294117 0.0375 0.02091503267973856
0 0.9470588235294117 0.16666666666666666 0.03676470588235294 0.02483660130718954
