0 0.49375 0.03137254901960784 0.016911764705882352 0.06274509803921569
0 0.375 0.01699346405228758 0.03676470588235294 0.03398692810457516
0 0.46544117647058825 0.07712418300653595 0.016176470588235296 0.06013071895424837
0 0.46397058823529413 0.30980392156862746 0.014705882352941176 0.06274509803921569
0 0.4915441176470588 0.33398692810457514 0.021323529411764706 0.06666666666666667
0 0.4963235294117647 0.41045751633986927 0.03235294117647059 0.05751633986928104
0 0.43970588235294117 0.434640522875817 0.016176470588235296 0.06928104575163399
0 0.4400735294117647 0.545751633986928 0.016911764705882352 0.06143790849673202
0 0.5463235294117647 0.561437908496732 0.033823529411764704 0.03790849673202614
0 0.37426470588235294 0.07254901960784314 0.03529411764705882 0.032679738562091505
0 0.40551470588235294 0.34183006535947713 0.013970588235294118 0.06405228758169934
0 0.5415441176470588 0.4477124183006536 0.03602941176470588 0.03529411764705882
0 0.5393382352941176 0.5071895424836601 0.0375 0.044444444444444446
0 0.4430147058823529 0.6803921568627451 0.015441176470588236 0.06666666666666667
0 0.3790441176470588 0.5830065359477125 0.030147058823529412 0.03398692810457516
0 0.4102941176470588 0.8032679738562092 0.01764705882352941 0.06666666666666667
0 0.4470588235294118 0.8601307189542484 0.016176470588235296 0.06535947712418301
0 0.6610294117647059 0.8222222222222222 0.03676470588235294 0.03137254901960784
0 0.7308823529411764 0.7797385620915033 0.023529411764705882 0.050980392156862744
0 0.7698529411764706 0.7928104575163398 0.03529411764705882 0.058823529411764705
0 0.7977941176470589 0.7862745098039216 0.03235294117647059 0.05620915032679739
0 0.8672794117647059 0.7738562091503268 0.016911764705882352 0.06535947712418301
3 0.9088235294117647 0.7843137254901961 0.022058823529411766 0.05751633986928104
0 0.9371323529411765 0.7888888888888889 0.022794117647058822 0.06143790849673202
0 0.9602941176470589 0.7823529411764706 0.026470588235294117 0.06405228758169934
0 0.7452205882352941 0.9267973856209151 0.03161764705882353 0.03137254901960784
0 0.6738970588235295 0.9339869281045752 0.04044117647058824 0.027450980392156862
0 0.8378676470588236 0.9254901960784314 0.03455882352941177 0.0392156862745098
0 0.8378676470588236 0.9633986928104575 0.030147058823529412 0.02875816993464052
0 0.9430147058823529 0.9228758169934641 0.0375 0.04183006535947712
0 0.9797794117647058 0.9267973856209151 0.02426470588235294 0.02875816993464052
0 0.5033088235294118 0.9627450980392157 0.013970588235294118 0.0718954248366013
0 0.3047794117647059 0.9705882352941176 0.03455882352941177 0.058823529411764705
0 0.21470588235294116 0.9137254901960784 0.03676470588235294 0.026143790849673203
0 0.23345588235294118 0.9751633986928104 0.03308823529411765 0.04967320261437908
0 0.20220588235294118 0.9790849673202614 0.03235294117647059 0.04183006535947712
0 0.17058823529411765 0.9830065359477124 0.03235294117647059 0.03398692810457516
3 0.15919117647058822 0.9575163398692811 0.05220588235294118 0.06143790849673202
0 0.11470588235294117 0.9777777777777777 0.020588235294117647 0.044444444444444446
