0 0.47610294117647056 0.8516339869281045 0.1610294117647059 0.15294117647058825
0 0.7731617647058824 0.6496732026143791 0.14191176470588235 0.13071895424836602
0 0.49558823529411766 0.5281045751633987 0.1323529411764706 0.09934640522875816
0 0.24779411764705883 0.6908496732026144 0.14558823529411766 0.12941176470588237
0 0.544485294117647 0.3130718954248366 0.05514705882352941 0.11372549019607843
0 0.5735294117647058 0.14640522875816994 0.045588235294117645 0.06797385620915032
0 0.45698529411764705 0.032679738562091505 0.03455882352941177 0.06535947712418301
3 0.8860294117647058 0.19019607843137254 0.08676470588235294 0.07973856209150326
0 0.04926470588235294 0.24640522875816995 0.09852941176470588 0.07450980392156863
0 0.03161764705882353 0.7568627450980392 0.06323529411764706 0.12549019607843137
0 0.40404411764705883 0.25163398692810457 0.013970588235294118 0.050980392156862744
