0 0.6364583333333333 0.6953703703703704 0.052083333333333336 0.10185185185185185
0 0.6625 0.6 0.06666666666666667 0.07777777777777778
1 0.0375 0.46574074074074073 0.075 0.05740740740740741
1 0.0671875 0.4444444444444444 0.08854166666666667 0.04814814814814815
0 0.021875 0.3990740740740741 0.041666666666666664 0.03888888888888889
0 0.090625 0.4287037037037037 0.06875 0.03888888888888889
3 0.10572916666666667 0.41203703703703703 0.059375 0.04259259259259259
0 0.13958333333333334 0.3851851851851852 0.06041666666666667 0.044444444444444446
0 0.15520833333333334 0.37407407407407406 0.052083333333333336 0.02962962962962963
3 0.1578125 0.3574074074074074 0.053125 0.037037037037037035
0 0.17864583333333334 0.35 0.046875 0.03333333333333333
0 0.18958333333333333 0.3388888888888889 0.05 0.03333333333333333
3 0.20729166666666668 0.3611111111111111 0.027083333333333334 0.04814814814814815
3 0.178125 0.29074074074074074 0.03958333333333333 0.03333333333333333
0 0.7880208333333333 0.4564814814814815 0.08020833333333334 0.05740740740740741
0 0.36041666666666666 0.3990740740740741 0.027083333333333334 0.04259259259259259
3 0.3692708333333333 0.3685185185185185 0.026041666666666668 0.040740740740740744
0 0.378125 0.3490740740740741 0.020833333333333332 0.03148148148148148
0 0.3807291666666667 0.3287037037037037 0.019791666666666666 0.03148148148148148
3 0.390625 0.3101851851851852 0.020833333333333332 0.03148148148148148
0 0.3963541666666667 0.29074074074074074 0.017708333333333333 0.025925925925925925
0 0.42135416666666664 0.28703703703703703 0.015625 0.02962962962962963
0 0.42864583333333334 0.21481481481481482 0.009375 0.014814814814814815
0 0.4348958333333333 0.18981481481481483 0.007291666666666667 0.012962962962962963
3 0.4901041666666667 0.19722222222222222 0.013541666666666667 0.012962962962962963
0 0.5994791666666667 0.28055555555555556 0.021875 0.03148148148148148
