0 0.115625 0.7768518518518519 0.10416666666666667 0.12407407407407407
1 0.3385416666666667 0.6481481481481481 0.23333333333333334 0.3333333333333333
3 0.534375 0.45092592592592595 0.0375 0.05740740740740741
1 0.5901041666666667 0.3537037037037037 0.08645833333333333 0.12222222222222222
1 0.575 0.21851851851851853 0.058333333333333334 0.08518518518518518
2 0.6671875 0.26666666666666666 0.046875 0.06666666666666667
0 0.6286458333333333 0.22962962962962963 0.019791666666666666 0.025925925925925925
0 0.6505208333333333 0.2 0.019791666666666666 0.025925925925925925
0 0.7182291666666667 0.27314814814814814 0.023958333333333335 0.03518518518518519
0 0.7328125 0.21944444444444444 0.021875 0.03518518518518519
0 0.8135416666666667 0.18703703703703703 0.022916666666666665 0.018518518518518517
0 0.8171875 0.18333333333333332 0.028125 0.022222222222222223
