0 0.4411764705882353 0.027450980392156862 0.01764705882352941 0.054901960784313725
0 0.47941176470588237 0.11633986928104575 0.014705882352941176 0.06274509803921569
0 0.4536764705882353 0.15098039215686274 0.016176470588235296 0.06666666666666667
0 0.43676470588235294 0.34509803921568627 0.014705882352941176 0.06535947712418301
0 0.46139705882352944 0.37712418300653594 0.016911764705882352 0.06405228758169934
0 0.4922794117647059 0.3209150326797386 0.015441176470588236 0.06143790849673202
0 0.3996323529411765 0.5823529411764706 0.03897058823529412 0.050980392156862744
0 0.5003676470588235 0.561437908496732 0.01838235294117647 0.06666666666666667
0 0.44227941176470587 0.45816993464052286 0.015441176470588236 0.06666666666666667
0 0.38786764705882354 0.15947712418300652 0.03897058823529412 0.03137254901960784
0 0.3805147058823529 0.2065359477124183 0.03602941176470588 0.036601307189542485
0 0.38676470588235295 0.06797385620915032 0.033823529411764704 0.0392156862745098
0 0.42058823529411765 0.01241830065359477 0.014705882352941176 0.02483660130718954
0 0.3963235294117647 0.44836601307189544 0.039705882352941174 0.0392156862745098
0 0.006985294117647059 0.7183006535947712 0.013970588235294118 0.027450980392156862
3 0.06911764705882353 0.7163398692810458 0.039705882352941174 0.03137254901960784
0 0.12352941176470589 0.6496732026143791 0.020588235294117647 0.07320261437908497
0 0.15183823529411763 0.6411764705882353 0.019852941176470587 0.06928104575163399
0 0.17205882352941176 0.6529411764705882 0.01911764705882353 0.06666666666666667
0 0.19375 0.6503267973856209 0.01838235294117647 0.07450980392156863
0 0.21544117647058825 0.6477124183006536 0.01764705882352941 0.06928104575163399
0 0.17463235294117646 0.7673202614379085 0.04191176470588235 0.03137254901960784
0 0.07904411764705882 0.7862745098039216 0.02426470588235294 0.022222222222222223
0 0.24558823529411763 0.681045751633987 0.03676470588235294 0.03137254901960784
0 0.2599264705882353 0.7673202614379085 0.03897058823529412 0.03398692810457516
0 0.4724264705882353 0.6215686274509804 0.016911764705882352 0.06405228758169934
0 0.4459558823529412 0.6320261437908496 0.01838235294117647 0.06666666666666667
0 0.5683823529411764 0.5973856209150327 0.03676470588235294 0.03398692810457516
0 0.5455882352941176 0.7058823529411765 0.016176470588235296 0.05751633986928104
0 0.5764705882352941 0.8699346405228758 0.03823529411764706 0.043137254901960784
0 0.5533088235294118 0.2549019607843137 0.03161764705882353 0.04967320261437908
0 0.5268382352941177 0.2973856209150327 0.016911764705882352 0.06405228758169934
0 0.5238970588235294 0.38169934640522873 0.016911764705882352 0.06535947712418301
0 0.5606617647058824 0.3026143790849673 0.030147058823529412 0.040522875816993466
0 0.5360294117647059 0.5287581699346405 0.01764705882352941 0.06405228758169934
3 0.4033088235294118 0.5326797385620915 0.03308823529411765 0.03790849673202614
0 0.5077205882352941 0.74640522875817 0.016911764705882352 0.06274509803921569
0 0.47941176470588237 0.838562091503268 0.01764705882352941 0.0718954248366013
0 0.45183823529411765 0.8901960784313725 0.015441176470588236 0.07320261437908497
0 0.4863970588235294 0.9535947712418301 0.01838235294117647 0.06666666666666667
0 0.40698529411764706 0.9143790849673202 0.016911764705882352 0.0718954248366013
3 0.40808823529411764 0.8215686274509804 0.013235294117647059 0.06405228758169934
