0 0.45183823529411765 0.016339869281045753 0.009558823529411765 0.01699346405228758
0 0.47941176470588237 0.02679738562091503 0.008823529411764706 0.01699346405228758
0 0.46838235294117647 0.15163398692810456 0.01764705882352941 0.03137254901960784
0 0.49926470588235294 0.14052287581699346 0.016176470588235296 0.027450980392156862
0 0.5466911764705882 0.07647058823529412 0.013970588235294118 0.0196078431372549
0 0.49264705882352944 0.038562091503267976 0.01911764705882353 0.01699346405228758
0 0.6003676470588235 0.07516339869281045 0.015441176470588236 0.0196078431372549
0 0.4147058823529412 0.2169934640522876 0.01911764705882353 0.03398692810457516
0 0.49375 0.2372549019607843 0.019852941176470587 0.043137254901960784
0 0.5525735294117647 0.21895424836601307 0.022794117647058822 0.030065359477124184
0 0.5441176470588235 0.16143790849673204 0.016176470588235296 0.030065359477124184
0 0.5220588235294118 0.30196078431372547 0.022058823529411766 0.04183006535947712
0 0.5720588235294117 0.32222222222222224 0.022058823529411766 0.050980392156862744
0 0.5922794117647059 0.40784313725490196 0.03455882352941177 0.05751633986928104
0 0.58125 0.47843137254901963 0.027205882352941177 0.06535947712418301
0 0.44632352941176473 0.43790849673202614 0.027941176470588237 0.06535947712418301
0 0.40183823529411766 0.38169934640522873 0.03308823529411765 0.06013071895424837
0 0.5400735294117647 0.873202614379085 0.05514705882352941 0.15163398692810456
0 0.27389705882352944 0.8398692810457516 0.06102941176470588 0.1607843137254902
0 0.34338235294117647 0.6516339869281046 0.054411764705882354 0.11895424836601307
0 0.36433823529411763 0.5398692810457516 0.04191176470588235 0.09411764705882353
0 0.3860294117647059 0.3326797385620915 0.03235294117647059 0.05359477124183006
0 0.4033088235294118 0.28823529411764703 0.027205882352941177 0.040522875816993466
3 0.4238970588235294 0.1738562091503268 0.01838235294117647 0.04183006535947712
3 0.4147058823529412 0.6712418300653594 0.03823529411764706 0.13202614379084968
0 0.3926470588235294 0.20392156862745098 0.016176470588235296 0.0392156862745098
0 0.3863970588235294 0.1738562091503268 0.030147058823529412 0.026143790849673203
0 0.39338235294117646 0.15555555555555556 0.033823529411764704 0.03137254901960784
0 0.39558823529411763 0.12352941176470589 0.029411764705882353 0.02483660130718954
0 0.3966911764705882 0.10980392156862745 0.030147058823529412 0.02875816993464052
0 0.40698529411764706 0.07581699346405228 0.03161764705882353 0.026143790849673203
0 0.36176470588235293 0.30196078431372547 0.03823529411764706 0.03137254901960784
0 0.35 0.4339869281045752 0.07058823529411765 0.044444444444444446
0 0.2713235294117647 0.5823529411764706 0.07205882352941176 0.06143790849673202
0 0.2536764705882353 0.6882352941176471 0.08823529411764706 0.07712418300653595
0 0.17977941176470588 0.9627450980392157 0.1463235294117647 0.07450980392156863
0 0.5625 0.2549019607843137 0.022058823529411766 0.03137254901960784
0 0.5636029411764706 0.28431372549019607 0.04338235294117647 0.040522875816993466
0 0.5654411764705882 0.10915032679738562 0.022058823529411766 0.0196078431372549
0 0.5845588235294118 0.12026143790849673 0.01911764705882353 0.026143790849673203
0 0.6066176470588235 0.12352941176470589 0.023529411764705882 0.02483660130718954
0 0.6091911764705882 0.10588235294117647 0.02426470588235294 0.023529411764705882
0 0.6272058823529412 0.058823529411764705 0.022058823529411766 0.018300653594771243
0 0.6279411764705882 0.02287581699346405 0.01911764705882353 0.022222222222222223
0 0.5650735294117647 0.0803921568627451 0.01838235294117647 0.022222222222222223
0 0.5613970588235294 0.06601307189542484 0.015441176470588236 0.022222222222222223
3 0.5816176470588236 0.0784313725490196 0.01764705882352941 0.02091503267973856
3 0.5841911764705883 0.1065359477124183 0.015441176470588236 0.022222222222222223
3 0.6172794117647059 0.07581699346405228 0.015441176470588236 0.02091503267973856
3 0.5926470588235294 0.06470588235294118 0.016176470588235296 0.022222222222222223
3 0.6080882352941176 0.06013071895424837 0.016176470588235296 0.023529411764705882
1 0.5389705882352941 0.03137254901960784 0.03235294117647059 0.02875816993464052
2 0.606985294117647 0.00784313725490196 0.03602941176470588 0.01568627450980392
