0 0.861764705882353 0.5718954248366013 0.08235294117647059 0.058823529411764705
0 0.8286764705882353 0.4980392156862745 0.07058823529411765 0.06013071895424837
0 0.49080882352941174 0.5607843137254902 0.03161764705882353 0.06797385620915032
0 0.4338235294117647 0.4823529411764706 0.030882352941176472 0.06535947712418301
0 0.45073529411764707 0.3045751633986928 0.020588235294117647 0.0392156862745098
0 0.4036764705882353 0.2823529411764706 0.020588235294117647 0.04183006535947712
0 0.4878676470588235 0.20915032679738563 0.015441176470588236 0.023529411764705882
0 0.48566176470588235 0.1300653594771242 0.011029411764705883 0.0196078431372549
0 0.5275735294117647 0.19411764705882353 0.02426470588235294 0.02483660130718954
0 0.5113970588235294 0.13725490196078433 0.0125 0.02091503267973856
0 0.4661764705882353 0.1130718954248366 0.011764705882352941 0.0196078431372549
0 0.47205882352941175 0.050980392156862744 0.007352941176470588 0.01045751633986928
0 0.4860294117647059 0.052941176470588235 0.0058823529411764705 0.011764705882352941
0 0.5040441176470588 0.04183006535947712 0.006617647058823529 0.01045751633986928
0 0.48566176470588235 0.03529411764705882 0.006617647058823529 0.00784313725490196
0 0.5029411764705882 0.0673202614379085 0.008823529411764706 0.011764705882352941
0 0.7823529411764706 0.949673202614379 0.1323529411764706 0.09803921568627451
0 0.7639705882352941 0.8647058823529412 0.10588235294117647 0.08235294117647059
0 0.7433823529411765 0.7379084967320262 0.10294117647058823 0.07712418300653595
0 0.7161764705882353 0.6392156862745098 0.08235294117647059 0.06535947712418301
0 0.6952205882352941 0.37777777777777777 0.05514705882352941 0.044444444444444446
0 0.5613970588235294 0.3535947712418301 0.02426470588235294 0.03790849673202614
0 0.5584558823529412 0.39215686274509803 0.02426470588235294 0.044444444444444446
0 0.41911764705882354 0.25163398692810457 0.01911764705882353 0.03529411764705882
0 0.3966911764705882 0.12352941176470589 0.022794117647058822 0.01699346405228758
0 0.44338235294117645 0.09542483660130718 0.010294117647058823 0.018300653594771243
0 0.4511029411764706 0.08496732026143791 0.009558823529411765 0.013071895424836602
0 0.47095588235294117 0.06535947712418301 0.006617647058823529 0.01045751633986928
0 0.49264705882352944 0.08366013071895424 0.007352941176470588 0.013071895424836602
0 0.5573529411764706 0.14901960784313725 0.026470588235294117 0.01568627450980392
0 0.5573529411764706 0.15555555555555556 0.026470588235294117 0.018300653594771243
0 0.5944852941176471 0.10392156862745099 0.022794117647058822 0.01699346405228758
0 0.5838235294117647 0.07973856209150326 0.01911764705882353 0.013071895424836602
0 0.5735294117647058 0.07254901960784314 0.01911764705882353 0.01437908496732026
0 0.54375 0.07124183006535947 0.008088235294117648 0.01437908496732026
0 0.5577205882352941 0.046405228758169936 0.015441176470588236 0.009150326797385621
0 0.5610294117647059 0.13725490196078433 0.026470588235294117 0.01568627450980392
0 0.5536764705882353 0.14575163398692811 0.025 0.01699346405228758
0 0.5558823529411765 0.13071895424836602 0.026470588235294117 0.013071895424836602
0 0.5558823529411765 0.12745098039215685 0.025 0.01437908496732026
0 0.5547794117647059 0.12222222222222222 0.022794117647058822 0.0196078431372549
0 0.5716911764705882 0.10326797385620914 0.0125 0.018300653594771243
3 0.54375 0.10718954248366012 0.025735294117647058 0.02091503267973856
3 0.5272058823529412 0.07712418300653595 0.01911764705882353 0.01568627450980392
3 0.5279411764705882 0.07254901960784314 0.01911764705882353 0.01699346405228758
0 0.4742647058823529 0.041176470588235294 0.0058823529411764705 0.011764705882352941
0 0.4573529411764706 0.034640522875816995 0.0058823529411764705 0.009150326797385621
1 0.45330882352941176 0.052941176470588235 0.008088235294117648 0.0196078431372549
1 0.4860294117647059 0.08823529411764706 0.013235294117647059 0.040522875816993466
1 0.5147058823529411 0.32679738562091504 0.03529411764705882 0.14901960784313725
1 0.3900735294117647 0.8222222222222222 0.05808823529411765 0.18562091503267975
1 0.3099264705882353 0.17712418300653596 0.02426470588235294 0.043137254901960784
1 0.3448529411764706 0.1607843137254902 0.033823529411764704 0.06797385620915032
1 0.3224264705882353 0.15359477124183007 0.028676470588235293 0.048366013071895426
1 0.4088235294117647 0.20915032679738563 0.07058823529411765 0.06013071895424837
1 0.3113970588235294 0.25947712418300656 0.04926470588235294 0.10588235294117647
3 0.48676470588235293 0.42091503267973857 0.023529411764705882 0.05751633986928104
