3 0.6952205882352941 0.9352941176470588 0.03161764705882353 0.1084967320261438
0 0.6591911764705882 0.6941176470588235 0.03308823529411765 0.08366013071895424
0 0.5003676470588235 0.6967320261437908 0.028676470588235293 0.07581699346405228
0 0.48125 0.8790849673202614 0.028676470588235293 0.1084967320261438
0 0.6419117647058824 0.5888888888888889 0.030882352941176472 0.07973856209150326
0 0.6305147058823529 0.4522875816993464 0.04632352941176471 0.04183006535947712
0 0.6227941176470588 0.4973856209150327 0.023529411764705882 0.05359477124183006
0 0.6341911764705882 0.32222222222222224 0.0375 0.032679738562091505
2 0.4970588235294118 0.44248366013071894 0.030882352941176472 0.12679738562091503
0 0.5080882352941176 0.1261437908496732 0.029411764705882353 0.040522875816993466
3 0.5525735294117647 0.15620915032679739 0.015441176470588236 0.03529411764705882
0 0.5720588235294117 0.1738562091503268 0.01911764705882353 0.05228758169934641
0 0.5794117647058824 0.1450980392156863 0.027941176470588237 0.036601307189542485
0 0.5588235294117647 0.09477124183006536 0.016176470588235296 0.027450980392156862
0 0.5375 0.07320261437908497 0.016176470588235296 0.036601307189542485
0 0.5518382352941177 0.060784313725490195 0.0125 0.027450980392156862
0 0.55 0.02679738562091503 0.014705882352941176 0.027450980392156862
0 0.5452205882352941 0.00849673202614379 0.013970588235294118 0.01699346405228758
0 0.5007352941176471 0.03529411764705882 0.013235294117647059 0.02875816993464052
0 0.8889705882352941 0.14444444444444443 0.039705882352941174 0.027450980392156862
0 0.9297794117647059 0.1411764705882353 0.03308823529411765 0.026143790849673203
0 0.9665441176470588 0.17647058823529413 0.03455882352941177 0.02875816993464052
0 0.9150735294117647 0.17777777777777778 0.04044117647058824 0.03137254901960784
0 0.8823529411764706 0.20065359477124184 0.026470588235294117 0.03790849673202614
0 0.9036764705882353 0.20130718954248367 0.029411764705882353 0.0392156862745098
0 0.9352941176470588 0.20784313725490197 0.027941176470588237 0.04183006535947712
0 0.19926470588235295 0.9130718954248366 0.04411764705882353 0.12156862745098039
0 0.2235294117647059 0.7915032679738562 0.039705882352941174 0.10588235294117647
0 0.27536764705882355 0.48366013071895425 0.022794117647058822 0.06274509803921569
3 0.2386029411764706 0.6686274509803921 0.03455882352941177 0.09542483660130718
0 0.2349264705882353 0.5764705882352941 0.05955882352941176 0.05751633986928104
0 0.2746323529411765 0.38496732026143793 0.030147058823529412 0.03790849673202614
0 0.29558823529411765 0.3503267973856209 0.022058823529411766 0.05228758169934641
0 0.4297794117647059 0.1607843137254902 0.016911764705882352 0.0392156862745098
0 0.3503676470588235 0.029411764705882353 0.013970588235294118 0.027450980392156862
0 0.3452205882352941 0.05032679738562092 0.013970588235294118 0.030065359477124184
0 0.3422794117647059 0.0784313725490196 0.016911764705882352 0.02875816993464052
0 0.2897058823529412 0.3111111111111111 0.03529411764705882 0.0392156862745098
0 0.3088235294117647 0.269281045751634 0.023529411764705882 0.047058823529411764
0 0.28308823529411764 0.24183006535947713 0.03529411764705882 0.04183006535947712
0 0.31286764705882353 0.1568627450980392 0.03455882352941177 0.03398692810457516
0 0.36323529411764705 0.7562091503267974 0.029411764705882353 0.09281045751633987
1 0.36213235294117646 0.6098039215686275 0.030147058823529412 0.09542483660130718
