0 0.8121323529411765 0.6248366013071895 0.04044117647058824 0.0915032679738562
0 0.9091911764705882 0.4372549019607843 0.03455882352941177 0.050980392156862744
0 0.7977941176470589 0.22026143790849673 0.016176470588235296 0.02483660130718954
0 0.8018382352941177 0.18627450980392157 0.015441176470588236 0.022222222222222223
0 0.8025735294117647 0.13660130718954247 0.011029411764705883 0.01699346405228758
0 0.7805147058823529 0.13071895424836602 0.009558823529411765 0.01568627450980392
0 0.7834558823529412 0.11176470588235295 0.008088235294117648 0.01437908496732026
0 0.836764705882353 0.12483660130718954 0.010294117647058823 0.01437908496732026
0 0.7977941176470589 0.07450980392156863 0.007352941176470588 0.01045751633986928
0 0.8136029411764706 0.08627450980392157 0.008088235294117648 0.01045751633986928
0 0.8308823529411765 0.08562091503267974 0.008823529411764706 0.009150326797385621
0 0.8136029411764706 0.07058823529411765 0.006617647058823529 0.01045751633986928
0 0.83125 0.10261437908496732 0.008088235294117648 0.01437908496732026
0 0.7981617647058824 0.265359477124183 0.016911764705882352 0.02875816993464052
3 0.7738970588235294 0.2111111111111111 0.015441176470588236 0.032679738562091505
3 0.6584558823529412 0.16405228758169935 0.022794117647058822 0.02483660130718954
0 0.73125 0.1287581699346405 0.009558823529411765 0.01699346405228758
0 0.7349264705882353 0.12026143790849673 0.009558823529411765 0.01568627450980392
3 0.7871323529411764 0.09869281045751634 0.008088235294117648 0.01699346405228758
0 0.8852941176470588 0.1542483660130719 0.011764705882352941 0.018300653594771243
0 0.9102941176470588 0.16732026143790849 0.013235294117647059 0.023529411764705882
0 0.9264705882352942 0.1784313725490196 0.013235294117647059 0.0196078431372549
3 0.9253676470588236 0.1568627450980392 0.013970588235294118 0.023529411764705882
3 0.9066176470588235 0.11372549019607843 0.010294117647058823 0.018300653594771243
0 0.9136029411764706 0.12352941176470589 0.01838235294117647 0.01437908496732026
3 0.8084558823529412 0.04771241830065359 0.006617647058823529 0.01437908496732026
0 0.8286764705882353 0.05751633986928104 0.0058823529411764705 0.013071895424836602
0 0.8213235294117647 0.05228758169934641 0.0058823529411764705 0.01045751633986928
0 0.057352941176470586 0.7333333333333333 0.10441176470588236 0.08888888888888889
0 0.15183823529411763 0.6673202614379085 0.08161764705882353 0.09281045751633987
0 0.20588235294117646 0.6254901960784314 0.07058823529411765 0.07973856209150326
0 0.24411764705882352 0.7163398692810458 0.07352941176470588 0.11764705882352941
0 0.3628676470588235 0.7366013071895425 0.09779411764705882 0.08235294117647059
0 0.2889705882352941 0.5509803921568628 0.06911764705882353 0.06666666666666667
0 0.4091911764705882 0.6679738562091503 0.07867647058823529 0.08104575163398693
0 0.4227941176470588 0.6228758169934641 0.08235294117647059 0.06928104575163399
0 0.4875 0.5359477124183006 0.07794117647058824 0.06013071895424837
0 0.586764705882353 0.5104575163398692 0.06323529411764706 0.06928104575163399
0 0.5323529411764706 0.4718954248366013 0.060294117647058824 0.054901960784313725
0 0.5992647058823529 0.46013071895424834 0.05 0.05228758169934641
0 0.6330882352941176 0.4189542483660131 0.025 0.050980392156862744
0 0.6452205882352942 0.34967320261437906 0.027205882352941177 0.05620915032679739
0 0.6551470588235294 0.31633986928104574 0.045588235294117645 0.03398692810457516
0 0.6466911764705883 0.3058823529411765 0.03897058823529412 0.03137254901960784
0 0.6345588235294117 0.2973856209150327 0.033823529411764704 0.03529411764705882
3 0.6231617647058824 0.27712418300653596 0.03308823529411765 0.036601307189542485
0 0.5724264705882353 0.24509803921568626 0.021323529411764706 0.040522875816993466
3 0.5393382352941176 0.23006535947712417 0.025735294117647058 0.036601307189542485
0 0.50625 0.2235294117647059 0.028676470588235293 0.026143790849673203
0 0.3985294117647059 0.2 0.03235294117647059 0.023529411764705882
0 0.4025735294117647 0.14052287581699346 0.02426470588235294 0.01699346405228758
0 0.48308823529411765 0.15098039215686274 0.025 0.0196078431372549
0 0.6154411764705883 0.1522875816993464 0.023529411764705882 0.01437908496732026
0 0.6327205882352941 0.14901960784313725 0.022794117647058822 0.018300653594771243
0 0.43713235294117647 0.4065359477124183 0.025735294117647058 0.047058823529411764
0 0.3834558823529412 0.4392156862745098 0.05808823529411765 0.054901960784313725
0 0.46911764705882353 0.5699346405228758 0.08529411764705883 0.08627450980392157
