0 0.12169117647058823 0.8117647058823529 0.06838235294117648 0.13071895424836602
0 0.6900735294117647 0.9006535947712418 0.05955882352941176 0.13594771241830064
0 0.6540441176470588 0.7143790849673203 0.04779411764705882 0.09019607843137255
0 0.6419117647058824 0.626797385620915 0.039705882352941174 0.07450980392156863
0 0.7643382352941176 0.5784313725490197 0.04779411764705882 0.07973856209150326
0 0.2922794117647059 0.47124183006535947 0.04191176470588235 0.050980392156862744
0 0.10735294117647058 0.426797385620915 0.04411764705882353 0.048366013071895426
0 0.1536764705882353 0.5045751633986928 0.04411764705882353 0.05751633986928104
0 0.28345588235294117 0.23921568627450981 0.01838235294117647 0.023529411764705882
0 0.4886029411764706 0.2679738562091503 0.015441176470588236 0.02875816993464052
0 0.4334558823529412 0.37516339869281046 0.016911764705882352 0.036601307189542485
0 0.5452205882352941 0.5437908496732026 0.030147058823529412 0.054901960784313725
0 0.6113970588235295 0.47058823529411764 0.02426470588235294 0.04183006535947712
0 0.5992647058823529 0.4084967320261438 0.025 0.03790849673202614
0 0.5875 0.36470588235294116 0.01911764705882353 0.03398692810457516
0 0.5632352941176471 0.34901960784313724 0.01911764705882353 0.02875816993464052
0 0.5411764705882353 0.26666666666666666 0.020588235294117647 0.023529411764705882
3 0.5080882352941176 0.29673202614379085 0.01764705882352941 0.0392156862745098
3 0.6176470588235294 0.5137254901960784 0.027941176470588237 0.06013071895424837
0 0.44448529411764703 0.33202614379084966 0.016911764705882352 0.03137254901960784
0 0.4488970588235294 0.3006535947712418 0.015441176470588236 0.023529411764705882
0 0.4522058823529412 0.28169934640522876 0.010294117647058823 0.027450980392156862
0 0.5713235294117647 0.27450980392156865 0.013235294117647059 0.023529411764705882
0 0.5735294117647058 0.28954248366013075 0.020588235294117647 0.02483660130718954
3 0.8036764705882353 0.38169934640522873 0.026470588235294117 0.047058823529411764
1 0.94375 0.8875816993464052 0.1125 0.2222222222222222
1 0.2801470588235294 0.36797385620915035 0.07205882352941176 0.0457516339869281
1 0.34705882352941175 0.3503267973856209 0.03823529411764706 0.08104575163398693
0 0.20808823529411766 0.43071895424836604 0.04264705882352941 0.050980392156862744
0 0.2926470588235294 0.3196078431372549 0.020588235294117647 0.03790849673202614
1 0.3488970588235294 0.21568627450980393 0.05955882352941176 0.04183006535947712
0 0.38382352941176473 0.21241830065359477 0.020588235294117647 0.027450980392156862
3 0.34448529411764706 0.17647058823529413 0.015441176470588236 0.018300653594771243
3 0.39191176470588235 0.17320261437908496 0.010294117647058823 0.01699346405228758
3 0.38933823529411765 0.13137254901960785 0.009558823529411765 0.01437908496732026
0 0.40147058823529413 0.15294117647058825 0.007352941176470588 0.01045751633986928
0 0.40661764705882353 0.1392156862745098 0.008823529411764706 0.01437908496732026
0 0.4915441176470588 0.17320261437908496 0.006617647058823529 0.01699346405228758
0 0.5018382352941176 0.19150326797385622 0.009558823529411765 0.01437908496732026
0 0.50625 0.2169934640522876 0.008088235294117648 0.018300653594771243
0 0.5591911764705882 0.2549019607843137 0.008088235294117648 0.02875816993464052
0 0.5617647058823529 0.2281045751633987 0.016176470588235296 0.01437908496732026
0 0.5591911764705882 0.2084967320261438 0.011029411764705883 0.01699346405228758
0 0.5525735294117647 0.18235294117647058 0.008088235294117648 0.022222222222222223
0 0.5481617647058824 0.15751633986928104 0.008088235294117648 0.01699346405228758
0 0.5066176470588235 0.1627450980392157 0.010294117647058823 0.01437908496732026
0 0.5283088235294118 0.1830065359477124 0.009558823529411765 0.01568627450980392
0 0.5286764705882353 0.16405228758169935 0.010294117647058823 0.011764705882352941
0 0.5224264705882353 0.14183006535947712 0.005147058823529412 0.01437908496732026
0 0.5408088235294117 0.18627450980392157 0.008088235294117648 0.009150326797385621
0 0.31985294117647056 0.2084967320261438 0.023529411764705882 0.0196078431372549
0 0.42463235294117646 0.21176470588235294 0.009558823529411765 0.02875816993464052
0 0.43308823529411766 0.18627450980392157 0.010294117647058823 0.022222222222222223
0 0.44191176470588234 0.16862745098039217 0.010294117647058823 0.02091503267973856
0 0.4485294117647059 0.15294117647058825 0.007352941176470588 0.018300653594771243
1 0.6036764705882353 0.17450980392156862 0.010294117647058823 0.027450980392156862
0 0.6147058823529412 0.20392156862745098 0.014705882352941176 0.018300653594771243
0 0.5904411764705882 0.1758169934640523 0.008823529411764706 0.01699346405228758
