3 0.7694852941176471 0.08562091503267974 0.07573529411764705 0.09281045751633987
3 0.8014705882352942 0.05555555555555555 0.07647058823529412 0.0718954248366013
0 0.8378676470588236 0.02875816993464052 0.08014705882352942 0.05751633986928104
3 0.8705882352941177 0.020261437908496733 0.06911764705882353 0.040522875816993466
0 0.575 0.23071895424836603 0.08970588235294118 0.1084967320261438
0 0.4672794117647059 0.24901960784313726 0.1125 0.1084967320261438
0 0.4297794117647059 0.1843137254901961 0.10220588235294117 0.10718954248366012
3 0.3466911764705882 0.1718954248366013 0.09485294117647058 0.10326797385620914
0 0.29669117647058824 0.14248366013071895 0.08308823529411764 0.08888888888888889
3 0.27683823529411766 0.08758169934640522 0.09632352941176471 0.0915032679738562
3 0.23198529411764707 0.03333333333333333 0.09338235294117647 0.06666666666666667
