0 0.07426470588235294 0.27908496732026145 0.07794117647058824 0.06405228758169934
0 0.19448529411764706 0.34705882352941175 0.07279411764705883 0.06143790849673202
0 0.28161764705882353 0.3758169934640523 0.075 0.06666666666666667
0 0.705514705882353 0.19477124183006536 0.028676470588235293 0.047058823529411764
0 0.7492647058823529 0.20065359477124184 0.026470588235294117 0.058823529411764705
0 0.7955882352941176 0.22679738562091503 0.023529411764705882 0.040522875816993466
0 0.8514705882352941 0.16993464052287582 0.03823529411764706 0.04183006535947712
0 0.79375 0.11437908496732026 0.021323529411764706 0.03790849673202614
0 0.7485294117647059 0.07581699346405228 0.016176470588235296 0.03398692810457516
0 0.538235294117647 0.296078431372549 0.039705882352941174 0.07450980392156863
0 0.5566176470588236 0.2529411764705882 0.030882352941176472 0.06928104575163399
0 0.21985294117647058 0.6686274509803921 0.11764705882352941 0.09803921568627451
0 0.5988970588235294 0.14705882352941177 0.021323529411764706 0.03529411764705882
0 0.6352941176470588 0.07320261437908497 0.016176470588235296 0.02875816993464052
0 0.6198529411764706 0.09607843137254903 0.026470588235294117 0.030065359477124184
0 0.5875 0.1784313725490196 0.022058823529411766 0.043137254901960784
0 0.4411764705882353 0.31176470588235294 0.03235294117647059 0.06666666666666667
3 0.17977941176470588 0.7973856209150327 0.12279411764705882 0.1411764705882353
3 0.0375 0.8738562091503268 0.06911764705882353 0.14248366013071895
3 0.22720588235294117 0.9490196078431372 0.10294117647058823 0.10196078431372549
