0 0.20260416666666667 0.5685185185185185 0.065625 0.10740740740740741
0 0.3854166666666667 0.5824074074074074 0.09166666666666666 0.12407407407407407
0 0.2921875 0.712037037037037 0.078125 0.1425925925925926
0 0.06197916666666667 0.29814814814814816 0.046875 0.08148148148148149
0 0.9328125 0.3138888888888889 0.042708333333333334 0.08703703703703704
3 0.8166666666666667 0.10462962962962963 0.04583333333333333 0.07592592592592592
0 0.7067708333333333 0.09907407407407408 0.04479166666666667 0.05740740740740741
0 0.75 0.04351851851851852 0.05416666666666667 0.05
0 0.76875 0.1175925925925926 0.041666666666666664 0.06111111111111111
0 0.19947916666666668 0.9407407407407408 0.11354166666666667 0.11851851851851852
0 0.4348958333333333 0.9731481481481481 0.059375 0.053703703703703705
0 0.925 0.9601851851851851 0.06666666666666667 0.07962962962962963
