0 0.3264705882352941 0.8444444444444444 0.014705882352941176 0.054901960784313725
0 0.33198529411764705 0.6888888888888889 0.019852941176470587 0.06274509803921569
0 0.3386029411764706 0.6058823529411764 0.01838235294117647 0.06928104575163399
0 0.4047794117647059 0.5261437908496732 0.013970588235294118 0.06405228758169934
0 0.4077205882352941 0.4503267973856209 0.016911764705882352 0.06405228758169934
0 0.46397058823529413 0.807843137254902 0.01764705882352941 0.06797385620915032
0 0.575735294117647 0.7823529411764706 0.016176470588235296 0.06928104575163399
0 0.5797794117647059 0.6901960784313725 0.01838235294117647 0.07058823529411765
0 0.5761029411764705 0.6189542483660131 0.015441176470588236 0.06143790849673202
0 0.6455882352941177 0.5849673202614379 0.03823529411764706 0.03529411764705882
3 0.7867647058823529 0.5934640522875817 0.03235294117647059 0.023529411764705882
0 0.8727941176470588 0.5176470588235295 0.03676470588235294 0.02875816993464052
3 0.8242647058823529 0.3058823529411765 0.01911764705882353 0.07058823529411765
0 0.9202205882352941 0.31895424836601305 0.03308823529411765 0.026143790849673203
0 0.9231617647058824 0.2725490196078431 0.03602941176470588 0.030065359477124184
0 0.919485294117647 0.23921568627450981 0.03602941176470588 0.02875816993464052
0 0.9139705882352941 0.1895424836601307 0.03676470588235294 0.03137254901960784
0 0.9121323529411764 0.14575163398692811 0.03455882352941177 0.032679738562091505
0 0.913235294117647 0.10522875816993464 0.03235294117647059 0.048366013071895426
0 0.8198529411764706 0.18235294117647058 0.033823529411764704 0.030065359477124184
0 0.8224264705882353 0.12352941176470589 0.03455882352941177 0.027450980392156862
0 0.9533088235294118 0.06470588235294118 0.027205882352941177 0.06405228758169934
0 0.4073529411764706 0.34183006535947713 0.014705882352941176 0.06405228758169934
0 0.36323529411764705 0.27647058823529413 0.03823529411764706 0.03790849673202614
0 0.325 0.2869281045751634 0.03676470588235294 0.027450980392156862
1 0.15183823529411763 0.3156862745098039 0.04338235294117647 0.032679738562091505
1 0.5827205882352942 0.40980392156862744 0.01838235294117647 0.07450980392156863
0 0.5845588235294118 0.3215686274509804 0.014705882352941176 0.06274509803921569
0 0.5875 0.2503267973856209 0.014705882352941176 0.05620915032679739
0 0.6106617647058824 0.12679738562091503 0.016911764705882352 0.06535947712418301
0 0.49117647058823527 0.08300653594771241 0.016176470588235296 0.06143790849673202
0 0.3738970588235294 0.18888888888888888 0.013970588235294118 0.05620915032679739
0 0.3952205882352941 0.1895424836601307 0.022794117647058822 0.06535947712418301
0 0.3536764705882353 0.1758169934640523 0.014705882352941176 0.05620915032679739
0 0.33786764705882355 0.11633986928104575 0.03602941176470588 0.0392156862745098
0 0.32830882352941176 0.060784313725490195 0.03897058823529412 0.03529411764705882
0 0.37720588235294117 0.02091503267973856 0.03529411764705882 0.04183006535947712
