0 0.5066176470588235 0.2222222222222222 0.08529411764705883 0.10196078431372549
0 0.32316176470588237 0.24509803921568626 0.08455882352941177 0.08235294117647059
0 0.6863970588235294 0.09803921568627451 0.08014705882352942 0.09411764705882353
0 0.12242647058823529 0.2934640522875817 0.09191176470588236 0.08758169934640522
0 0.1463235294117647 0.4150326797385621 0.08970588235294118 0.09803921568627451
0 0.3503676470588235 0.9222222222222223 0.0875 0.10065359477124183
0 0.17463235294117646 0.8941176470588236 0.08897058823529412 0.08104575163398693
3 0.2636029411764706 0.3464052287581699 0.08308823529411764 0.0915032679738562
3 0.9768382352941176 0.28366013071895424 0.04632352941176471 0.0784313725490196
3 0.9514705882352941 0.06274509803921569 0.09705882352941177 0.10718954248366012
0 0.8235294117647058 0.03986928104575163 0.1 0.07973856209150326
0 0.028676470588235293 0.47124183006535947 0.057352941176470586 0.09019607843137255
0 0.023529411764705882 0.615686274509804 0.045588235294117645 0.08366013071895424
