2 0.20625 0.8777777777777778 0.08333333333333333 0.15185185185185185
0 0.2828125 0.962037037037037 0.042708333333333334 0.07592592592592592
0 0.353125 0.6861111111111111 0.025 0.04259259259259259
0 0.43125 0.6620370370370371 0.022916666666666665 0.03888888888888889
0 0.42916666666666664 0.600925925925926 0.01875 0.03148148148148148
0 0.41822916666666665 0.5685185185185185 0.017708333333333333 0.02962962962962963
0 0.4578125 0.5324074074074074 0.013541666666666667 0.027777777777777776
0 0.25416666666666665 0.6990740740740741 0.029166666666666667 0.03888888888888889
0 0.2791666666666667 0.6694444444444444 0.027083333333333334 0.03518518518518519
0 0.3145833333333333 0.6 0.03125 0.03333333333333333
0 0.3255208333333333 0.575 0.019791666666666666 0.03148148148148148
0 0.3265625 0.4861111111111111 0.011458333333333333 0.020370370370370372
0 0.315625 0.5175925925925926 0.027083333333333334 0.020370370370370372
0 0.35 0.5305555555555556 0.020833333333333332 0.03518518518518519
0 0.2677083333333333 0.6407407407407407 0.027083333333333334 0.04814814814814815
0 0.34270833333333334 0.6157407407407407 0.016666666666666666 0.03518518518518519
0 0.528125 0.9046296296296297 0.04791666666666667 0.07592592592592592
0 0.5234375 0.8342592592592593 0.04895833333333333 0.046296296296296294
0 0.48385416666666664 0.7870370370370371 0.023958333333333335 0.044444444444444446
0 0.521875 0.6046296296296296 0.014583333333333334 0.027777777777777776
0 0.49635416666666665 0.6055555555555555 0.015625 0.02962962962962963
0 0.5015625 0.5768518518518518 0.015625 0.027777777777777776
3 0.5072916666666667 0.5509259259259259 0.0125 0.020370370370370372
0 0.49322916666666666 0.49722222222222223 0.013541666666666667 0.020370370370370372
0 0.475 0.4546296296296296 0.010416666666666666 0.016666666666666666
0 0.49166666666666664 0.4398148148148148 0.010416666666666666 0.016666666666666666
3 0.4864583333333333 0.45925925925925926 0.010416666666666666 0.018518518518518517
1 0.38333333333333336 0.49074074074074076 0.025 0.018518518518518517
0 0.40677083333333336 0.4861111111111111 0.013541666666666667 0.020370370370370372
0 0.39479166666666665 0.47685185185185186 0.01875 0.016666666666666666
0 0.41875 0.4583333333333333 0.0125 0.020370370370370372
0 0.4276041666666667 0.44166666666666665 0.009375 0.016666666666666666
0 0.43802083333333336 0.42685185185185187 0.009375 0.012962962962962963
0 0.4432291666666667 0.4101851851851852 0.009375 0.012962962962962963
3 0.48333333333333334 0.39166666666666666 0.010416666666666666 0.016666666666666666
0 0.47552083333333334 0.37962962962962965 0.009375 0.011111111111111112
0 0.40572916666666664 0.43796296296296294 0.023958333333333335 0.024074074074074074
0 0.49895833333333334 0.47962962962962963 0.0125 0.014814814814814815
0 0.49947916666666664 0.45925925925925926 0.007291666666666667 0.014814814814814815
3 0.5015625 0.42407407407407405 0.007291666666666667 0.014814814814814815
