0 0.38823529411764707 0.8777777777777778 0.054411764705882354 0.13725490196078433
0 0.6051470588235294 0.9705882352941176 0.04264705882352941 0.058823529411764705
0 0.6209558823529412 0.3941176470588235 0.07573529411764705 0.05620915032679739
0 0.6783088235294118 0.3104575163398693 0.0713235294117647 0.06143790849673202
0 0.5735294117647058 0.28431372549019607 0.06764705882352941 0.06666666666666667
0 0.25625 0.5477124183006536 0.07867647058823529 0.0915032679738562
0 0.34448529411764706 0.44313725490196076 0.04191176470588235 0.11241830065359477
0 0.35294117647058826 0.3150326797385621 0.03529411764705882 0.09673202614379085
3 0.41544117647058826 0.24901960784313726 0.03529411764705882 0.08758169934640522
0 0.08933823529411765 0.4398692810457516 0.0875 0.07450980392156863
0 0.18970588235294117 0.2222222222222222 0.052941176470588235 0.07581699346405228
0 0.1411764705882353 0.26601307189542484 0.04852941176470588 0.07450980392156863
0 0.04301470588235294 0.35228758169934643 0.08161764705882353 0.058823529411764705
