3 0.4 0.6916666666666667 0.08333333333333333 0.08148148148148149
3 0.29270833333333335 0.6680555555555555 0.09791666666666667 0.07314814814814814
0 0.6484375 0.6810185185185185 0.09583333333333334 0.075
0 0.4713541666666667 0.5259259259259259 0.026041666666666668 0.05185185185185185
0 0.4114583333333333 0.5069444444444444 0.03125 0.06018518518518518
0 0.51953125 0.4930555555555556 0.03177083333333333 0.05092592592592592
0 0.8953125 0.7143518518518519 0.08854166666666667 0.05648148148148148
1 0.2640625 0.5027777777777778 0.07083333333333333 0.05555555555555555
0 0.30234375 0.475462962962963 0.0515625 0.03611111111111111
3 0.47213541666666664 0.4 0.009895833333333333 0.03148148148148148
0 0.4557291666666667 0.3625 0.016666666666666666 0.025
3 0.4552083333333333 0.3384259259259259 0.015625 0.028703703703703703
