0 0.7308823529411764 0.9411764705882353 0.08970588235294118 0.11764705882352941
0 0.731985294117647 0.6431372549019608 0.08014705882352942 0.0915032679738562
0 0.6647058823529411 0.6803921568627451 0.08088235294117647 0.10065359477124183
0 0.8363970588235294 0.5352941176470588 0.0713235294117647 0.08496732026143791
0 0.5404411764705882 0.4503267973856209 0.0661764705882353 0.06405228758169934
0 0.6216911764705882 0.41568627450980394 0.06544117647058824 0.05751633986928104
0 0.6121323529411765 0.37712418300653594 0.06544117647058824 0.05359477124183006
1 0.7113970588235294 0.3718954248366013 0.07279411764705883 0.06666666666666667
0 0.6966911764705882 0.3411764705882353 0.05661764705882353 0.054901960784313725
0 0.7801470588235294 0.3516339869281046 0.057352941176470586 0.04967320261437908
0 0.8375 0.23594771241830065 0.041176470588235294 0.03790849673202614
0 0.7805147058823529 0.23202614379084968 0.04632352941176471 0.03529411764705882
3 0.79375 0.22091503267973855 0.03602941176470588 0.047058823529411764
0 0.8095588235294118 0.2150326797385621 0.03823529411764706 0.040522875816993466
0 0.8400735294117647 0.2045751633986928 0.03455882352941177 0.030065359477124184
0 0.8705882352941177 0.19607843137254902 0.033823529411764704 0.03398692810457516
0 0.8922794117647059 0.19150326797385622 0.03161764705882353 0.030065359477124184
0 0.9025735294117647 0.2150326797385621 0.030147058823529412 0.02483660130718954
3 0.7253676470588235 0.238562091503268 0.03897058823529412 0.040522875816993466
3 0.6198529411764706 0.26209150326797387 0.039705882352941174 0.0457516339869281
0 0.6110294117647059 0.30196078431372547 0.051470588235294115 0.04183006535947712
3 0.5871323529411765 0.34705882352941175 0.05073529411764706 0.06143790849673202
0 0.5551470588235294 0.28823529411764703 0.04852941176470588 0.040522875816993466
0 0.5183823529411765 0.28954248366013075 0.03823529411764706 0.0457516339869281
3 0.4827205882352941 0.38300653594771245 0.05955882352941176 0.06797385620915032
0 0.3779411764705882 0.6941176470588235 0.10735294117647058 0.09673202614379085
0 0.09264705882352942 0.43333333333333335 0.06470588235294118 0.06928104575163399
3 0.009558823529411765 0.3509803921568627 0.01911764705882353 0.06666666666666667
3 0.20183823529411765 0.307843137254902 0.05514705882352941 0.05359477124183006
0 0.17463235294117646 0.29869281045751633 0.04338235294117647 0.043137254901960784
0 0.14669117647058824 0.28627450980392155 0.03897058823529412 0.047058823529411764
0 0.13713235294117648 0.20980392156862746 0.04926470588235294 0.030065359477124184
1 0.15661764705882353 0.22287581699346407 0.039705882352941174 0.03790849673202614
3 0.1375 0.19281045751633988 0.03676470588235294 0.03529411764705882
2 0.09448529411764706 0.15816993464052287 0.04632352941176471 0.0784313725490196
0 0.060294117647058824 0.17450980392156862 0.03235294117647059 0.027450980392156862
0 0.07169117647058823 0.12810457516339868 0.028676470588235293 0.02091503267973856
1 0.05808823529411765 0.09738562091503268 0.07941176470588235 0.05359477124183006
3 0.027941176470588237 0.05751633986928104 0.026470588235294117 0.023529411764705882
3 0.017279411764705883 0.038562091503267976 0.028676470588235293 0.0196078431372549
