0 0.6609375 0.9592592592592593 0.059375 0.08148148148148149
0 0.5822916666666667 0.575925925925926 0.058333333333333334 0.06296296296296296
0 0.6338541666666667 0.5092592592592593 0.06145833333333333 0.04814814814814815
0 0.7515625 0.6203703703703703 0.07604166666666666 0.05925925925925926
0 0.7671875 0.5287037037037037 0.057291666666666664 0.053703703703703705
0 0.9869791666666666 0.4685185185185185 0.026041666666666668 0.044444444444444446
3 0.9723958333333333 0.44814814814814813 0.042708333333333334 0.040740740740740744
0 0.959375 0.4351851851851852 0.04375 0.02962962962962963
0 0.9458333333333333 0.41388888888888886 0.05416666666666667 0.03518518518518519
0 0.9208333333333333 0.39814814814814814 0.052083333333333336 0.02962962962962963
0 0.8911458333333333 0.37222222222222223 0.04895833333333333 0.02962962962962963
0 0.8692708333333333 0.35833333333333334 0.046875 0.027777777777777776
0 0.8171875 0.3 0.026041666666666668 0.025925925925925925
0 0.8390625 0.32222222222222224 0.030208333333333334 0.022222222222222223
0 0.8552083333333333 0.33425925925925926 0.035416666666666666 0.03148148148148148
0 0.853125 0.3453703703703704 0.035416666666666666 0.024074074074074074
0 0.7932291666666667 0.30277777777777776 0.021875 0.027777777777777776
0 0.7744791666666667 0.30277777777777776 0.019791666666666666 0.024074074074074074
0 0.8703125 0.47129629629629627 0.065625 0.046296296296296294
0 0.715625 0.337037037037037 0.020833333333333332 0.025925925925925925
0 0.8354166666666667 0.42777777777777776 0.04791666666666667 0.03333333333333333
0 0.8197916666666667 0.41203703703703703 0.04583333333333333 0.03148148148148148
0 0.8020833333333334 0.3962962962962963 0.05 0.03333333333333333
0 0.7885416666666667 0.38425925925925924 0.03958333333333333 0.027777777777777776
0 0.7796875 0.37222222222222223 0.040625 0.025925925925925925
0 0.771875 0.36018518518518516 0.0375 0.027777777777777776
0 0.765625 0.35 0.03958333333333333 0.025925925925925925
0 0.7552083333333334 0.34074074074074073 0.03958333333333333 0.025925925925925925
0 0.7463541666666667 0.3314814814814815 0.034375 0.022222222222222223
0 0.7369791666666666 0.325 0.030208333333333334 0.020370370370370372
0 0.7140625 0.4324074074074074 0.053125 0.03518518518518519
0 0.6947916666666667 0.41388888888888886 0.04791666666666667 0.03148148148148148
0 0.6927083333333334 0.4009259259259259 0.04791666666666667 0.03518518518518519
0 0.6859375 0.387037037037037 0.04479166666666667 0.03333333333333333
0 0.6802083333333333 0.3731481481481482 0.03958333333333333 0.03148148148148148
0 0.6786458333333333 0.3611111111111111 0.03854166666666667 0.02962962962962963
0 0.6791666666666667 0.3509259259259259 0.041666666666666664 0.027777777777777776
3 0.6505208333333333 0.27037037037037037 0.040625 0.025925925925925925
0 0.6119791666666666 0.25833333333333336 0.026041666666666668 0.016666666666666666
0 0.5817708333333333 0.2490740740740741 0.021875 0.020370370370370372
0 0.5453125 0.23981481481481481 0.011458333333333333 0.020370370370370372
3 0.5526041666666667 0.2564814814814815 0.009375 0.020370370370370372
0 0.5729166666666666 0.37407407407407406 0.01875 0.03333333333333333
0 0.5119791666666667 0.5342592592592592 0.030208333333333334 0.053703703703703705
0 0.4791666666666667 0.2574074074074074 0.0125 0.018518518518518517
0 0.4432291666666667 0.22407407407407406 0.009375 0.014814814814814815
0 0.4317708333333333 0.25277777777777777 0.013541666666666667 0.016666666666666666
0 0.4192708333333333 0.22592592592592592 0.021875 0.014814814814814815
0 0.4114583333333333 0.2388888888888889 0.020833333333333332 0.014814814814814815
0 0.41041666666666665 0.24537037037037038 0.01875 0.012962962962962963
0 0.40572916666666664 0.25 0.013541666666666667 0.018518518518518517
0 0.4119791666666667 0.2833333333333333 0.015625 0.018518518518518517
1 0.40572916666666664 0.30833333333333335 0.019791666666666666 0.05
0 0.39114583333333336 0.27037037037037037 0.028125 0.018518518518518517
0 0.38125 0.2851851851851852 0.029166666666666667 0.018518518518518517
0 0.3541666666666667 0.3351851851851852 0.01875 0.025925925925925925
0 0.265625 0.5462962962962963 0.04583333333333333 0.07037037037037037
0 0.271875 0.43333333333333335 0.05625 0.040740740740740744
0 0.3182291666666667 0.3972222222222222 0.040625 0.05
0 0.33958333333333335 0.47129629629629627 0.029166666666666667 0.05
0 0.3796875 0.475 0.030208333333333334 0.05
0 0.3958333333333333 0.55 0.035416666666666666 0.06296296296296296
0 0.21614583333333334 0.6462962962962963 0.057291666666666664 0.08888888888888889
0 0.16510416666666666 0.7407407407407407 0.07395833333333333 0.11851851851851852
0 0.22447916666666667 0.7379629629629629 0.06979166666666667 0.11296296296296296
0 0.38958333333333334 0.7694444444444445 0.075 0.12777777777777777
0 0.03802083333333333 0.8027777777777778 0.07604166666666666 0.09074074074074075
