0 0.05330882352941176 0.9366013071895425 0.10661764705882353 0.12679738562091503
3 0.29007352941176473 0.9143790849673202 0.07426470588235294 0.17124183006535948
2 0.24080882352941177 0.42091503267973857 0.09632352941176471 0.18823529411764706
0 0.23933823529411766 0.35294117647058826 0.03455882352941177 0.054901960784313725
3 0.3613970588235294 0.4549019607843137 0.0375 0.08888888888888889
0 0.32573529411764707 0.373202614379085 0.03235294117647059 0.06666666666666667
0 0.3672794117647059 0.35947712418300654 0.030147058823529412 0.05751633986928104
0 0.2875 0.30130718954248364 0.03529411764705882 0.050980392156862744
0 0.28161764705882353 0.25555555555555554 0.026470588235294117 0.0457516339869281
3 0.27683823529411766 0.23202614379084968 0.04926470588235294 0.048366013071895426
3 0.2323529411764706 0.2261437908496732 0.054411764705882354 0.04183006535947712
3 0.38088235294117645 0.26209150326797387 0.025 0.058823529411764705
0 0.28308823529411764 0.17124183006535948 0.041176470588235294 0.03398692810457516
0 0.3139705882352941 0.1738562091503268 0.020588235294117647 0.03398692810457516
0 0.33639705882352944 0.1803921568627451 0.019852941176470587 0.036601307189542485
0 0.3452205882352941 0.15816993464052287 0.01838235294117647 0.03398692810457516
0 0.3448529411764706 0.10457516339869281 0.01764705882352941 0.026143790849673203
0 0.29191176470588237 0.12941176470588237 0.041176470588235294 0.026143790849673203
0 0.3 0.11699346405228758 0.03823529411764706 0.02483660130718954
0 0.31580882352941175 0.10326797385620914 0.03602941176470588 0.023529411764705882
3 0.3084558823529412 0.08562091503267974 0.027205882352941177 0.027450980392156862
3 0.34375 0.08300653594771241 0.03308823529411765 0.02483660130718954
0 0.3536764705882353 0.0738562091503268 0.013235294117647059 0.022222222222222223
3 0.33308823529411763 0.05555555555555555 0.025 0.02483660130718954
3 0.34963235294117645 0.03725490196078431 0.025735294117647058 0.022222222222222223
0 0.3672794117647059 0.02875816993464052 0.019852941176470587 0.018300653594771243
0 0.35257352941176473 0.0196078431372549 0.02426470588235294 0.01568627450980392
0 0.34963235294117645 0.013725490196078431 0.025735294117647058 0.01699346405228758
0 0.35404411764705884 0.00980392156862745 0.02426470588235294 0.01437908496732026
3 0.4047794117647059 0.0784313725490196 0.013970588235294118 0.026143790849673203
3 0.4426470588235294 0.14444444444444443 0.027941176470588237 0.040522875816993466
3 0.48933823529411763 0.18823529411764706 0.021323529411764706 0.0392156862745098
0 0.48161764705882354 0.12941176470588237 0.01764705882352941 0.026143790849673203
3 0.4632352941176471 0.0803921568627451 0.013235294117647059 0.027450980392156862
0 0.4713235294117647 0.04183006535947712 0.011764705882352941 0.02091503267973856
3 0.5014705882352941 0.054901960784313725 0.011764705882352941 0.023529411764705882
3 0.5253676470588236 0.05555555555555555 0.013970588235294118 0.0196078431372549
0 0.7591911764705882 0.918954248366013 0.1125 0.16209150326797386
2 0.8183823529411764 0.7261437908496732 0.1661764705882353 0.32287581699346407
3 0.7621323529411764 0.40784313725490196 0.06397058823529411 0.06535947712418301
3 0.6283088235294118 0.265359477124183 0.022794117647058822 0.05228758169934641
3 0.6470588235294118 0.2111111111111111 0.020588235294117647 0.043137254901960784
3 0.6044117647058823 0.2150326797385621 0.030882352941176472 0.040522875816993466
0 0.5724264705882353 0.1588235294117647 0.021323529411764706 0.030065359477124184
1 0.5988970588235294 0.14052287581699346 0.04044117647058824 0.032679738562091505
0 0.5933823529411765 0.1261437908496732 0.029411764705882353 0.022222222222222223
0 0.5863970588235294 0.11045751633986928 0.03161764705882353 0.022222222222222223
3 0.5713235294117647 0.10130718954248366 0.030882352941176472 0.027450980392156862
3 0.5727941176470588 0.0738562091503268 0.027941176470588237 0.02483660130718954
3 0.5540441176470589 0.05555555555555555 0.02426470588235294 0.022222222222222223
0 0.5503676470588236 0.0542483660130719 0.02426470588235294 0.01437908496732026
3 0.55 0.050980392156862744 0.025 0.02091503267973856
3 0.549264705882353 0.044444444444444446 0.029411764705882353 0.023529411764705882
3 0.5408088235294117 0.03071895424836601 0.02426470588235294 0.01699346405228758
3 0.5411764705882353 0.02679738562091503 0.023529411764705882 0.0196078431372549
3 0.5330882352941176 0.022222222222222223 0.020588235294117647 0.018300653594771243
0 0.5176470588235295 0.3803921568627451 0.030882352941176472 0.054901960784313725
