0 0.4171875 0.014814814814814815 0.021875 0.02962962962962963
0 0.446875 0.019444444444444445 0.016666666666666666 0.024074074074074074
0 0.3625 0.2324074074074074 0.029166666666666667 0.05
0 0.35572916666666665 0.26666666666666666 0.030208333333333334 0.06296296296296296
0 0.5630208333333333 0.3194444444444444 0.028125 0.053703703703703705
0 0.5276041666666667 0.19907407407407407 0.026041666666666668 0.046296296296296294
0 0.6328125 0.12037037037037036 0.04479166666666667 0.03333333333333333
0 0.6453125 0.09166666666666666 0.03854166666666667 0.03148148148148148
0 0.6916666666666667 0.11574074074074074 0.03958333333333333 0.03148148148148148
0 0.478125 0.22962962962962963 0.029166666666666667 0.05185185185185185
3 0.3489583333333333 0.3277777777777778 0.035416666666666666 0.08148148148148149
0 0.3390625 0.3814814814814815 0.03229166666666667 0.07407407407407407
0 0.47552083333333334 0.3990740740740741 0.042708333333333334 0.07222222222222222
1 0.6895833333333333 0.06944444444444445 0.05625 0.05
0 0.4635416666666667 0.14074074074074075 0.01875 0.040740740740740744
0 0.5041666666666667 0.058333333333333334 0.016666666666666666 0.03148148148148148
0 0.5286458333333334 0.044444444444444446 0.034375 0.02962962962962963
0 0.5953125 0.09537037037037037 0.042708333333333334 0.03148148148148148
0 0.446875 0.08148148148148149 0.01875 0.03333333333333333
0 0.2703125 0.7388888888888889 0.07604166666666666 0.16296296296296298
1 0.4427083333333333 0.7888888888888889 0.07291666666666667 0.2740740740740741
0 0.32135416666666666 0.8851851851851852 0.059375 0.2037037037037037
