3 0.0421875 0.9731481481481481 0.06145833333333333 0.053703703703703705
0 0.15625 0.8731481481481481 0.052083333333333336 0.07222222222222222
0 0.19635416666666666 0.9212962962962963 0.04479166666666667 0.07592592592592592
0 0.19270833333333334 0.8064814814814815 0.027083333333333334 0.06481481481481481
3 0.2557291666666667 0.6981481481481482 0.03854166666666667 0.06296296296296296
0 0.21145833333333333 0.6620370370370371 0.05 0.03518518518518519
0 0.2453125 0.5981481481481481 0.015625 0.02962962962962963
0 0.3177083333333333 0.7 0.035416666666666666 0.05555555555555555
2 0.32395833333333335 0.6083333333333333 0.03958333333333333 0.03518518518518519
0 0.35989583333333336 0.5981481481481481 0.023958333333333335 0.03333333333333333
0 0.3859375 0.5481481481481482 0.019791666666666666 0.03333333333333333
0 0.40208333333333335 0.5157407407407407 0.014583333333333334 0.024074074074074074
0 0.3723958333333333 0.5185185185185185 0.034375 0.025925925925925925
0 0.41822916666666665 0.49166666666666664 0.013541666666666667 0.024074074074074074
0 0.3984375 0.48148148148148145 0.023958333333333335 0.022222222222222223
1 0.403125 0.475 0.025 0.020370370370370372
1 0.4036458333333333 0.46574074074074073 0.028125 0.024074074074074074
3 0.4015625 0.4583333333333333 0.021875 0.020370370370370372
0 0.42916666666666664 0.46296296296296297 0.0125 0.018518518518518517
0 0.2984375 0.9398148148148148 0.051041666666666666 0.10185185185185185
0 0.471875 0.8842592592592593 0.029166666666666667 0.07222222222222222
0 0.5130208333333334 0.8851851851851852 0.028125 0.07037037037037037
0 0.484375 0.8111111111111111 0.027083333333333334 0.06296296296296296
0 0.4822916666666667 0.6231481481481481 0.020833333333333332 0.03518518518518519
3 0.4973958333333333 0.737037037037037 0.021875 0.05185185185185185
0 0.5322916666666667 0.6990740740740741 0.04583333333333333 0.03888888888888889
0 0.5364583333333334 0.6796296296296296 0.03958333333333333 0.03333333333333333
0 0.5395833333333333 0.6527777777777778 0.03958333333333333 0.027777777777777776
0 0.5364583333333334 0.625 0.03958333333333333 0.03148148148148148
0 0.55625 0.5787037037037037 0.027083333333333334 0.027777777777777776
0 0.49375 0.5944444444444444 0.020833333333333332 0.02962962962962963
0 0.5088541666666667 0.5064814814814815 0.019791666666666666 0.020370370370370372
3 0.5020833333333333 0.49166666666666664 0.0125 0.024074074074074074
0 0.5036458333333333 0.4666666666666667 0.011458333333333333 0.018518518518518517
0 0.4786458333333333 0.4537037037037037 0.011458333333333333 0.018518518518518517
3 0.46770833333333334 0.49907407407407406 0.016666666666666666 0.03518518518518519
0 0.47291666666666665 0.4777777777777778 0.0125 0.018518518518518517
3 0.4901041666666667 0.487962962962963 0.011458333333333333 0.024074074074074074
0 0.521875 0.4722222222222222 0.010416666666666666 0.018518518518518517
0 0.5083333333333333 0.4203703703703704 0.008333333333333333 0.014814814814814815
0 0.5213541666666667 0.4185185185185185 0.009375 0.014814814814814815
0 0.5234375 0.3972222222222222 0.011458333333333333 0.012962962962962963
0 0.5734375 0.4601851851851852 0.021875 0.016666666666666666
0 0.5770833333333333 0.4666666666666667 0.020833333333333332 0.014814814814814815
0 0.5692708333333333 0.42962962962962964 0.019791666666666666 0.014814814814814815
1 0.5786458333333333 0.49907407407407406 0.030208333333333334 0.03148148148148148
0 0.5739583333333333 0.49166666666666664 0.027083333333333334 0.016666666666666666
2 0.5484375 0.4703703703703704 0.013541666666666667 0.037037037037037035
0 0.5770833333333333 0.475 0.027083333333333334 0.020370370370370372
0 0.56875 0.4212962962962963 0.01875 0.012962962962962963
0 0.5682291666666667 0.41759259259259257 0.019791666666666666 0.012962962962962963
3 0.5661458333333333 0.40185185185185185 0.017708333333333333 0.014814814814814815
0 0.5713541666666667 0.38055555555555554 0.007291666666666667 0.012962962962962963
1 0.5630208333333333 0.3824074074074074 0.007291666666666667 0.020370370370370372
3 0.5640625 0.3685185185185185 0.013541666666666667 0.014814814814814815
3 0.3880208333333333 0.4185185185185185 0.019791666666666666 0.018518518518518517
3 0.428125 0.43333333333333335 0.01875 0.018518518518518517
3 0.42291666666666666 0.425 0.020833333333333332 0.016666666666666666
3 0.43125 0.41759259259259257 0.020833333333333332 0.016666666666666666
3 0.4348958333333333 0.4027777777777778 0.015625 0.016666666666666666
0 0.42291666666666666 0.3972222222222222 0.008333333333333333 0.012962962962962963
0 0.43385416666666665 0.3925925925925926 0.017708333333333333 0.011111111111111112
0 0.43697916666666664 0.3861111111111111 0.015625 0.012962962962962963
0 0.4390625 0.37592592592592594 0.009375 0.011111111111111112
0 0.446875 0.3537037037037037 0.008333333333333333 0.011111111111111112
3 0.459375 0.3962962962962963 0.010416666666666666 0.018518518518518517
0 0.46927083333333336 0.3814814814814815 0.009375 0.014814814814814815
