1 0.9128676470588235 0.9490196078431372 0.06838235294117648 0.10196078431372549
3 0.7650735294117647 0.8699346405228758 0.08014705882352942 0.12679738562091503
0 0.38786764705882354 0.9660130718954248 0.06544117647058824 0.06797385620915032
3 0.033823529411764704 0.9745098039215686 0.0661764705882353 0.050980392156862744
0 0.6106617647058824 0.7398692810457517 0.05073529411764706 0.10457516339869281
0 0.3977941176470588 0.6647058823529411 0.04411764705882353 0.09281045751633987
3 0.4102941176470588 0.5535947712418301 0.03235294117647059 0.07973856209150326
0 0.27058823529411763 0.7352941176470589 0.060294117647058824 0.11895424836601307
0 0.13823529411764707 0.657516339869281 0.08823529411764706 0.07058823529411765
3 0.2827205882352941 0.5261437908496732 0.03602941176470588 0.07450980392156863
3 0.21911764705882353 0.5130718954248366 0.07647058823529412 0.06143790849673202
3 0.23088235294117648 0.4300653594771242 0.030882352941176472 0.054901960784313725
0 0.59375 0.19934640522875818 0.021323529411764706 0.01699346405228758
1 0.5838235294117647 0.1843137254901961 0.020588235294117647 0.018300653594771243
0 0.549264705882353 0.38300653594771245 0.020588235294117647 0.03398692810457516
3 0.5113970588235294 0.3058823529411765 0.015441176470588236 0.03137254901960784
0 0.45625 0.2281045751633987 0.0125 0.0196078431372549
0 0.5095588235294117 0.2581699346405229 0.013235294117647059 0.022222222222222223
0 0.5158088235294118 0.23137254901960785 0.0125 0.02091503267973856
3 0.4959558823529412 0.18758169934640523 0.008088235294117648 0.0196078431372549
0 0.49816176470588236 0.17254901960784313 0.008088235294117648 0.013071895424836602
0 0.5055147058823529 0.16601307189542483 0.006617647058823529 0.013071895424836602
0 0.5 0.15098039215686274 0.0058823529411764705 0.011764705882352941
0 0.49522058823529413 0.12549019607843137 0.005147058823529412 0.00784313725490196
0 0.48676470588235293 0.1503267973856209 0.008823529411764706 0.01045751633986928
0 0.4863970588235294 0.13529411764705881 0.006617647058823529 0.009150326797385621
1 0.4852941176470588 0.12745098039215685 0.0058823529411764705 0.009150326797385621
1 0.4698529411764706 0.13137254901960785 0.008823529411764706 0.01699346405228758
0 0.4698529411764706 0.1411764705882353 0.007352941176470588 0.01045751633986928
0 0.47316176470588234 0.1568627450980392 0.008088235294117648 0.013071895424836602
0 0.4672794117647059 0.16339869281045752 0.008088235294117648 0.01568627450980392
0 0.4511029411764706 0.1392156862745098 0.006617647058823529 0.011764705882352941
0 0.44779411764705884 0.15947712418300652 0.008823529411764706 0.013071895424836602
0 0.32830882352941176 0.31633986928104574 0.019852941176470587 0.026143790849673203
0 0.30367647058823527 0.3183006535947712 0.022058823529411766 0.032679738562091505
3 0.3323529411764706 0.25098039215686274 0.03676470588235294 0.02875816993464052
3 0.38088235294117645 0.17973856209150327 0.022058823529411766 0.01437908496732026
0 0.3801470588235294 0.19084967320261437 0.023529411764705882 0.013071895424836602
0 0.39080882352941176 0.17450980392156862 0.019852941176470587 0.011764705882352941
0 0.39301470588235293 0.16993464052287582 0.019852941176470587 0.013071895424836602
0 0.3588235294117647 0.17450980392156862 0.022058823529411766 0.011764705882352941
