0 0.7567708333333333 0.1814814814814815 0.028125 0.022222222222222223
0 0.8088541666666667 0.1824074074074074 0.030208333333333334 0.020370370370370372
0 0.8328125 0.17962962962962964 0.028125 0.025925925925925925
0 0.8598958333333333 0.19444444444444445 0.03229166666666667 0.022222222222222223
0 0.8869791666666667 0.19537037037037036 0.034375 0.027777777777777776
0 0.909375 0.19537037037037036 0.029166666666666667 0.024074074074074074
0 0.9302083333333333 0.19537037037037036 0.035416666666666666 0.024074074074074074
0 0.9567708333333333 0.19537037037037036 0.03854166666666667 0.027777777777777776
0 0.9734375 0.19444444444444445 0.030208333333333334 0.022222222222222223
0 0.9885416666666667 0.19166666666666668 0.022916666666666665 0.024074074074074074
0 0.9880208333333333 0.17592592592592593 0.023958333333333335 0.022222222222222223
0 0.9729166666666667 0.17777777777777778 0.029166666666666667 0.018518518518518517
0 0.9359375 0.1675925925925926 0.026041666666666668 0.016666666666666666
0 0.9317708333333333 0.1787037037037037 0.028125 0.020370370370370372
0 0.909375 0.17777777777777778 0.027083333333333334 0.018518518518518517
0 0.8942708333333333 0.17592592592592593 0.021875 0.014814814814814815
0 0.8651041666666667 0.1814814814814815 0.03854166666666667 0.025925925925925925
0 0.8098958333333334 0.16944444444444445 0.028125 0.016666666666666666
0 0.7796875 0.17962962962962964 0.03229166666666667 0.025925925925925925
0 0.865625 0.1712962962962963 0.01875 0.016666666666666666
