0 0.05588235294117647 0.765359477124183 0.11029411764705882 0.21045751633986928
0 0.7647058823529411 0.9124183006535947 0.1 0.17254901960784313
0 0.9669117647058824 0.6542483660130719 0.0661764705882353 0.08235294117647059
1 0.8143382352941176 0.5620915032679739 0.11102941176470588 0.17516339869281045
0 0.8349264705882353 0.4143790849673203 0.013970588235294118 0.02091503267973856
0 0.01948529411764706 0.5790849673202615 0.03897058823529412 0.06274509803921569
0 0.07941176470588235 0.5359477124183006 0.09411764705882353 0.05751633986928104
0 0.11029411764705882 0.5124183006535947 0.09117647058823529 0.054901960784313725
0 0.11801470588235294 0.477124183006536 0.07720588235294118 0.04967320261437908
0 0.12022058823529412 0.44509803921568625 0.04044117647058824 0.03529411764705882
0 0.21066176470588235 0.47058823529411764 0.06544117647058824 0.11241830065359477
0 0.16286764705882353 0.40980392156862744 0.03897058823529412 0.043137254901960784
0 0.18088235294117647 0.37712418300653594 0.03676470588235294 0.030065359477124184
3 0.12941176470588237 0.34248366013071896 0.045588235294117645 0.02875816993464052
3 0.14191176470588235 0.33725490196078434 0.03529411764705882 0.02091503267973856
0 0.16911764705882354 0.30980392156862746 0.041176470588235294 0.026143790849673203
0 0.2757352941176471 0.307843137254902 0.041176470588235294 0.030065359477124184
0 0.2051470588235294 0.2934640522875817 0.03676470588235294 0.01699346405228758
0 0.28823529411764703 0.3 0.039705882352941174 0.02483660130718954
0 0.29191176470588237 0.28888888888888886 0.033823529411764704 0.026143790849673203
0 0.2363970588235294 0.2601307189542484 0.015441176470588236 0.018300653594771243
0 0.2613970588235294 0.28169934640522876 0.016911764705882352 0.0196078431372549
3 0.3672794117647059 0.40065359477124185 0.03602941176470588 0.05359477124183006
0 0.4183823529411765 0.3954248366013072 0.029411764705882353 0.048366013071895426
0 0.3816176470588235 0.34444444444444444 0.022058823529411766 0.03790849673202614
0 0.3827205882352941 0.32745098039215687 0.015441176470588236 0.022222222222222223
0 0.4808823529411765 0.4777777777777778 0.03235294117647059 0.050980392156862744
0 0.5308823529411765 0.3712418300653595 0.020588235294117647 0.03137254901960784
0 0.50625 0.3130718954248366 0.019852941176470587 0.030065359477124184
0 0.48823529411764705 0.2803921568627451 0.013235294117647059 0.01699346405228758
0 0.4224264705882353 0.28954248366013075 0.013970588235294118 0.022222222222222223
0 0.42205882352941176 0.26666666666666666 0.013235294117647059 0.02091503267973856
0 0.4213235294117647 0.22875816993464052 0.010294117647058823 0.013071895424836602
0 0.5941176470588235 0.5352941176470588 0.045588235294117645 0.05620915032679739
0 0.5823529411764706 0.4895424836601307 0.039705882352941174 0.048366013071895426
0 0.47316176470588234 0.3843137254901961 0.022794117647058822 0.036601307189542485
0 0.5025735294117647 0.3581699346405229 0.025735294117647058 0.03398692810457516
0 0.5176470588235295 0.3464052287581699 0.014705882352941176 0.023529411764705882
3 0.45625 0.338562091503268 0.015441176470588236 0.03137254901960784
0 0.4540441176470588 0.31699346405228757 0.01838235294117647 0.02483660130718954
0 0.4551470588235294 0.2934640522875817 0.013235294117647059 0.022222222222222223
0 0.4588235294117647 0.27647058823529413 0.013235294117647059 0.022222222222222223
0 0.48713235294117646 0.2699346405228758 0.0125 0.01699346405228758
0 0.4827205882352941 0.2601307189542484 0.0125 0.01568627450980392
0 0.47757352941176473 0.2496732026143791 0.011029411764705883 0.01568627450980392
0 0.48198529411764707 0.25882352941176473 0.011029411764705883 0.01568627450980392
0 0.4753676470588235 0.24248366013071895 0.009558823529411765 0.011764705882352941
0 0.46911764705882353 0.2281045751633987 0.008823529411764706 0.011764705882352941
0 0.47205882352941175 0.23333333333333334 0.008823529411764706 0.009150326797385621
