0 0.9522058823529411 0.934640522875817 0.09558823529411764 0.13071895424836602
0 0.8455882352941176 0.6450980392156863 0.07352941176470588 0.09542483660130718
0 0.7555147058823529 0.6104575163398693 0.04779411764705882 0.07320261437908497
0 0.7047794117647059 0.5071895424836601 0.04044117647058824 0.06013071895424837
3 0.7106617647058824 0.4666666666666667 0.04338235294117647 0.047058823529411764
0 0.6588235294117647 0.4222222222222222 0.03529411764705882 0.047058823529411764
0 0.643014705882353 0.3509803921568627 0.0375 0.03790849673202614
0 0.6191176470588236 0.18562091503267975 0.016176470588235296 0.01568627450980392
0 0.6345588235294117 0.18823529411764706 0.016176470588235296 0.013071895424836602
0 0.6466911764705883 0.20784313725490197 0.022794117647058822 0.01568627450980392
0 0.6143382352941177 0.3202614379084967 0.019852941176470587 0.026143790849673203
0 0.6066176470588235 0.3 0.016176470588235296 0.022222222222222223
0 0.5992647058823529 0.2849673202614379 0.01764705882352941 0.02091503267973856
0 0.5875 0.27058823529411763 0.013235294117647059 0.023529411764705882
0 0.4783088235294118 0.15359477124183007 0.008088235294117648 0.011764705882352941
0 0.37573529411764706 0.8294117647058824 0.060294117647058824 0.1503267973856209
0 0.5121323529411764 0.6294117647058823 0.04338235294117647 0.08496732026143791
0 0.3095588235294118 0.5745098039215686 0.05 0.09281045751633987
0 0.5496323529411765 0.43071895424836604 0.027205882352941177 0.040522875816993466
0 0.43933823529411764 0.37712418300653594 0.022794117647058822 0.040522875816993466
0 0.4209558823529412 0.3437908496732026 0.019852941176470587 0.03137254901960784
0 0.45441176470588235 0.3202614379084967 0.01911764705882353 0.03137254901960784
0 0.4176470588235294 0.28104575163398693 0.01764705882352941 0.02875816993464052
0 0.4970588235294118 0.26405228758169935 0.014705882352941176 0.023529411764705882
0 0.5216911764705883 0.3006535947712418 0.016911764705882352 0.026143790849673203
0 0.5080882352941176 0.20261437908496732 0.011764705882352941 0.018300653594771243
0 0.5158088235294118 0.21045751633986928 0.011029411764705883 0.018300653594771243
0 0.4944852941176471 0.2437908496732026 0.013970588235294118 0.022222222222222223
0 0.4849264705882353 0.22941176470588234 0.016911764705882352 0.01699346405228758
0 0.46948529411764706 0.21176470588235294 0.0125 0.018300653594771243
0 0.4577205882352941 0.19281045751633988 0.009558823529411765 0.01437908496732026
0 0.4540441176470588 0.2150326797385621 0.021323529411764706 0.0196078431372549
0 0.41948529411764707 0.2065359477124183 0.021323529411764706 0.018300653594771243
2 0.42830882352941174 0.24705882352941178 0.02426470588235294 0.04967320261437908
0 0.37941176470588234 0.165359477124183 0.013235294117647059 0.01437908496732026
0 0.02389705882352941 0.8098039215686275 0.04779411764705882 0.12156862745098039
0 0.07941176470588235 0.6888888888888889 0.0838235294117647 0.10718954248366012
0 0.15551470588235294 0.5725490196078431 0.06397058823529411 0.06797385620915032
0 0.19558823529411765 0.5104575163398692 0.05 0.06928104575163399
0 0.13051470588235295 0.5013071895424837 0.07720588235294118 0.05359477124183006
0 0.1786764705882353 0.4718954248366013 0.05588235294117647 0.05228758169934641
0 0.125 0.4627450980392157 0.06764705882352941 0.04967320261437908
0 0.18198529411764705 0.42026143790849674 0.07279411764705883 0.043137254901960784
0 0.24448529411764705 0.4117647058823529 0.05808823529411765 0.04183006535947712
0 0.2610294117647059 0.3862745098039216 0.05588235294117647 0.03529411764705882
