0 0.35833333333333334 0.549074074074074 0.04375 0.06111111111111111
0 0.3890625 0.33240740740740743 0.036458333333333336 0.03148148148148148
0 0.32395833333333335 0.3851851851851852 0.04375 0.037037037037037035
0 0.22552083333333334 0.38333333333333336 0.04895833333333333 0.044444444444444446
3 0.128125 0.41388888888888886 0.06041666666666667 0.053703703703703705
0 0.022916666666666665 0.4564814814814815 0.04583333333333333 0.03888888888888889
0 0.1609375 0.13240740740740742 0.015625 0.012962962962962963
0 0.13802083333333334 0.16111111111111112 0.011458333333333333 0.014814814814814815
0 0.171875 0.21944444444444444 0.016666666666666666 0.020370370370370372
0 0.9 0.9314814814814815 0.08333333333333333 0.1111111111111111
