3 0.8492647058823529 0.31633986928104574 0.09705882352941177 0.12549019607843137
3 0.794485294117647 0.4320261437908497 0.12573529411764706 0.15555555555555556
0 0.9540441176470589 0.044444444444444446 0.03455882352941177 0.04967320261437908
0 0.6356617647058823 0.365359477124183 0.10073529411764706 0.11895424836601307
0 0.04963235294117647 0.04967320261437908 0.0625 0.05751633986928104
1 0.2525735294117647 0.12091503267973856 0.06102941176470588 0.06405228758169934
3 0.28198529411764706 0.044444444444444446 0.0625 0.0784313725490196
3 0.3371323529411765 0.07581699346405228 0.06544117647058824 0.06274509803921569
0 0.3422794117647059 0.20261437908496732 0.06691176470588235 0.07320261437908497
0 0.5327205882352941 0.05555555555555555 0.05808823529411765 0.05620915032679739
0 0.6566176470588235 0.06797385620915032 0.06470588235294118 0.05228758169934641
