0 0.5182291666666666 0.8666666666666667 0.017708333333333333 0.044444444444444446
0 0.3984375 0.5509259259259259 0.017708333333333333 0.05
0 0.3619791666666667 0.3712962962962963 0.017708333333333333 0.05
0 0.3177083333333333 0.44166666666666665 0.020833333333333332 0.046296296296296294
0 0.19895833333333332 0.4925925925925926 0.025 0.03333333333333333
0 0.12552083333333333 0.6046296296296296 0.030208333333333334 0.027777777777777776
0 0.12864583333333332 0.6666666666666666 0.028125 0.03333333333333333
0 0.011979166666666667 0.6240740740740741 0.021875 0.044444444444444446
0 0.03802083333333333 0.21944444444444444 0.028125 0.027777777777777776
0 0.2484375 0.15925925925925927 0.015625 0.04814814814814815
0 0.25729166666666664 0.2101851851851852 0.016666666666666666 0.04259259259259259
0 0.28177083333333336 0.1527777777777778 0.015625 0.04259259259259259
0 0.3046875 0.15092592592592594 0.015625 0.046296296296296294
0 0.29739583333333336 0.23425925925925925 0.015625 0.05
0 0.34427083333333336 0.2712962962962963 0.015625 0.046296296296296294
0 0.44895833333333335 0.24166666666666667 0.027083333333333334 0.03518518518518519
0 0.6979166666666666 0.3388888888888889 0.029166666666666667 0.018518518518518517
2 0.7421875 0.29907407407407405 0.065625 0.03518518518518519
0 0.7385416666666667 0.22962962962962963 0.025 0.022222222222222223
0 0.7125 0.15185185185185185 0.022916666666666665 0.040740740740740744
0 0.8526041666666667 0.17222222222222222 0.023958333333333335 0.02962962962962963
1 0.959375 0.11481481481481481 0.027083333333333334 0.03333333333333333
0 0.8708333333333333 0.5925925925925926 0.016666666666666666 0.04814814814814815
0 0.8869791666666667 0.6564814814814814 0.017708333333333333 0.046296296296296294
0 0.8375 0.6768518518518518 0.020833333333333332 0.024074074074074074
0 0.8541666666666666 0.7101851851851851 0.020833333333333332 0.024074074074074074
0 0.5947916666666667 0.17314814814814813 0.022916666666666665 0.03888888888888889
0 0.375 0.3175925925925926 0.0125 0.03148148148148148
0 0.3020833333333333 0.637962962962963 0.025 0.016666666666666666
