0 0.6970588235294117 0.6241830065359477 0.061764705882352944 0.11895424836601307
0 0.6555147058823529 0.5163398692810458 0.06985294117647059 0.08888888888888889
0 0.5871323529411765 0.42091503267973857 0.03455882352941177 0.08627450980392157
0 0.6514705882352941 0.38496732026143793 0.07058823529411765 0.06928104575163399
0 0.5503676470588236 0.3006535947712418 0.04338235294117647 0.05228758169934641
0 0.5176470588235295 0.2437908496732026 0.03529411764705882 0.05359477124183006
0 0.48308823529411765 0.1627450980392157 0.026470588235294117 0.032679738562091505
0 0.40808823529411764 0.1111111111111111 0.020588235294117647 0.03398692810457516
0 0.25698529411764703 0.07058823529411765 0.03455882352941177 0.026143790849673203
0 0.4323529411764706 0.054901960784313725 0.01764705882352941 0.026143790849673203
0 0.4198529411764706 0.02679738562091503 0.016176470588235296 0.022222222222222223
0 0.2665441176470588 0.04379084967320261 0.03455882352941177 0.02483660130718954
0 0.3422794117647059 0.2045751633986928 0.04191176470588235 0.050980392156862744
0 0.3356617647058823 0.18104575163398692 0.025735294117647058 0.048366013071895426
0 0.3323529411764706 0.1542483660130719 0.022058823529411766 0.04967320261437908
0 0.33125 0.12418300653594772 0.019852941176470587 0.044444444444444446
0 0.3180147058823529 0.08823529411764706 0.03455882352941177 0.03529411764705882
0 0.33308823529411763 0.07647058823529412 0.016176470588235296 0.03529411764705882
0 0.46176470588235297 0.041176470588235294 0.03529411764705882 0.02483660130718954
0 0.28860294117647056 0.4287581699346405 0.08897058823529412 0.0915032679738562
1 0.21102941176470588 0.2326797385620915 0.06764705882352941 0.054901960784313725
1 0.8389705882352941 0.9098039215686274 0.12794117647058822 0.1803921568627451
0 0.35919117647058824 0.011111111111111112 0.015441176470588236 0.022222222222222223
0 0.4117647058823529 0.011111111111111112 0.016176470588235296 0.0196078431372549
0 0.4375 0.009150326797385621 0.026470588235294117 0.018300653594771243
