0 0.15735294117647058 0.2777777777777778 0.029411764705882353 0.01699346405228758
0 0.6511029411764706 0.2549019607843137 0.021323529411764706 0.018300653594771243
0 0.9720588235294118 0.3235294117647059 0.03676470588235294 0.02483660130718954
3 0.9102941176470588 0.2823529411764706 0.025 0.018300653594771243
0 0.9654411764705882 0.8222222222222222 0.060294117647058824 0.09934640522875816
3 0.8738970588235294 0.6660130718954248 0.05514705882352941 0.10065359477124183
0 0.9919117647058824 0.4045751633986928 0.016176470588235296 0.040522875816993466
3 0.993014705882353 0.46862745098039216 0.013970588235294118 0.040522875816993466
0 0.9143382352941176 0.6026143790849673 0.009558823529411765 0.0392156862745098
0 0.8889705882352941 0.5980392156862745 0.047058823529411764 0.06928104575163399
0 0.9591911764705883 0.5032679738562091 0.04338235294117647 0.044444444444444446
