0 0.6360294117647058 0.9503267973856209 0.09264705882352942 0.09934640522875816
0 0.6702205882352941 0.8137254901960784 0.07573529411764705 0.12156862745098039
0 0.49301470588235297 0.8450980392156863 0.06102941176470588 0.15555555555555556
0 0.41691176470588237 0.8411764705882353 0.060294117647058824 0.16601307189542483
0 0.5647058823529412 0.7372549019607844 0.058823529411764705 0.09673202614379085
3 0.6470588235294118 0.6797385620915033 0.06764705882352941 0.10457516339869281
0 0.46948529411764706 0.6973856209150326 0.04632352941176471 0.10588235294117647
0 0.40588235294117647 0.6568627450980392 0.04264705882352941 0.09281045751633987
0 0.46139705882352944 0.6032679738562091 0.04191176470588235 0.09019607843137255
1 0.4077205882352941 0.5372549019607843 0.03161764705882353 0.06013071895424837
0 0.4764705882352941 0.4549019607843137 0.030882352941176472 0.044444444444444446
3 0.6018382352941176 0.4647058823529412 0.05955882352941176 0.05359477124183006
0 0.5922794117647059 0.43856209150326797 0.05514705882352941 0.03790849673202614
0 0.5158088235294118 0.42287581699346405 0.04632352941176471 0.0457516339869281
0 0.4363970588235294 0.43071895424836604 0.025735294117647058 0.0457516339869281
0 0.4261029411764706 0.36797385620915035 0.021323529411764706 0.03529411764705882
0 0.4511029411764706 0.3281045751633987 0.016911764705882352 0.02875816993464052
0 0.5352941176470588 0.3477124183006536 0.03676470588235294 0.02875816993464052
0 0.5297794117647059 0.33790849673202616 0.03455882352941177 0.02483660130718954
0 0.5202205882352942 0.31895424836601305 0.04338235294117647 0.02875816993464052
3 0.5238970588235294 0.27124183006535946 0.02426470588235294 0.02483660130718954
0 0.38198529411764703 0.3130718954248366 0.019852941176470587 0.027450980392156862
0 0.43933823529411764 0.2849673202614379 0.015441176470588236 0.026143790849673203
3 0.43308823529411766 0.2601307189542484 0.011764705882352941 0.026143790849673203
0 0.42830882352941174 0.25163398692810457 0.011029411764705883 0.01699346405228758
3 0.46654411764705883 0.2522875816993464 0.011029411764705883 0.023529411764705882
0 0.42169117647058824 0.22679738562091503 0.011029411764705883 0.01699346405228758
0 0.4102941176470588 0.22091503267973855 0.023529411764705882 0.018300653594771243
1 0.43713235294117647 0.22941176470588234 0.009558823529411765 0.0196078431372549
0 0.4349264705882353 0.2222222222222222 0.011029411764705883 0.01568627450980392
0 0.3338235294117647 0.22875816993464052 0.025 0.018300653594771243
0 0.36323529411764705 0.22549019607843138 0.023529411764705882 0.01437908496732026
0 0.3977941176470588 0.21895424836601307 0.014705882352941176 0.01699346405228758
0 0.4128676470588235 0.20915032679738563 0.009558823529411765 0.013071895424836602
3 0.4158088235294118 0.20130718954248367 0.008088235294117648 0.013071895424836602
0 0.39044117647058824 0.19411764705882353 0.010294117647058823 0.01437908496732026
0 0.3963235294117647 0.18823529411764706 0.007352941176470588 0.01045751633986928
0 0.4113970588235294 0.18235294117647058 0.008088235294117648 0.011764705882352941
3 0.39558823529411763 0.17712418300653596 0.007352941176470588 0.01437908496732026
0 0.3911764705882353 0.1627450980392157 0.007352941176470588 0.011764705882352941
