0 0.22794117647058823 0.00718954248366013 0.011764705882352941 0.01437908496732026
0 0.20661764705882352 0.006535947712418301 0.010294117647058823 0.013071895424836602
0 0.21102941176470588 0.07581699346405228 0.013235294117647059 0.02875816993464052
0 0.24375 0.048366013071895426 0.01838235294117647 0.023529411764705882
0 0.26801470588235293 0.046405228758169936 0.016911764705882352 0.027450980392156862
0 0.35625 0.12156862745098039 0.027205882352941177 0.026143790849673203
0 0.32426470588235295 0.19019607843137254 0.041176470588235294 0.03790849673202614
0 0.40404411764705883 0.2411764705882353 0.03602941176470588 0.0457516339869281
3 0.36617647058823527 0.2777777777777778 0.033823529411764704 0.06666666666666667
3 0.28455882352941175 0.038562091503267976 0.013235294117647059 0.02483660130718954
0 0.24044117647058824 0.16209150326797386 0.045588235294117645 0.0392156862745098
0 0.3139705882352941 0.08235294117647059 0.022058823529411766 0.026143790849673203
0 0.3 0.03529411764705882 0.013235294117647059 0.018300653594771243
0 0.2878676470588235 0.016339869281045753 0.0125 0.022222222222222223
3 0.3011029411764706 0.02091503267973856 0.019852941176470587 0.023529411764705882
3 0.3375 0.06601307189542484 0.03676470588235294 0.032679738562091505
3 0.30625 0.046405228758169936 0.016911764705882352 0.02483660130718954
0 0.4525735294117647 0.3300653594771242 0.04044117647058824 0.05620915032679739
0 0.5091911764705882 0.46862745098039216 0.05073529411764706 0.07450980392156863
0 0.5830882352941177 0.6836601307189543 0.07058823529411765 0.12287581699346405
0 0.6555147058823529 0.9183006535947712 0.09338235294117647 0.16339869281045752
0 0.9827205882352941 0.4176470588235294 0.03455882352941177 0.06928104575163399
0 0.8698529411764706 0.37712418300653594 0.06323529411764706 0.06666666666666667
0 0.8216911764705882 0.30718954248366015 0.04926470588235294 0.04967320261437908
0 0.7536764705882353 0.19215686274509805 0.060294117647058824 0.036601307189542485
0 0.8433823529411765 0.2 0.051470588235294115 0.02875816993464052
0 0.6419117647058824 0.21176470588235294 0.051470588235294115 0.0392156862745098
0 0.6316176470588235 0.16470588235294117 0.051470588235294115 0.03398692810457516
0 0.6647058823529411 0.19019607843137254 0.052941176470588235 0.03790849673202614
0 0.5738970588235294 0.19215686274509805 0.05367647058823529 0.03398692810457516
0 0.3397058823529412 0.434640522875817 0.04264705882352941 0.09019607843137255
1 0.048161764705882355 0.7496732026143791 0.09632352941176471 0.09542483660130718
