0 0.35885416666666664 0.799074074074074 0.036458333333333336 0.12777777777777777
0 0.38229166666666664 0.5796296296296296 0.03125 0.08518518518518518
0 0.35104166666666664 0.5074074074074074 0.03125 0.08518518518518518
0 0.39947916666666666 0.3685185185185185 0.021875 0.04814814814814815
0 0.47239583333333335 0.3435185185185185 0.021875 0.03888888888888889
3 0.40677083333333336 0.26851851851851855 0.015625 0.044444444444444446
0 0.4671875 0.25833333333333336 0.015625 0.03148148148148148
0 0.4354166666666667 0.18611111111111112 0.014583333333333334 0.027777777777777776
0 0.4390625 0.13055555555555556 0.011458333333333333 0.020370370370370372
3 0.4791666666666667 0.1527777777777778 0.010416666666666666 0.024074074074074074
0 0.3890625 0.11203703703703703 0.011458333333333333 0.020370370370370372
0 0.5291666666666667 0.12777777777777777 0.025 0.018518518518518517
0 0.5291666666666667 0.10648148148148148 0.010416666666666666 0.020370370370370372
0 0.5114583333333333 0.49074074074074076 0.027083333333333334 0.05925925925925926
0 0.6302083333333334 0.8712962962962963 0.052083333333333336 0.13148148148148148
0 0.5895833333333333 0.6694444444444444 0.041666666666666664 0.09444444444444444
0 0.06197916666666667 0.6 0.06770833333333333 0.06296296296296296
1 0.13072916666666667 0.6111111111111112 0.096875 0.1
0 0.8348958333333333 0.3611111111111111 0.04895833333333333 0.03333333333333333
0 0.8916666666666667 0.31851851851851853 0.041666666666666664 0.03333333333333333
0 0.9802083333333333 0.287962962962963 0.03958333333333333 0.03518518518518519
