3 0.4213235294117647 0.8444444444444444 0.01911764705882353 0.07058823529411765
0 0.4488970588235294 0.8281045751633986 0.019852941176470587 0.06928104575163399
0 0.3463235294117647 0.9405228758169935 0.027941176470588237 0.07712418300653595
0 0.5205882352941177 0.7274509803921568 0.020588235294117647 0.07973856209150326
0 0.5904411764705882 0.8934640522875817 0.03235294117647059 0.08496732026143791
0 0.6463235294117647 0.5934640522875817 0.047058823529411764 0.04183006535947712
0 0.7422794117647059 0.5823529411764706 0.04485294117647059 0.03790849673202614
0 0.7511029411764706 0.5117647058823529 0.04338235294117647 0.03790849673202614
0 0.7621323529411764 0.45294117647058824 0.04779411764705882 0.03790849673202614
0 0.5790441176470589 0.515686274509804 0.04191176470588235 0.06405228758169934
0 0.5066176470588235 0.4797385620915033 0.022058823529411766 0.0784313725490196
0 0.4488970588235294 0.16732026143790849 0.01838235294117647 0.0784313725490196
0 0.8610294117647059 0.16732026143790849 0.04411764705882353 0.036601307189542485
0 0.1827205882352941 0.5856209150326798 0.05073529411764706 0.0392156862745098
0 0.11029411764705882 0.5862745098039216 0.05 0.03529411764705882
0 0.013970588235294118 0.5856209150326798 0.027941176470588237 0.03137254901960784
0 0.05772058823529412 0.5091503267973856 0.04338235294117647 0.03529411764705882
0 0.8481617647058823 0.9 0.04485294117647059 0.043137254901960784
1 0.7823529411764706 0.7490196078431373 0.047058823529411764 0.0392156862745098
3 0.9613970588235294 0.734640522875817 0.04191176470588235 0.03137254901960784
0 0.9911764705882353 0.734640522875817 0.01764705882352941 0.03137254901960784
0 0.8786764705882353 0.5019607843137255 0.04264705882352941 0.03398692810457516
