1 0.11838235294117647 0.23660130718954248 0.051470588235294115 0.06797385620915032
0 0.25441176470588234 0.30915032679738563 0.025 0.03790849673202614
3 0.2897058823529412 0.296078431372549 0.020588235294117647 0.040522875816993466
0 0.4797794117647059 0.3869281045751634 0.02426470588235294 0.04967320261437908
1 0.5404411764705882 0.3032679738562091 0.039705882352941174 0.12549019607843137
1 0.3886029411764706 0.13660130718954247 0.027205882352941177 0.06405228758169934
1 0.39558823529411763 0.08888888888888889 0.022058823529411766 0.04183006535947712
1 0.37426470588235294 0.0869281045751634 0.022058823529411766 0.040522875816993466
0 0.5150735294117647 0.39869281045751637 0.02426470588235294 0.04967320261437908
0 0.4661764705882353 0.27908496732026145 0.020588235294117647 0.03790849673202614
0 0.4772058823529412 0.18235294117647058 0.01764705882352941 0.02483660130718954
0 0.47573529411764703 0.14183006535947712 0.014705882352941176 0.0196078431372549
0 0.5014705882352941 0.14313725490196078 0.011764705882352941 0.0196078431372549
0 0.4801470588235294 0.12352941176470589 0.011764705882352941 0.0196078431372549
0 0.47904411764705884 0.10522875816993464 0.0125 0.0196078431372549
0 0.47904411764705884 0.08104575163398693 0.009558823529411765 0.01568627450980392
0 0.5077205882352941 0.0915032679738562 0.009558823529411765 0.01568627450980392
0 0.5224264705882353 0.09673202614379085 0.009558823529411765 0.01568627450980392
0 0.4974264705882353 0.07581699346405228 0.009558823529411765 0.01568627450980392
0 0.4922794117647059 0.06013071895424837 0.009558823529411765 0.01568627450980392
0 0.4922794117647059 0.04967320261437908 0.009558823529411765 0.01568627450980392
0 0.4900735294117647 0.03333333333333333 0.008088235294117648 0.01437908496732026
0 0.5136029411764705 0.12483660130718954 0.015441176470588236 0.0196078431372549
0 0.4455882352941177 0.1503267973856209 0.014705882352941176 0.026143790849673203
0 0.45441176470588235 0.13660130718954247 0.013235294117647059 0.01699346405228758
0 0.45808823529411763 0.0542483660130719 0.010294117647058823 0.01699346405228758
0 0.46397058823529413 0.049019607843137254 0.010294117647058823 0.01699346405228758
1 0.4360294117647059 0.1130718954248366 0.041176470588235294 0.03529411764705882
1 0.4551470588235294 0.08823529411764706 0.01764705882352941 0.030065359477124184
0 0.5286764705882353 0.07908496732026143 0.008823529411764706 0.01699346405228758
0 0.5470588235294118 0.0718954248366013 0.01911764705882353 0.01568627450980392
0 0.5470588235294118 0.08235294117647059 0.01911764705882353 0.01568627450980392
0 0.5466911764705882 0.09084967320261438 0.019852941176470587 0.01699346405228758
0 0.5363970588235294 0.06143790849673202 0.019852941176470587 0.01568627450980392
0 0.5779411764705882 0.05816993464052288 0.01911764705882353 0.01699346405228758
0 0.5599264705882353 0.058823529411764705 0.009558823529411765 0.01568627450980392
1 0.5102941176470588 0.044444444444444446 0.011764705882352941 0.018300653594771243
0 0.5110294117647058 0.0542483660130719 0.008823529411764706 0.01437908496732026
0 0.5301470588235294 0.054901960784313725 0.01911764705882353 0.01568627450980392
0 0.5319852941176471 0.050980392156862744 0.019852941176470587 0.01568627450980392
0 0.5275735294117647 0.040522875816993466 0.016911764705882352 0.01568627450980392
0 0.5720588235294117 0.0457516339869281 0.016176470588235296 0.01045751633986928
0 0.5632352941176471 0.040522875816993466 0.01764705882352941 0.013071895424836602
0 0.5783088235294118 0.1568627450980392 0.03455882352941177 0.026143790849673203
0 0.6272058823529412 0.18888888888888888 0.03235294117647059 0.02483660130718954
0 0.6577205882352941 0.38562091503267976 0.05808823529411765 0.04183006535947712
0 0.6316176470588235 0.33202614379084966 0.052941176470588235 0.02875816993464052
0 0.6316176470588235 0.3084967320261438 0.04852941176470588 0.026143790849673203
0 0.6272058823529412 0.2869281045751634 0.047058823529411764 0.027450980392156862
0 0.6246323529411765 0.26405228758169935 0.04485294117647059 0.03137254901960784
0 0.6680147058823529 0.22156862745098038 0.030147058823529412 0.02483660130718954
0 0.6904411764705882 0.22745098039215686 0.033823529411764704 0.02875816993464052
0 0.694485294117647 0.2477124183006536 0.028676470588235293 0.027450980392156862
0 0.5463235294117647 0.19215686274509805 0.014705882352941176 0.026143790849673203
0 0.549264705882353 0.1803921568627451 0.014705882352941176 0.026143790849673203
0 0.4772058823529412 0.6980392156862745 0.03823529411764706 0.11503267973856209
0 0.555514705882353 0.7477124183006536 0.04632352941176471 0.11503267973856209
3 0.5345588235294118 0.5496732026143791 0.03676470588235294 0.07712418300653595
0 0.7011029411764705 0.5019607843137255 0.07867647058823529 0.04967320261437908
0 0.7738970588235294 0.6660130718954248 0.09338235294117647 0.07712418300653595
3 0.6974264705882353 0.5647058823529412 0.08897058823529412 0.07320261437908497
0 0.8683823529411765 0.5450980392156862 0.060294117647058824 0.05751633986928104
0 0.7893382352941176 0.4189542483660131 0.05955882352941176 0.0457516339869281
0 0.7588235294117647 0.3633986928104575 0.05588235294117647 0.044444444444444446
3 0.8268382352941176 0.9660130718954248 0.13161764705882353 0.06535947712418301
