0 0.2015625 0.9185185185185185 0.07604166666666666 0.15925925925925927
0 0.10885416666666667 0.8731481481481481 0.08020833333333334 0.1685185185185185
0 0.5458333333333333 0.6888888888888889 0.03958333333333333 0.11481481481481481
1 0.8848958333333333 0.9481481481481482 0.109375 0.1037037037037037
0 0.678125 0.9694444444444444 0.06041666666666667 0.06111111111111111
0 0.3234375 0.4203703703703704 0.036458333333333336 0.08518518518518518
0 0.3802083333333333 0.37592592592592594 0.027083333333333334 0.06666666666666667
2 0.3453125 0.16111111111111112 0.030208333333333334 0.07037037037037037
0 0.39010416666666664 0.18518518518518517 0.019791666666666666 0.040740740740740744
0 0.4578125 0.2851851851851852 0.021875 0.044444444444444446
1 0.41822916666666665 0.09907407407407408 0.015625 0.046296296296296294
0 0.3385416666666667 0.20925925925925926 0.020833333333333332 0.040740740740740744
3 0.5140625 0.1824074074074074 0.021875 0.053703703703703705
3 0.509375 0.0787037037037037 0.01875 0.046296296296296294
0 0.5973958333333333 0.22407407407407406 0.023958333333333335 0.044444444444444446
0 0.5666666666666667 0.2 0.03125 0.037037037037037035
0 0.5640625 0.04351851851851852 0.013541666666666667 0.024074074074074074
3 0.4322916666666667 0.04814814814814815 0.016666666666666666 0.02962962962962963
0 0.484375 0.046296296296296294 0.0125 0.025925925925925925
0 0.44114583333333335 0.021296296296296296 0.015625 0.020370370370370372
0 0.29270833333333335 0.31203703703703706 0.020833333333333332 0.05
0 0.35885416666666664 0.1287037037037037 0.021875 0.04259259259259259
3 0.36822916666666666 0.09907407407407408 0.019791666666666666 0.046296296296296294
0 0.3875 0.05462962962962963 0.0125 0.024074074074074074
0 0.3958333333333333 0.041666666666666664 0.0125 0.020370370370370372
0 0.39947916666666666 0.022222222222222223 0.011458333333333333 0.022222222222222223
0 0.4114583333333333 0.010185185185185186 0.0125 0.020370370370370372
0 0.46510416666666665 0.041666666666666664 0.011458333333333333 0.020370370370370372
3 0.5072916666666667 0.04259259259259259 0.014583333333333334 0.03333333333333333
3 0.50625 0.023148148148148147 0.0125 0.027777777777777776
0 0.3229166666666667 0.05648148148148148 0.01875 0.024074074074074074
0 0.009895833333333333 0.06574074074074074 0.019791666666666666 0.020370370370370372
