0 0.8171875 0.7601851851851852 0.06354166666666666 0.1537037037037037
0 0.6369791666666667 0.04722222222222222 0.019791666666666666 0.03518518518518519
0 0.634375 0.007407407407407408 0.014583333333333334 0.014814814814814815
0 0.5765625 0.09444444444444444 0.015625 0.02962962962962963
3 0.5369791666666667 0.04814814814814815 0.013541666666666667 0.02962962962962963
0 0.6046875 0.32222222222222224 0.026041666666666668 0.05185185185185185
0 0.6822916666666666 0.9407407407407408 0.058333333333333334 0.11851851851851852
0 0.28020833333333334 0.6898148148148148 0.0625 0.12777777777777777
3 0.14895833333333333 0.9611111111111111 0.06875 0.07777777777777778
0 0.47760416666666666 0.20833333333333334 0.021875 0.046296296296296294
0 0.38385416666666666 0.24074074074074073 0.021875 0.04814814814814815
0 0.3046875 0.21296296296296297 0.051041666666666666 0.037037037037037035
0 0.29375 0.25277777777777777 0.05625 0.03888888888888889
0 0.2796875 0.2814814814814815 0.053125 0.040740740740740744
0 0.30104166666666665 0.5009259259259259 0.03333333333333333 0.07592592592592592
0 0.3453125 0.3972222222222222 0.028125 0.06111111111111111
0 0.4942708333333333 0.5666666666666667 0.03854166666666667 0.1037037037037037
