0 0.5052083333333334 0.5342592592592592 0.04583333333333333 0.08703703703703704
0 0.45208333333333334 0.5046296296296297 0.03958333333333333 0.07592592592592592
0 0.44947916666666665 0.2962962962962963 0.019791666666666666 0.040740740740740744
0 0.4 0.24351851851851852 0.022916666666666665 0.04259259259259259
0 0.31927083333333334 0.3314814814814815 0.051041666666666666 0.04814814814814815
0 0.31197916666666664 0.31203703703703706 0.026041666666666668 0.05
0 0.46875 0.18333333333333332 0.014583333333333334 0.022222222222222223
0 0.5557291666666667 0.41944444444444445 0.034375 0.06111111111111111
0 0.671875 0.5546296296296296 0.058333333333333334 0.08703703703703704
0 0.634375 0.47685185185185186 0.041666666666666664 0.08703703703703704
0 0.3260416666666667 0.23333333333333334 0.014583333333333334 0.022222222222222223
0 0.340625 0.2 0.016666666666666666 0.025925925925925925
0 0.440625 0.1287037037037037 0.008333333333333333 0.012962962962962963
0 0.4140625 0.12314814814814815 0.007291666666666667 0.009259259259259259
0 0.42135416666666664 0.1175925925925926 0.007291666666666667 0.005555555555555556
