0 0.2875 0.9091503267973856 0.07941176470588235 0.18169934640522875
0 0.4275735294117647 0.14836601307189543 0.028676470588235293 0.06405228758169934
0 0.4724264705882353 0.048366013071895426 0.027205882352941177 0.036601307189542485
3 0.5238970588235294 0.13137254901960785 0.022794117647058822 0.058823529411764705
1 0.6661764705882353 0.44640522875816996 0.06911764705882353 0.1477124183006536
1 0.8779411764705882 0.47058823529411764 0.12352941176470589 0.1830065359477124
1 0.6908088235294118 0.17712418300653596 0.04485294117647059 0.058823529411764705
0 0.4970588235294118 0.013725490196078431 0.020588235294117647 0.027450980392156862
0 0.18161764705882352 0.3464052287581699 0.051470588235294115 0.09411764705882353
3 0.03161764705882353 0.3503267973856209 0.06323529411764706 0.07320261437908497
0 0.041176470588235294 0.31895424836601305 0.08235294117647059 0.04967320261437908
0 0.058823529411764705 0.28104575163398693 0.08823529411764706 0.06013071895424837
0 0.07279411764705883 0.2457516339869281 0.09411764705882353 0.05751633986928104
0 0.08676470588235294 0.2196078431372549 0.08235294117647059 0.04967320261437908
0 0.11286764705882353 0.18562091503267975 0.08308823529411764 0.054901960784313725
3 0.04779411764705882 0.10522875816993464 0.057352941176470586 0.050980392156862744
0 0.20404411764705882 0.12222222222222222 0.05220588235294118 0.043137254901960784
0 0.27426470588235297 0.043137254901960784 0.025 0.044444444444444446
0 0.1536764705882353 0.10261437908496732 0.061764705882352944 0.0457516339869281
0 0.16139705882352942 0.08104575163398693 0.0625 0.047058823529411764
0 0.18345588235294116 0.0457516339869281 0.04485294117647059 0.036601307189542485
0 0.12426470588235294 0.013725490196078431 0.054411764705882354 0.027450980392156862
0 0.3044117647058823 0.00849673202614379 0.03235294117647059 0.01699346405228758
