2 0.28860294117647056 0.74640522875817 0.13014705882352942 0.13856209150326798
0 0.3088235294117647 0.8568627450980392 0.06323529411764706 0.07450980392156863
3 0.040808823529411765 0.596078431372549 0.04044117647058824 0.08888888888888889
0 0.14044117647058824 0.12549019607843137 0.039705882352941174 0.11241830065359477
0 0.20955882352941177 0.5202614379084968 0.029411764705882353 0.10457516339869281
3 0.23308823529411765 0.369281045751634 0.047058823529411764 0.13202614379084968
0 0.03455882352941177 0.9261437908496732 0.06470588235294118 0.07712418300653595
0 0.42573529411764705 0.5816993464052288 0.06470588235294118 0.08366013071895424
3 0.20919117647058824 0.22941176470588234 0.03897058823529412 0.09542483660130718
0 0.16801470588235295 0.02483660130718954 0.03455882352941177 0.04967320261437908
0 0.50625 0.7130718954248366 0.0625 0.07712418300653595
0 0.6084558823529411 0.6294117647058823 0.06397058823529411 0.07450980392156863
0 0.586764705882353 0.8784313725490196 0.051470588235294115 0.06797385620915032
3 0.5533088235294118 0.4647058823529412 0.06544117647058824 0.07450980392156863
3 0.5632352941176471 0.307843137254902 0.060294117647058824 0.058823529411764705
3 0.6452205882352942 0.26143790849673204 0.05955882352941176 0.06535947712418301
0 0.8238970588235294 0.27712418300653596 0.0625 0.07058823529411765
0 0.6908088235294118 0.5568627450980392 0.0625 0.07581699346405228
3 0.6477941176470589 0.8437908496732026 0.05 0.06405228758169934
3 0.6933823529411764 0.7679738562091504 0.058823529411764705 0.1111111111111111
0 0.7577205882352941 0.7372549019607844 0.05808823529411765 0.09934640522875816
3 0.7952205882352941 0.4849673202614379 0.05955882352941176 0.08627450980392157
0 0.825 0.5941176470588235 0.06323529411764706 0.06143790849673202
0 0.8658088235294118 0.5078431372549019 0.06102941176470588 0.06143790849673202
3 0.9014705882352941 0.39477124183006534 0.05588235294117647 0.06535947712418301
3 0.975 0.48104575163398694 0.05 0.08627450980392157
0 0.9558823529411765 0.16732026143790849 0.06470588235294118 0.07320261437908497
3 0.893014705882353 0.09803921568627451 0.05073529411764706 0.08627450980392157
0 0.8444852941176471 0.1130718954248366 0.0625 0.09803921568627451
3 0.961764705882353 0.040522875816993466 0.052941176470588235 0.08104575163398693
