0 0.2841911764705882 0.6228758169934641 0.07573529411764705 0.1084967320261438
0 0.18308823529411763 0.09803921568627451 0.023529411764705882 0.03398692810457516
0 0.1900735294117647 0.049019607843137254 0.021323529411764706 0.03790849673202614
0 0.19301470588235295 0.01895424836601307 0.01838235294117647 0.030065359477124184
0 0.2731617647058823 0.06013071895424837 0.019852941176470587 0.03398692810457516
0 0.28198529411764706 0.12941176470588237 0.028676470588235293 0.047058823529411764
0 0.2863970588235294 0.22745098039215686 0.03161764705882353 0.04967320261437908
0 0.31838235294117645 0.016339869281045753 0.029411764705882353 0.022222222222222223
0 0.33455882352941174 0.028104575163398694 0.04411764705882353 0.027450980392156862
0 0.3338235294117647 0.10326797385620914 0.023529411764705882 0.0392156862745098
0 0.3356617647058823 0.13986928104575164 0.025735294117647058 0.0392156862745098
0 0.4099264705882353 0.1503267973856209 0.05514705882352941 0.0392156862745098
0 0.35257352941176473 0.21830065359477124 0.030147058823529412 0.04967320261437908
0 0.41875 0.3503267973856209 0.07279411764705883 0.054901960784313725
0 0.6727941176470589 0.29150326797385623 0.06470588235294118 0.047058823529411764
0 0.63125 0.3660130718954248 0.07279411764705883 0.054901960784313725
0 0.6128676470588236 0.4222222222222222 0.07573529411764705 0.054901960784313725
0 0.7783088235294118 0.3803921568627451 0.07426470588235294 0.06013071895424837
0 0.8966911764705883 0.24248366013071895 0.0625 0.0457516339869281
0 0.8805147058823529 0.36013071895424836 0.07426470588235294 0.05359477124183006
3 0.7279411764705882 0.7294117647058823 0.1338235294117647 0.13856209150326798
