2 0.3522058823529412 0.8124183006535948 0.11323529411764706 0.28366013071895424
0 0.44926470588235295 0.8287581699346406 0.04411764705882353 0.13856209150326798
0 0.5286764705882353 0.7601307189542483 0.039705882352941174 0.10588235294117647
0 0.4091911764705882 0.5535947712418301 0.03161764705882353 0.07973856209150326
0 0.47316176470588234 0.6026143790849673 0.03455882352941177 0.09411764705882353
0 0.6091911764705882 0.6790849673202615 0.04338235294117647 0.08235294117647059
3 0.5257352941176471 0.6032679738562091 0.033823529411764704 0.07973856209150326
0 0.5643382352941176 0.5869281045751634 0.03161764705882353 0.07581699346405228
0 0.5827205882352942 0.5006535947712418 0.028676470588235293 0.06013071895424837
0 0.5363970588235294 0.4542483660130719 0.025735294117647058 0.05359477124183006
0 0.5676470588235294 0.39019607843137255 0.022058823529411766 0.043137254901960784
0 0.4650735294117647 0.48104575163398694 0.028676470588235293 0.07320261437908497
0 0.4308823529411765 0.4091503267973856 0.025 0.054901960784313725
0 0.4415441176470588 0.29411764705882354 0.021323529411764706 0.044444444444444446
0 0.5650735294117647 0.24901960784313726 0.01838235294117647 0.032679738562091505
0 0.4838235294117647 0.18496732026143792 0.016176470588235296 0.03529411764705882
0 0.48419117647058824 0.2411764705882353 0.016911764705882352 0.03529411764705882
0 0.4591911764705882 0.18562091503267975 0.016911764705882352 0.036601307189542485
0 0.4886029411764706 0.15359477124183007 0.013970588235294118 0.02483660130718954
0 0.5136029411764705 0.13594771241830064 0.0125 0.023529411764705882
0 0.5297794117647059 0.12091503267973856 0.0125 0.022222222222222223
0 0.5125 0.1130718954248366 0.013235294117647059 0.0196078431372549
0 0.5455882352941176 0.09607843137254903 0.010294117647058823 0.0196078431372549
0 0.5261029411764706 0.10065359477124183 0.0125 0.018300653594771243
0 0.5084558823529411 0.0738562091503268 0.011029411764705883 0.01699346405228758
0 0.5106617647058823 0.09281045751633987 0.011029411764705883 0.018300653594771243
0 0.49301470588235297 0.060784313725490195 0.011029411764705883 0.01699346405228758
0 0.5125 0.03529411764705882 0.010294117647058823 0.013071895424836602
0 0.51875 0.048366013071895426 0.009558823529411765 0.01568627450980392
0 0.48455882352941176 0.01764705882352941 0.008823529411764706 0.01437908496732026
0 0.4886029411764706 0.034640522875816995 0.009558823529411765 0.01699346405228758
0 0.5095588235294117 0.058823529411764705 0.010294117647058823 0.018300653594771243
0 0.5224264705882353 0.07320261437908497 0.011029411764705883 0.01568627450980392
0 0.5338235294117647 0.06470588235294118 0.010294117647058823 0.01699346405228758
0 0.5389705882352941 0.07908496732026143 0.010294117647058823 0.0196078431372549
0 0.5161764705882353 0.15816993464052287 0.014705882352941176 0.023529411764705882
0 0.5411764705882353 0.2627450980392157 0.020588235294117647 0.03398692810457516
0 0.5474264705882353 0.3084967320261438 0.022794117647058822 0.0392156862745098
0 0.85625 0.17712418300653596 0.025735294117647058 0.02483660130718954
0 0.8738970588235294 0.1758169934640523 0.02426470588235294 0.022222222222222223
0 0.8227941176470588 0.17712418300653596 0.022058823529411766 0.02483660130718954
0 0.8408088235294118 0.17712418300653596 0.019852941176470587 0.027450980392156862
0 0.8044117647058824 0.17777777777777778 0.026470588235294117 0.023529411764705882
0 0.8419117647058824 0.13986928104575164 0.022058823529411766 0.026143790849673203
0 0.8275735294117647 0.14248366013071895 0.019852941176470587 0.023529411764705882
0 0.8639705882352942 0.14183006535947712 0.022058823529411766 0.022222222222222223
0 0.881985294117647 0.1411764705882353 0.019852941176470587 0.02091503267973856
0 0.9018382352941177 0.13660130718954247 0.027205882352941177 0.027450980392156862
0 0.9268382352941177 0.15490196078431373 0.03161764705882353 0.022222222222222223
0 0.925 0.1627450980392157 0.03235294117647059 0.02483660130718954
0 0.8279411764705882 0.10261437908496732 0.016176470588235296 0.022222222222222223
0 0.8404411764705882 0.10261437908496732 0.016176470588235296 0.022222222222222223
0 0.8136029411764706 0.10261437908496732 0.016911764705882352 0.022222222222222223
0 0.7996323529411765 0.10065359477124183 0.019852941176470587 0.023529411764705882
0 0.7871323529411764 0.10196078431372549 0.016911764705882352 0.023529411764705882
0 0.7794117647058824 0.11372549019607843 0.030882352941176472 0.02091503267973856
0 0.88125 0.12418300653594772 0.01838235294117647 0.013071895424836602
0 0.8683823529411765 0.12679738562091503 0.020588235294117647 0.018300653594771243
0 0.8540441176470588 0.12745098039215685 0.01838235294117647 0.0196078431372549
0 0.8371323529411765 0.12679738562091503 0.021323529411764706 0.018300653594771243
0 0.8224264705882353 0.1261437908496732 0.019852941176470587 0.01437908496732026
0 0.7301470588235294 0.09215686274509804 0.020588235294117647 0.01437908496732026
3 0.6507352941176471 0.03529411764705882 0.013235294117647059 0.018300653594771243
0 0.6496323529411765 0.00718954248366013 0.008088235294117648 0.011764705882352941
0 0.6588235294117647 0.00784313725490196 0.010294117647058823 0.013071895424836602
0 0.6985294117647058 0.00718954248366013 0.011764705882352941 0.01437908496732026
0 0.7150735294117647 0.006535947712418301 0.0125 0.013071895424836602
0 0.725735294117647 0.006535947712418301 0.010294117647058823 0.013071895424836602
0 0.7345588235294118 0.00784313725490196 0.008823529411764706 0.013071895424836602
0 0.7441176470588236 0.00784313725490196 0.010294117647058823 0.013071895424836602
0 0.7544117647058823 0.00784313725490196 0.010294117647058823 0.013071895424836602
0 0.6933823529411764 0.049019607843137254 0.016176470588235296 0.01699346405228758
0 0.6257352941176471 0.8594771241830066 0.060294117647058824 0.11895424836601307
3 0.46801470588235294 0.30522875816993467 0.019852941176470587 0.05620915032679739
3 0.49669117647058825 0.044444444444444446 0.009558823529411765 0.023529411764705882
3 0.4970588235294118 0.011111111111111112 0.008823529411764706 0.0196078431372549
3 0.55 0.12483660130718954 0.011764705882352941 0.027450980392156862
3 0.5430147058823529 0.3411764705882353 0.021323529411764706 0.047058823529411764
3 0.45551470588235293 0.24183006535947713 0.01838235294117647 0.047058823529411764
0 0.4834558823529412 0.006535947712418301 0.008088235294117648 0.013071895424836602
0 0.4716911764705882 0.03333333333333333 0.011029411764705883 0.01699346405228758
0 0.46911764705882353 0.0457516339869281 0.010294117647058823 0.013071895424836602
0 0.5297794117647059 0.02091503267973856 0.019852941176470587 0.013071895424836602
0 0.513235294117647 0.025490196078431372 0.010294117647058823 0.01437908496732026
0 0.5209558823529412 0.015032679738562092 0.019852941176470587 0.01437908496732026
0 0.5147058823529411 0.0058823529411764705 0.010294117647058823 0.011764705882352941
0 0.5025735294117647 0.00522875816993464 0.006617647058823529 0.01045751633986928
2 0.5349264705882353 0.04379084967320261 0.013970588235294118 0.03790849673202614
1 0.47463235294117645 0.0934640522875817 0.02426470588235294 0.058823529411764705
1 0.4610294117647059 0.13529411764705881 0.020588235294117647 0.05620915032679739
1 0.5220588235294118 0.20065359477124184 0.027941176470588237 0.07450980392156863
1 0.5128676470588235 0.3026143790849673 0.03308823529411765 0.15294117647058825
1 0.47610294117647056 0.35294117647058826 0.03161764705882353 0.10196078431372549
0 0.5330882352941176 0.9601307189542484 0.047058823529411764 0.07973856209150326
1 0.3224264705882353 0.1084967320261438 0.01838235294117647 0.04967320261437908
0 0.05183823529411765 0.1437908496732026 0.04044117647058824 0.02875816993464052
0 0.03419117647058824 0.1843137254901961 0.025735294117647058 0.03137254901960784
0 0.06102941176470588 0.23202614379084968 0.030882352941176472 0.03790849673202614
0 0.10073529411764706 0.22483660130718955 0.030882352941176472 0.0392156862745098
0 0.13455882352941176 0.2235294117647059 0.029411764705882353 0.036601307189542485
0 0.15955882352941175 0.22287581699346407 0.025 0.03790849673202614
0 0.18455882352941178 0.22745098039215686 0.030882352941176472 0.0392156862745098
1 0.15257352941176472 0.15751633986928104 0.05220588235294118 0.040522875816993466
0 0.009926470588235294 0.18562091503267975 0.019852941176470587 0.03137254901960784
0 0.006985294117647059 0.2261437908496732 0.013970588235294118 0.03137254901960784
0 0.24375 0.15620915032679739 0.01838235294117647 0.027450980392156862
