0 0.7808823529411765 0.3183006535947712 0.01911764705882353 0.011764705882352941
0 0.7856617647058823 0.3235294117647059 0.022794117647058822 0.01437908496732026
0 0.7702205882352942 0.330718954248366 0.022794117647058822 0.02091503267973856
1 0.8272058823529411 0.32941176470588235 0.013235294117647059 0.026143790849673203
0 0.8341911764705883 0.3254901960784314 0.009558823529411765 0.01568627450980392
3 0.8636029411764706 0.3241830065359477 0.019852941176470587 0.01568627450980392
1 0.8481617647058823 0.3352941176470588 0.016911764705882352 0.032679738562091505
3 0.8485294117647059 0.36209150326797385 0.016176470588235296 0.02875816993464052
0 0.8841911764705882 0.34705882352941175 0.02426470588235294 0.01699346405228758
1 0.8216911764705882 0.36209150326797385 0.019852941176470587 0.036601307189542485
1 0.8125 0.3509803921568627 0.03235294117647059 0.03790849673202614
1 0.7996323529411765 0.3660130718954248 0.016911764705882352 0.03398692810457516
1 0.7908088235294117 0.37973856209150325 0.019852941176470587 0.03529411764705882
0 0.7816176470588235 0.3627450980392157 0.016176470588235296 0.022222222222222223
0 0.7665441176470589 0.3568627450980392 0.013970588235294118 0.018300653594771243
1 0.7485294117647059 0.3718954248366013 0.020588235294117647 0.03529411764705882
1 0.7746323529411765 0.4143790849673203 0.027205882352941177 0.044444444444444446
0 0.830514705882353 0.39215686274509803 0.025735294117647058 0.02091503267973856
0 0.8279411764705882 0.4065359477124183 0.03823529411764706 0.023529411764705882
0 0.8268382352941176 0.42026143790849674 0.0375 0.02483660130718954
0 0.8051470588235294 0.4562091503267974 0.023529411764705882 0.03137254901960784
0 0.7393382352941177 0.47581699346405226 0.02426470588235294 0.0392156862745098
0 0.7345588235294118 0.3915032679738562 0.016176470588235296 0.02483660130718954
1 0.7231617647058823 0.3993464052287582 0.025735294117647058 0.043137254901960784
1 0.6823529411764706 0.4326797385620915 0.05588235294117647 0.08366013071895424
1 0.5323529411764706 0.5424836601307189 0.075 0.0784313725490196
1 0.5341911764705882 0.5647058823529412 0.08602941176470588 0.0784313725490196
1 0.02389705882352941 0.3686274509803922 0.03308823529411765 0.04183006535947712
1 0.07058823529411765 0.3836601307189543 0.041176470588235294 0.048366013071895426
1 0.04963235294117647 0.40065359477124185 0.05220588235294118 0.048366013071895426
1 0.16433823529411765 0.39869281045751637 0.05367647058823529 0.04183006535947712
0 0.4102941176470588 0.7392156862745098 0.075 0.10588235294117647
0 0.24926470588235294 0.9215686274509803 0.10735294117647058 0.13856209150326798
