0 0.4566176470588235 0.5895424836601307 0.08235294117647059 0.17254901960784313
0 0.6338235294117647 0.6254901960784314 0.058823529411764705 0.16601307189542483
0 0.7577205882352941 0.75359477124183 0.08161764705882353 0.18169934640522875
0 0.4650735294117647 0.9071895424836601 0.06838235294117648 0.18562091503267975
0 0.24889705882352942 0.34248366013071896 0.08308823529411764 0.08888888888888889
0 0.5540441176470589 0.23660130718954248 0.03897058823529412 0.0915032679738562
0 0.6584558823529412 0.21437908496732025 0.03897058823529412 0.0784313725490196
0 0.5816176470588236 0.11699346405228758 0.041176470588235294 0.07712418300653595
0 0.6044117647058823 0.044444444444444446 0.03235294117647059 0.06797385620915032
0 0.4334558823529412 0.08627450980392157 0.06985294117647059 0.06535947712418301
0 0.09852941176470588 0.30130718954248364 0.09852941176470588 0.07712418300653595
0 0.07463235294117647 0.21568627450980393 0.09044117647058823 0.07320261437908497
0 0.04852941176470588 0.3581699346405229 0.09705882352941177 0.0915032679738562
1 0.5341911764705882 0.022222222222222223 0.03161764705882353 0.044444444444444446
