1 0.5296875 0.5027777777777778 0.053125 0.1425925925925926
0 0.5682291666666667 0.41388888888888886 0.017708333333333333 0.027777777777777776
1 0.5432291666666667 0.3675925925925926 0.036458333333333336 0.08703703703703704
3 0.6026041666666667 0.3472222222222222 0.015625 0.024074074074074074
1 0.6140625 0.30185185185185187 0.015625 0.037037037037037035
0 0.6015625 0.27685185185185185 0.011458333333333333 0.016666666666666666
0 0.6213541666666667 0.27685185185185185 0.013541666666666667 0.016666666666666666
0 0.5848958333333333 0.2675925925925926 0.011458333333333333 0.016666666666666666
0 0.6078125 0.26296296296296295 0.011458333333333333 0.014814814814814815
3 0.4979166666666667 0.2638888888888889 0.014583333333333334 0.024074074074074074
3 0.4432291666666667 0.387037037037037 0.015625 0.025925925925925925
0 0.45677083333333335 0.3638888888888889 0.017708333333333333 0.024074074074074074
3 0.46979166666666666 0.27037037037037037 0.014583333333333334 0.022222222222222223
0 0.47760416666666666 0.25925925925925924 0.015625 0.014814814814814815
3 0.5244791666666667 0.2111111111111111 0.015625 0.018518518518518517
3 0.53125 0.2175925925925926 0.010416666666666666 0.016666666666666666
1 0.6125 0.1787037037037037 0.008333333333333333 0.012962962962962963
0 0.6083333333333333 0.18518518518518517 0.008333333333333333 0.011111111111111112
0 0.6270833333333333 0.17685185185185184 0.008333333333333333 0.009259259259259259
0 0.6838541666666667 0.13148148148148148 0.007291666666666667 0.007407407407407408
0 0.7052083333333333 0.18611111111111112 0.008333333333333333 0.009259259259259259
3 0.7026041666666667 0.11574074074074074 0.007291666666666667 0.012962962962962963
0 0.7078125 0.1111111111111111 0.005208333333333333 0.007407407407407408
1 0.7286458333333333 0.10648148148148148 0.017708333333333333 0.016666666666666666
