0 0.3069852941176471 0.41568627450980394 0.11691176470588235 0.13594771241830064
3 0.3650735294117647 0.25555555555555554 0.05367647058823529 0.12941176470588237
0 0.46691176470588236 0.3862745098039216 0.051470588235294115 0.12418300653594772
0 0.4827205882352941 0.238562091503268 0.04338235294117647 0.09019607843137255
0 0.49522058823529413 0.14967320261437908 0.03455882352941177 0.06666666666666667
0 0.4974264705882353 0.05947712418300653 0.030147058823529412 0.05359477124183006
0 0.5477941176470589 0.08758169934640522 0.030882352941176472 0.04967320261437908
0 0.5676470588235294 0.20130718954248367 0.03676470588235294 0.06535947712418301
0 0.5569852941176471 0.31699346405228757 0.04926470588235294 0.09542483660130718
3 0.5963235294117647 0.4797385620915033 0.06911764705882353 0.1411764705882353
0 0.6738970588235295 0.06797385620915032 0.05808823529411765 0.044444444444444446
0 0.6338235294117647 0.027450980392156862 0.047058823529411764 0.04183006535947712
0 0.4117647058823529 0.888235294117647 0.10441176470588236 0.2235294117647059
0 0.7095588235294118 0.9313725490196079 0.12205882352941176 0.13725490196078433
