0 0.7926470588235294 0.2169934640522876 0.04411764705882353 0.0784313725490196
3 0.6084558823529411 0.3130718954248366 0.04632352941176471 0.10065359477124183
0 0.5525735294117647 0.4320261437908497 0.06102941176470588 0.12418300653594772
0 0.5102941176470588 0.13529411764705881 0.03529411764705882 0.0718954248366013
0 0.4459558823529412 0.11699346405228758 0.02426470588235294 0.07973856209150326
3 0.4261029411764706 0.25947712418300656 0.0375 0.12156862745098039
0 0.45955882352941174 0.6627450980392157 0.061764705882352944 0.20915032679738563
0 0.2841911764705882 0.5679738562091503 0.05661764705882353 0.16862745098039217
0 0.3165441176470588 0.3 0.05073529411764706 0.12156862745098039
0 0.2338235294117647 0.01437908496732026 0.03529411764705882 0.026143790849673203
0 0.21544117647058825 0.04967320261437908 0.04264705882352941 0.07058823529411765
0 0.1948529411764706 0.16797385620915034 0.05 0.09542483660130718
0 0.0713235294117647 0.9549019607843138 0.08970588235294118 0.09019607843137255
0 0.0661764705882353 0.5549019607843138 0.0838235294117647 0.17908496732026144
0 0.10735294117647058 0.4189542483660131 0.06911764705882353 0.1477124183006536
3 0.07536764705882353 0.29869281045751633 0.10220588235294117 0.1084967320261438
0 0.06691176470588235 0.2568627450980392 0.1 0.07712418300653595
0 0.0838235294117647 0.2111111111111111 0.09852941176470588 0.0718954248366013
0 0.04411764705882353 0.12418300653594772 0.0838235294117647 0.05751633986928104
0 0.04044117647058824 0.0934640522875817 0.07941176470588235 0.0457516339869281
0 0.08235294117647059 0.01699346405228758 0.07352941176470588 0.03137254901960784
