0 0.06360294117647058 0.64640522875817 0.11691176470588235 0.10065359477124183
0 0.20073529411764707 0.5784313725490197 0.058823529411764705 0.08235294117647059
0 0.24227941176470588 0.4150326797385621 0.04926470588235294 0.0457516339869281
0 0.39191176470588235 0.2633986928104575 0.016176470588235296 0.02483660130718954
0 0.4036764705882353 0.24313725490196078 0.01764705882352941 0.026143790849673203
0 0.4213235294117647 0.21568627450980393 0.013235294117647059 0.02091503267973856
0 0.39044117647058824 0.2261437908496732 0.023529411764705882 0.023529411764705882
0 0.4102941176470588 0.21045751633986928 0.013235294117647059 0.018300653594771243
0 0.43970588235294117 0.1803921568627451 0.008823529411764706 0.013071895424836602
0 0.45036764705882354 0.18104575163398692 0.009558823529411765 0.01437908496732026
0 0.4496323529411765 0.16797385620915034 0.008088235294117648 0.011764705882352941
0 0.45588235294117646 0.15947712418300652 0.007352941176470588 0.013071895424836602
0 0.4676470588235294 0.14052287581699346 0.007352941176470588 0.009150326797385621
3 0.4727941176470588 0.13137254901960785 0.0058823529411764705 0.009150326797385621
3 0.618014705882353 0.25620915032679736 0.0125 0.023529411764705882
3 0.6183823529411765 0.24836601307189543 0.020588235294117647 0.023529411764705882
0 0.6220588235294118 0.27712418300653596 0.022058823529411766 0.026143790849673203
0 0.6301470588235294 0.3032679738562091 0.01911764705882353 0.026143790849673203
0 0.6452205882352942 0.3111111111111111 0.02426470588235294 0.02875816993464052
0 0.6845588235294118 0.3954248366013072 0.045588235294117645 0.032679738562091505
0 0.6823529411764706 0.4235294117647059 0.030882352941176472 0.0392156862745098
0 0.7297794117647058 0.4915032679738562 0.06397058823529411 0.04183006535947712
0 0.7194852941176471 0.5320261437908497 0.04338235294117647 0.054901960784313725
0 0.7599264705882353 0.5934640522875817 0.05367647058823529 0.0915032679738562
0 0.7970588235294118 0.6745098039215687 0.06323529411764706 0.10718954248366012
0 0.9069852941176471 0.6849673202614379 0.08897058823529412 0.07058823529411765
0 0.8827205882352941 0.6450980392156863 0.10073529411764706 0.05620915032679739
0 0.9375 0.9588235294117647 0.09117647058823529 0.08235294117647059
0 0.6253676470588235 0.6450980392156863 0.04191176470588235 0.07450980392156863
3 0.5066176470588235 0.665359477124183 0.041176470588235294 0.10980392156862745
3 0.5415441176470588 0.4718954248366013 0.05955882352941176 0.06535947712418301
0 0.4297794117647059 0.4130718954248366 0.027205882352941177 0.047058823529411764
3 0.46911764705882353 0.38758169934640524 0.022058823529411766 0.05620915032679739
0 0.5154411764705882 0.3464052287581699 0.022058823529411766 0.03398692810457516
0 0.5536764705882353 0.3464052287581699 0.020588235294117647 0.03137254901960784
0 0.5709558823529411 0.3104575163398693 0.016911764705882352 0.027450980392156862
0 0.5602941176470588 0.26209150326797387 0.016176470588235296 0.022222222222222223
0 0.5202205882352942 0.27320261437908494 0.015441176470588236 0.023529411764705882
3 0.49080882352941174 0.24509803921568626 0.013970588235294118 0.030065359477124184
0 0.46654411764705883 0.22026143790849673 0.0125 0.0196078431372549
0 0.5216911764705883 0.2503267973856209 0.0125 0.0196078431372549
0 0.5235294117647059 0.234640522875817 0.013235294117647059 0.022222222222222223
0 0.5246323529411765 0.21895424836601307 0.011029411764705883 0.01699346405228758
0 0.49522058823529413 0.21372549019607842 0.0125 0.0196078431372549
0 0.4702205882352941 0.20980392156862746 0.0125 0.022222222222222223
0 0.4768382352941177 0.19215686274509805 0.01838235294117647 0.013071895424836602
0 0.4944852941176471 0.19150326797385622 0.009558823529411765 0.01437908496732026
0 0.5014705882352941 0.20326797385620915 0.010294117647058823 0.01699346405228758
0 0.5220588235294118 0.2065359477124183 0.011764705882352941 0.01568627450980392
0 0.524264705882353 0.19150326797385622 0.010294117647058823 0.01437908496732026
0 0.5577205882352941 0.23006535947712417 0.0125 0.023529411764705882
0 0.5658088235294118 0.21437908496732025 0.025735294117647058 0.01568627450980392
0 0.5529411764705883 0.20718954248366014 0.011764705882352941 0.01437908496732026
0 0.5488970588235295 0.19411764705882353 0.009558823529411765 0.01437908496732026
0 0.5227941176470589 0.16862745098039217 0.008823529411764706 0.01568627450980392
0 0.5018382352941176 0.16862745098039217 0.008088235294117648 0.01045751633986928
0 0.5058823529411764 0.1568627450980392 0.007352941176470588 0.01568627450980392
0 0.48933823529411763 0.15359477124183007 0.008088235294117648 0.011764705882352941
0 0.5055147058823529 0.13398692810457516 0.006617647058823529 0.011764705882352941
0 0.5253676470588236 0.14183006535947712 0.006617647058823529 0.009150326797385621
0 0.9738970588235294 0.7633986928104575 0.05220588235294118 0.07581699346405228
0 0.54375 0.14901960784313725 0.008088235294117648 0.01045751633986928
