0 0.45416666666666666 0.14351851851851852 0.020833333333333332 0.03888888888888889
0 0.5296875 0.12685185185185185 0.017708333333333333 0.03888888888888889
0 0.4984375 0.2537037037037037 0.028125 0.044444444444444446
0 0.4552083333333333 0.29444444444444445 0.027083333333333334 0.05925925925925926
0 0.49166666666666664 0.4388888888888889 0.03333333333333333 0.08518518518518518
0 0.321875 0.562962962962963 0.0375 0.12962962962962962
0 0.2786458333333333 0.8972222222222223 0.057291666666666664 0.17592592592592593
1 0.4125 0.7046296296296296 0.03958333333333333 0.10555555555555556
3 0.303125 0.7268518518518519 0.052083333333333336 0.17222222222222222
0 0.33697916666666666 0.4583333333333333 0.046875 0.07592592592592592
0 0.5786458333333333 0.3296296296296296 0.036458333333333336 0.05185185185185185
0 0.5859375 0.3907407407407407 0.042708333333333334 0.07777777777777778
0 0.4192708333333333 0.05555555555555555 0.017708333333333333 0.044444444444444446
0 0.56875 0.14722222222222223 0.03125 0.027777777777777776
1 0.778125 0.1537037037037037 0.07291666666666667 0.05185185185185185
0 0.7197916666666667 0.18425925925925926 0.05416666666666667 0.04259259259259259
0 0.7171875 0.23796296296296296 0.05520833333333333 0.046296296296296294
0 0.7921875 0.22870370370370371 0.051041666666666666 0.04259259259259259
