3 0.3360294117647059 0.026143790849673203 0.03823529411764706 0.036601307189542485
3 0.37169117647058825 0.020261437908496733 0.0375 0.03529411764705882
0 0.40404411764705883 0.01895424836601307 0.03455882352941177 0.022222222222222223
0 0.4470588235294118 0.013071895424836602 0.04264705882352941 0.026143790849673203
0 0.4985294117647059 0.011111111111111112 0.04264705882352941 0.022222222222222223
3 0.5268382352941177 0.0392156862745098 0.03602941176470588 0.03398692810457516
0 0.506985294117647 0.05359477124183006 0.04485294117647059 0.03137254901960784
0 0.5051470588235294 0.06993464052287582 0.033823529411764704 0.030065359477124184
0 0.4485294117647059 0.07254901960784314 0.03235294117647059 0.032679738562091505
3 0.3886029411764706 0.06339869281045751 0.04191176470588235 0.043137254901960784
0 0.29705882352941176 0.08235294117647059 0.04264705882352941 0.03398692810457516
0 0.3610294117647059 0.09019607843137255 0.03235294117647059 0.044444444444444446
3 0.6496323529411765 0.02287581699346405 0.03602941176470588 0.030065359477124184
3 0.6283088235294118 0.04967320261437908 0.0375 0.04183006535947712
3 0.7191176470588235 0.029411764705882353 0.03235294117647059 0.048366013071895426
0 0.7577205882352941 0.02091503267973856 0.03897058823529412 0.03137254901960784
0 0.794485294117647 0.01241830065359477 0.0375 0.02483660130718954
0 0.6716911764705882 0.03986928104575163 0.027205882352941177 0.030065359477124184
1 0.544485294117647 0.06470588235294118 0.04191176470588235 0.030065359477124184
0 0.12610294117647058 0.12679738562091503 0.05220588235294118 0.044444444444444446
0 0.03235294117647059 0.09607843137254903 0.06323529411764706 0.032679738562091505
0 0.05845588235294118 0.06013071895424837 0.05073529411764706 0.03137254901960784
0 0.11764705882352941 0.046405228758169936 0.026470588235294117 0.032679738562091505
0 0.16286764705882353 0.043137254901960784 0.04926470588235294 0.036601307189542485
0 0.21654411764705883 0.056862745098039215 0.04338235294117647 0.03529411764705882
0 0.2349264705882353 0.034640522875816995 0.04632352941176471 0.03529411764705882
0 0.28602941176470587 0.025490196078431372 0.025 0.032679738562091505
