0 0.16654411764705881 0.8300653594771242 0.09779411764705882 0.1830065359477124
0 0.10992647058823529 0.4993464052287582 0.06397058823529411 0.07581699346405228
0 0.16875 0.5169934640522876 0.06397058823529411 0.06143790849673202
0 0.25625 0.4849673202614379 0.05661764705882353 0.08888888888888889
0 0.31727941176470587 0.4764705882352941 0.05661764705882353 0.09019607843137255
0 0.18933823529411764 0.4137254901960784 0.05220588235294118 0.07712418300653595
0 0.23125 0.4215686274509804 0.05073529411764706 0.07450980392156863
0 0.23529411764705882 0.3405228758169935 0.05 0.06666666666666667
0 0.27904411764705883 0.3464052287581699 0.04191176470588235 0.05751633986928104
0 0.26948529411764705 0.2875816993464052 0.03602941176470588 0.044444444444444446
0 0.3297794117647059 0.3359477124183007 0.04044117647058824 0.06797385620915032
0 0.37941176470588234 0.3392156862745098 0.03676470588235294 0.06928104575163399
3 0.31580882352941175 0.2751633986928105 0.03897058823529412 0.07450980392156863
0 0.37941176470588234 0.29673202614379085 0.033823529411764704 0.054901960784313725
0 0.3584558823529412 0.28431372549019607 0.03161764705882353 0.048366013071895426
0 0.3011029411764706 0.2437908496732026 0.028676470588235293 0.040522875816993466
0 0.32316176470588237 0.22287581699346407 0.025735294117647058 0.032679738562091505
0 0.34852941176470587 0.23790849673202613 0.026470588235294117 0.0392156862745098
0 0.38198529411764703 0.23790849673202613 0.027205882352941177 0.0392156862745098
0 0.4158088235294118 0.238562091503268 0.022794117647058822 0.043137254901960784
0 0.42720588235294116 0.21176470588235294 0.023529411764705882 0.03398692810457516
0 0.4349264705882353 0.18823529411764706 0.021323529411764706 0.03137254901960784
0 0.39338235294117646 0.2084967320261438 0.020588235294117647 0.03790849673202614
0 0.41360294117647056 0.1803921568627451 0.019852941176470587 0.03398692810457516
2 0.37022058823529413 0.1803921568627451 0.04191176470588235 0.0784313725490196
2 0.3382352941176471 0.1784313725490196 0.05 0.07712418300653595
0 0.39595588235294116 0.16797385620915034 0.016911764705882352 0.02483660130718954
0 0.4025735294117647 0.14967320261437908 0.016911764705882352 0.030065359477124184
0 0.4209558823529412 0.15490196078431373 0.01838235294117647 0.030065359477124184
2 0.39080882352941176 0.12222222222222222 0.03161764705882353 0.05359477124183006
2 0.40588235294117647 0.10196078431372549 0.027941176470588237 0.04967320261437908
0 0.4113970588235294 0.13529411764705881 0.016911764705882352 0.022222222222222223
0 0.4323529411764706 0.14313725490196078 0.014705882352941176 0.027450980392156862
0 0.4386029411764706 0.134640522875817 0.0125 0.023529411764705882
0 0.4198529411764706 0.12745098039215685 0.013235294117647059 0.0196078431372549
0 0.42205882352941176 0.11895424836601307 0.013235294117647059 0.023529411764705882
0 0.4308823529411765 0.11176470588235295 0.010294117647058823 0.0196078431372549
0 0.44080882352941175 0.1261437908496732 0.013970588235294118 0.022222222222222223
0 0.45 0.11503267973856209 0.013235294117647059 0.02091503267973856
0 0.4415441176470588 0.10522875816993464 0.011029411764705883 0.0196078431372549
0 0.4573529411764706 0.10196078431372549 0.013235294117647059 0.018300653594771243
0 0.4297794117647059 0.09477124183006536 0.019852941176470587 0.01699346405228758
0 0.44338235294117645 0.08562091503267974 0.011764705882352941 0.0196078431372549
0 0.45808823529411763 0.0934640522875817 0.010294117647058823 0.01699346405228758
0 0.45992647058823527 0.08562091503267974 0.008088235294117648 0.01437908496732026
0 0.45 0.07908496732026143 0.007352941176470588 0.01437908496732026
0 0.45 0.07581699346405228 0.008823529411764706 0.013071895424836602
0 0.4522058823529412 0.07254901960784314 0.008823529411764706 0.01699346405228758
0 0.45294117647058824 0.06470588235294118 0.007352941176470588 0.011764705882352941
0 0.46544117647058825 0.08104575163398693 0.008823529411764706 0.01568627450980392
0 0.4636029411764706 0.07450980392156863 0.008088235294117648 0.013071895424836602
0 0.4658088235294118 0.06928104575163399 0.008088235294117648 0.01045751633986928
0 0.4786764705882353 0.0803921568627451 0.010294117647058823 0.0196078431372549
0 0.45330882352941176 0.30522875816993467 0.028676470588235293 0.048366013071895426
0 0.41948529411764707 0.4366013071895425 0.04044117647058824 0.06535947712418301
0 0.47573529411764703 0.45294117647058824 0.03823529411764706 0.06928104575163399
0 0.5452205882352941 0.4176470588235294 0.03455882352941177 0.06928104575163399
0 0.5205882352941177 0.28954248366013075 0.027941176470588237 0.048366013071895426
0 0.4970588235294118 0.2549019607843137 0.023529411764705882 0.044444444444444446
0 0.47757352941176473 0.20588235294117646 0.01838235294117647 0.030065359477124184
0 0.5018382352941176 0.06405228758169934 0.009558823529411765 0.01568627450980392
0 0.5003676470588235 0.11764705882352941 0.013970588235294118 0.02091503267973856
0 0.49558823529411766 0.15555555555555556 0.016176470588235296 0.023529411764705882
2 0.518014705882353 0.1300653594771242 0.015441176470588236 0.040522875816993466
0 0.5459558823529411 0.12549019607843137 0.013970588235294118 0.018300653594771243
0 0.5411764705882353 0.1 0.010294117647058823 0.022222222222222223
3 0.5161764705882353 0.06535947712418301 0.010294117647058823 0.018300653594771243
0 0.54375 0.06339869281045751 0.016911764705882352 0.0196078431372549
0 0.5665441176470588 0.20522875816993463 0.02426470588235294 0.03137254901960784
0 0.5764705882352941 0.22941176470588234 0.025 0.040522875816993466
0 0.6025735294117647 0.3633986928104575 0.03161764705882353 0.054901960784313725
0 0.611764705882353 0.4215686274509804 0.03529411764705882 0.058823529411764705
0 0.6136029411764706 0.48169934640522877 0.0375 0.06666666666666667
0 0.6455882352941177 0.3405228758169935 0.008823529411764706 0.03529411764705882
0 0.7580882352941176 0.3215686274509804 0.041176470588235294 0.06274509803921569
