3 0.3290441176470588 0.4326797385620915 0.04632352941176471 0.11764705882352941
0 0.5029411764705882 0.26405228758169935 0.03235294117647059 0.06535947712418301
3 0.4400735294117647 0.12549019607843137 0.025735294117647058 0.06535947712418301
3 0.5143382352941176 0.4496732026143791 0.04191176470588235 0.09411764705882353
3 0.3628676470588235 0.12941176470588237 0.030147058823529412 0.06013071895424837
1 0.6992647058823529 0.18496732026143792 0.0661764705882353 0.13202614379084968
0 0.825735294117647 0.12810457516339868 0.04411764705882353 0.0392156862745098
0 0.88125 0.20784313725490197 0.05073529411764706 0.0392156862745098
3 0.9522058823529411 0.257516339869281 0.08823529411764706 0.08366013071895424
3 0.700735294117647 0.021568627450980392 0.022058823529411766 0.043137254901960784
1 0.37022058823529413 0.0784313725490196 0.030147058823529412 0.06274509803921569
1 0.26286764705882354 0.12156862745098039 0.03308823529411765 0.05751633986928104
0 0.31066176470588236 0.06339869281045751 0.05367647058823529 0.040522875816993466
0 0.6731617647058824 0.6601307189542484 0.0625 0.13856209150326798
1 0.7301470588235294 0.8084967320261438 0.06323529411764706 0.15816993464052287
0 0.4389705882352941 0.21568627450980393 0.025 0.07058823529411765
0 0.3492647058823529 0.2522875816993464 0.033823529411764704 0.07320261437908497
0 0.36580882352941174 0.1830065359477124 0.03308823529411765 0.05751633986928104
0 0.5150735294117647 0.16339869281045752 0.027205882352941177 0.047058823529411764
0 0.49264705882352944 0.06274509803921569 0.022058823529411766 0.036601307189542485
0 0.5224264705882353 0.03071895424836601 0.019852941176470587 0.03529411764705882
0 0.4801470588235294 0.12091503267973856 0.027941176470588237 0.050980392156862744
