0 0.21470588235294116 0.9267973856209151 0.07058823529411765 0.06013071895424837
0 0.12352941176470589 0.9326797385620915 0.075 0.06666666666666667
0 0.11433823529411764 0.7725490196078432 0.03455882352941177 0.06797385620915032
0 0.02536764705882353 0.8803921568627451 0.05073529411764706 0.06143790849673202
0 0.03051470588235294 0.7169934640522876 0.03897058823529412 0.0718954248366013
0 0.07941176470588235 0.46013071895424834 0.03676470588235294 0.0392156862745098
0 0.052573529411764706 0.3718954248366013 0.019852941176470587 0.043137254901960784
0 0.06286764705882353 0.33725490196078434 0.019852941176470587 0.03137254901960784
0 0.07647058823529412 0.3032679738562091 0.022058823529411766 0.02875816993464052
0 0.1400735294117647 0.34248366013071896 0.021323529411764706 0.03137254901960784
0 0.025 0.3607843137254902 0.025 0.03398692810457516
0 0.03455882352941177 0.3333333333333333 0.020588235294117647 0.03137254901960784
0 0.010294117647058823 0.2522875816993464 0.020588235294117647 0.02091503267973856
0 0.010294117647058823 0.2372549019607843 0.020588235294117647 0.02483660130718954
3 0.014705882352941176 0.2169934640522876 0.026470588235294117 0.02875816993464052
0 0.07904411764705882 0.2457516339869281 0.019852941176470587 0.03398692810457516
3 0.03676470588235294 0.23660130718954248 0.01911764705882353 0.03137254901960784
0 0.06397058823529411 0.20130718954248367 0.01764705882352941 0.023529411764705882
0 0.025 0.20718954248366014 0.030882352941176472 0.0196078431372549
0 0.03676470588235294 0.1954248366013072 0.026470588235294117 0.0196078431372549
3 0.04375 0.17973856209150327 0.028676470588235293 0.02483660130718954
0 0.06066176470588235 0.16470588235294117 0.030147058823529412 0.023529411764705882
0 0.0661764705882353 0.15816993464052287 0.022058823529411766 0.018300653594771243
0 0.07683823529411765 0.13660130718954247 0.021323529411764706 0.01699346405228758
0 0.09522058823529411 0.12156862745098039 0.025735294117647058 0.01568627450980392
0 0.09816176470588235 0.1450980392156863 0.016911764705882352 0.02091503267973856
0 0.11102941176470588 0.13725490196078433 0.016176470588235296 0.01568627450980392
3 0.10772058823529412 0.12679738562091503 0.011029411764705883 0.01568627450980392
3 0.11360294117647059 0.12026143790849673 0.015441176470588236 0.018300653594771243
3 0.1161764705882353 0.1130718954248366 0.011764705882352941 0.01699346405228758
3 0.1036764705882353 0.11045751633986928 0.011764705882352941 0.01699346405228758
0 0.13272058823529412 0.0869281045751634 0.0125 0.0196078431372549
0 0.14191176470588235 0.08169934640522876 0.011764705882352941 0.0196078431372549
0 0.15661764705882353 0.0542483660130719 0.011764705882352941 0.01699346405228758
0 0.18970588235294117 0.11437908496732026 0.011764705882352941 0.01437908496732026
0 0.1761029411764706 0.1450980392156863 0.0125 0.01568627450980392
0 0.15698529411764706 0.19019607843137254 0.013970588235294118 0.01699346405228758
0 0.17536764705882352 0.169281045751634 0.0125 0.022222222222222223
3 0.1963235294117647 0.165359477124183 0.016176470588235296 0.027450980392156862
0 0.2099264705882353 0.06339869281045751 0.009558823529411765 0.01437908496732026
0 0.22389705882352942 0.06339869281045751 0.009558823529411765 0.01437908496732026
0 0.225 0.09869281045751634 0.013235294117647059 0.01437908496732026
0 0.21544117647058825 0.15359477124183007 0.01911764705882353 0.01699346405228758
0 0.21470588235294116 0.1607843137254902 0.016176470588235296 0.013071895424836602
0 0.2213235294117647 0.17124183006535948 0.016176470588235296 0.01568627450980392
0 0.23602941176470588 0.020261437908496733 0.008823529411764706 0.011764705882352941
0 0.2452205882352941 0.00522875816993464 0.006617647058823529 0.01045751633986928
0 0.1610294117647059 0.036601307189542485 0.008823529411764706 0.01045751633986928
0 0.17683823529411766 0.025490196078431372 0.006617647058823529 0.011764705882352941
0 0.18382352941176472 0.01568627450980392 0.007352941176470588 0.01045751633986928
3 0.15808823529411764 0.006535947712418301 0.007352941176470588 0.013071895424836602
0 0.20588235294117646 0.018300653594771243 0.008823529411764706 0.013071895424836602
1 0.22647058823529412 0.03986928104575163 0.01764705882352941 0.040522875816993466
0 0.2665441176470588 0.0196078431372549 0.006617647058823529 0.013071895424836602
0 0.26691176470588235 0.011764705882352941 0.0058823529411764705 0.013071895424836602
3 0.2922794117647059 0.01764705882352941 0.011029411764705883 0.011764705882352941
3 0.2172794117647059 0.19477124183006536 0.019852941176470587 0.02091503267973856
0 0.21176470588235294 0.2065359477124183 0.026470588235294117 0.018300653594771243
0 0.2139705882352941 0.21568627450980393 0.025 0.02091503267973856
3 0.21433823529411763 0.22549019607843138 0.025735294117647058 0.02483660130718954
0 0.1988970588235294 0.23398692810457516 0.025735294117647058 0.02091503267973856
3 0.2172794117647059 0.2372549019607843 0.025735294117647058 0.0196078431372549
3 0.21764705882352942 0.24640522875816995 0.023529411764705882 0.022222222222222223
0 0.18235294117647058 0.24248366013071895 0.013235294117647059 0.022222222222222223
0 0.1889705882352941 0.25947712418300656 0.027941176470588237 0.0196078431372549
0 0.18860294117647058 0.2679738562091503 0.027205882352941177 0.018300653594771243
0 0.18713235294117647 0.2777777777777778 0.025735294117647058 0.01699346405228758
0 0.16029411764705884 0.26862745098039215 0.01764705882352941 0.0196078431372549
0 0.13051470588235295 0.24901960784313726 0.015441176470588236 0.022222222222222223
2 0.14852941176470588 0.23986928104575164 0.023529411764705882 0.043137254901960784
0 0.15955882352941175 0.28888888888888886 0.01764705882352941 0.023529411764705882
0 0.17720588235294119 0.2928104575163399 0.01764705882352941 0.023529411764705882
0 0.1875 0.3058823529411765 0.01911764705882353 0.023529411764705882
0 0.18382352941176472 0.32287581699346407 0.033823529411764704 0.023529411764705882
0 0.17095588235294118 0.3464052287581699 0.025735294117647058 0.02091503267973856
0 0.24963235294117647 0.38496732026143793 0.0375 0.032679738562091505
0 0.27426470588235297 0.46143790849673205 0.045588235294117645 0.02875816993464052
0 0.2636029411764706 0.4366013071895425 0.04338235294117647 0.03137254901960784
0 0.2676470588235294 0.4137254901960784 0.03823529411764706 0.022222222222222223
0 0.28566176470588234 0.3888888888888889 0.025735294117647058 0.032679738562091505
0 0.29448529411764707 0.49019607843137253 0.03897058823529412 0.03398692810457516
0 0.31066176470588236 0.5137254901960784 0.021323529411764706 0.047058823529411764
0 0.32426470588235295 0.41045751633986927 0.033823529411764704 0.02875816993464052
0 0.31286764705882353 0.3784313725490196 0.016911764705882352 0.03529411764705882
0 0.37279411764705883 0.3934640522875817 0.033823529411764704 0.03137254901960784
0 0.37573529411764706 0.4287581699346405 0.039705882352941174 0.036601307189542485
0 0.42720588235294116 0.42091503267973857 0.03235294117647059 0.036601307189542485
0 0.475 0.41830065359477125 0.033823529411764704 0.03137254901960784
3 0.42426470588235293 0.3738562091503268 0.016176470588235296 0.036601307189542485
0 0.47205882352941175 0.369281045751634 0.01764705882352941 0.030065359477124184
0 0.5161764705882353 0.3411764705882353 0.03235294117647059 0.026143790849673203
3 0.5316176470588235 0.3627450980392157 0.023529411764705882 0.03790849673202614
0 0.5610294117647059 0.3954248366013072 0.027941176470588237 0.027450980392156862
0 0.5518382352941177 0.365359477124183 0.022794117647058822 0.032679738562091505
0 0.5683823529411764 0.3588235294117647 0.025 0.032679738562091505
0 0.6349264705882353 0.4013071895424837 0.04191176470588235 0.036601307189542485
0 0.6051470588235294 0.3542483660130719 0.022058823529411766 0.02875816993464052
0 0.6205882352941177 0.3483660130718954 0.01911764705882353 0.030065359477124184
0 0.6073529411764705 0.3215686274509804 0.027941176470588237 0.02091503267973856
3 0.7341911764705882 0.38496732026143793 0.030147058823529412 0.03790849673202614
0 0.6702205882352941 0.3562091503267974 0.03161764705882353 0.030065359477124184
0 0.6772058823529412 0.3477124183006536 0.027941176470588237 0.026143790849673203
0 0.6919117647058823 0.3457516339869281 0.026470588235294117 0.030065359477124184
0 0.7242647058823529 0.34444444444444444 0.020588235294117647 0.032679738562091505
0 0.7242647058823529 0.3281045751633987 0.030882352941176472 0.02875816993464052
3 0.7613970588235294 0.33725490196078434 0.021323529411764706 0.03398692810457516
3 0.7823529411764706 0.37058823529411766 0.030882352941176472 0.03529411764705882
0 0.5378676470588235 0.3326797385620915 0.027205882352941177 0.02483660130718954
0 0.45036764705882354 0.3326797385620915 0.019852941176470587 0.030065359477124184
1 0.17683823529411766 0.761437908496732 0.05220588235294118 0.16862745098039217
0 0.3738970588235294 0.7895424836601307 0.03161764705882353 0.0784313725490196
0 0.41691176470588237 0.7790849673202614 0.03235294117647059 0.08104575163398693
0 0.5198529411764706 0.757516339869281 0.033823529411764704 0.0718954248366013
0 0.555514705882353 0.757516339869281 0.03308823529411765 0.07450980392156863
3 0.6110294117647059 0.7477124183006536 0.030882352941176472 0.06797385620915032
0 0.8772058823529412 0.7875816993464052 0.052941176470588235 0.08235294117647059
0 0.9025735294117647 0.6954248366013072 0.05955882352941176 0.047058823529411764
3 0.9169117647058823 0.6699346405228758 0.04852941176470588 0.043137254901960784
0 0.9352941176470588 0.8705882352941177 0.061764705882352944 0.06274509803921569
3 0.9705882352941176 0.9091503267973856 0.05588235294117647 0.06143790849673202
0 0.9823529411764705 0.7673202614379085 0.03529411764705882 0.07320261437908497
