0 0.8919117647058824 0.8960784313725491 0.17647058823529413 0.20784313725490197
0 0.8022058823529412 0.7019607843137254 0.09117647058823529 0.12810457516339868
0 0.7672794117647059 0.45098039215686275 0.04926470588235294 0.0784313725490196
0 0.7797794117647059 0.29673202614379085 0.06102941176470588 0.047058823529411764
3 0.6077205882352941 0.19019607843137254 0.05073529411764706 0.03790849673202614
0 0.6172794117647059 0.2758169934640523 0.030147058823529412 0.04967320261437908
0 0.6477941176470589 0.2261437908496732 0.023529411764705882 0.04183006535947712
0 0.31727941176470587 0.7764705882352941 0.11544117647058824 0.16732026143790849
0 0.34338235294117647 0.6522875816993464 0.10147058823529412 0.12810457516339868
0 0.4198529411764706 0.25620915032679736 0.027941176470588237 0.047058823529411764
0 0.37463235294117647 0.5725490196078431 0.09779411764705882 0.10457516339869281
0 0.35955882352941176 0.4620915032679739 0.045588235294117645 0.08758169934640522
0 0.3775735294117647 0.39869281045751637 0.03897058823529412 0.07320261437908497
0 0.27389705882352944 0.3660130718954248 0.08308823529411764 0.05751633986928104
0 0.3327205882352941 0.26405228758169935 0.027205882352941177 0.04967320261437908
0 0.37058823529411766 0.2607843137254902 0.03235294117647059 0.048366013071895426
0 0.36580882352941174 0.20326797385620915 0.05661764705882353 0.032679738562091505
0 0.41911764705882354 0.2084967320261438 0.029411764705882353 0.03529411764705882
0 0.4915441176470588 0.16013071895424835 0.01838235294117647 0.027450980392156862
0 0.43529411764705883 0.17908496732026144 0.047058823529411764 0.03398692810457516
0 0.41691176470588237 0.16732026143790849 0.03823529411764706 0.03137254901960784
3 0.4411764705882353 0.1588235294117647 0.03235294117647059 0.032679738562091505
0 0.4404411764705882 0.1437908496732026 0.03676470588235294 0.02875816993464052
3 0.46139705882352944 0.13333333333333333 0.015441176470588236 0.03137254901960784
3 0.44375 0.12352941176470589 0.028676470588235293 0.030065359477124184
2 0.44669117647058826 0.1084967320261438 0.04779411764705882 0.047058823529411764
0 0.46397058823529413 0.08169934640522876 0.011764705882352941 0.01699346405228758
0 0.44779411764705884 0.08627450980392157 0.014705882352941176 0.01568627450980392
0 0.4551470588235294 0.07712418300653595 0.016176470588235296 0.018300653594771243
0 0.4470588235294118 0.08169934640522876 0.010294117647058823 0.01699346405228758
0 0.5294117647058824 0.07581699346405228 0.011764705882352941 0.01568627450980392
0 0.5297794117647059 0.06993464052287582 0.009558823529411765 0.01437908496732026
0 0.4801470588235294 0.030065359477124184 0.0058823529411764705 0.01045751633986928
0 0.4886029411764706 0.038562091503267976 0.006617647058823529 0.011764705882352941
3 0.49779411764705883 0.03594771241830065 0.007352941176470588 0.01437908496732026
0 0.5121323529411764 0.042483660130718956 0.0125 0.011764705882352941
0 0.5257352941176471 0.04771241830065359 0.016176470588235296 0.011764705882352941
0 0.5143382352941176 0.04967320261437908 0.013970588235294118 0.01045751633986928
0 0.518014705882353 0.054901960784313725 0.015441176470588236 0.013071895424836602
0 0.525 0.06339869281045751 0.008823529411764706 0.01437908496732026
0 0.5216911764705883 0.05751633986928104 0.009558823529411765 0.01568627450980392
0 0.5452205882352941 0.10392156862745099 0.013970588235294118 0.0196078431372549
