0 0.4171875 0.7212962962962963 0.09270833333333334 0.12407407407407407
0 0.5380208333333333 0.5777777777777777 0.06979166666666667 0.08148148148148149
0 0.5447916666666667 0.4824074074074074 0.06041666666666667 0.06481481481481481
0 0.6302083333333334 0.462037037037037 0.05416666666666667 0.06481481481481481
0 0.6947916666666667 0.25 0.03333333333333333 0.040740740740740744
0 0.8109375 0.24537037037037038 0.026041666666666668 0.03148148148148148
0 0.7723958333333333 0.19907407407407407 0.021875 0.03148148148148148
0 0.7895833333333333 0.18703703703703703 0.020833333333333332 0.025925925925925925
0 0.8328125 0.22314814814814815 0.026041666666666668 0.03518518518518519
0 0.8125 0.1638888888888889 0.020833333333333332 0.024074074074074074
0 0.84375 0.14074074074074075 0.01875 0.025925925925925925
0 0.8666666666666667 0.18055555555555555 0.020833333333333332 0.024074074074074074
0 0.8765625 0.1685185185185185 0.015625 0.022222222222222223
0 0.8875 0.15925925925925927 0.0125 0.022222222222222223
0 0.8520833333333333 0.13055555555555556 0.014583333333333334 0.024074074074074074
0 0.8994791666666667 0.14351851851851852 0.017708333333333333 0.024074074074074074
0 0.8802083333333334 0.10925925925925926 0.014583333333333334 0.018518518518518517
0 0.8880208333333334 0.10462962962962963 0.011458333333333333 0.016666666666666666
0 0.8932291666666666 0.09351851851851851 0.011458333333333333 0.016666666666666666
0 0.9171875 0.12129629629629629 0.013541666666666667 0.016666666666666666
0 0.9114583333333334 0.13425925925925927 0.010416666666666666 0.016666666666666666
2 0.9317708333333333 0.1 0.019791666666666666 0.02962962962962963
