0 0.7224264705882353 0.43071895424836604 0.0625 0.06143790849673202
0 0.7834558823529412 0.3895424836601307 0.0625 0.06274509803921569
0 0.8698529411764706 0.3588235294117647 0.06764705882352941 0.05359477124183006
0 0.7724264705882353 0.3026143790849673 0.05955882352941176 0.050980392156862744
0 0.2889705882352941 0.7679738562091504 0.08823529411764706 0.13202614379084968
0 0.17536764705882352 0.5895424836601307 0.06102941176470588 0.08627450980392157
0 0.10294117647058823 0.6202614379084967 0.05588235294117647 0.09542483660130718
0 0.33455882352941174 0.9444444444444444 0.14411764705882352 0.1111111111111111
3 0.36580882352941174 0.738562091503268 0.07426470588235294 0.12287581699346405
3 0.25 0.6222222222222222 0.060294117647058824 0.10718954248366012
3 0.11323529411764706 0.738562091503268 0.07352941176470588 0.13594771241830064
3 0.3069852941176471 0.49673202614379086 0.05514705882352941 0.0915032679738562
3 0.1363970588235294 0.4294117647058823 0.04044117647058824 0.08496732026143791
0 0.7106617647058824 0.3431372549019608 0.05808823529411765 0.058823529411764705
0 0.23786764705882352 0.2758169934640523 0.05661764705882353 0.044444444444444446
0 0.30183823529411763 0.2601307189542484 0.05367647058823529 0.047058823529411764
0 0.2691176470588235 0.22156862745098038 0.030882352941176472 0.05620915032679739
1 0.22205882352941175 0.8235294117647058 0.11323529411764706 0.22483660130718955
0 0.6507352941176471 0.369281045751634 0.06323529411764706 0.06143790849673202
0 0.042279411764705885 0.09934640522875816 0.04779411764705882 0.026143790849673203
0 0.05 0.07516339869281045 0.03235294117647059 0.02483660130718954
0 0.07647058823529412 0.06666666666666667 0.023529411764705882 0.02875816993464052
0 0.12205882352941176 0.12941176470588237 0.029411764705882353 0.02875816993464052
0 0.09264705882352942 0.11764705882352941 0.03676470588235294 0.023529411764705882
0 0.13676470588235295 0.1 0.04411764705882353 0.02483660130718954
0 0.14779411764705883 0.06862745098039216 0.03676470588235294 0.02483660130718954
1 0.06544117647058824 0.22483660130718955 0.060294117647058824 0.10457516339869281
3 0.8419117647058824 0.17254901960784313 0.041176470588235294 0.044444444444444446
0 0.8985294117647059 0.2019607843137255 0.05 0.040522875816993466
0 0.8613970588235295 0.20065359477124184 0.04191176470588235 0.0457516339869281
0 0.9841911764705882 0.22156862745098038 0.03161764705882353 0.03529411764705882
0 0.8790441176470588 0.10196078431372549 0.028676470588235293 0.023529411764705882
0 0.8849264705882353 0.06797385620915032 0.027205882352941177 0.023529411764705882
