0 0.8525735294117647 0.27712418300653596 0.0125 0.05228758169934641
0 0.8411764705882353 0.2699346405228758 0.011764705882352941 0.050980392156862744
0 0.8297794117647059 0.22745098039215686 0.06544117647058824 0.044444444444444446
0 0.8121323529411765 0.21176470588235294 0.06102941176470588 0.04183006535947712
0 0.7871323529411764 0.1934640522875817 0.06985294117647059 0.044444444444444446
0 0.7628676470588235 0.17973856209150327 0.06544117647058824 0.040522875816993466
0 0.7455882352941177 0.16470588235294117 0.05588235294117647 0.036601307189542485
0 0.9794117647058823 0.2222222222222222 0.041176470588235294 0.047058823529411764
0 0.9569852941176471 0.20522875816993463 0.05955882352941176 0.04967320261437908
0 0.975 0.17320261437908496 0.05 0.05359477124183006
0 0.9202205882352941 0.19019607843137254 0.05367647058823529 0.043137254901960784
0 0.9466911764705882 0.16797385620915034 0.04779411764705882 0.040522875816993466
0 0.89375 0.1738562091503268 0.05367647058823529 0.044444444444444446
0 0.9150735294117647 0.15098039215686274 0.05367647058823529 0.03790849673202614
0 0.8551470588235294 0.16339869281045752 0.051470588235294115 0.04183006535947712
0 0.8786764705882353 0.1450980392156863 0.05588235294117647 0.036601307189542485
0 0.8595588235294118 0.13333333333333333 0.04852941176470588 0.03137254901960784
0 0.7966911764705882 0.1287581699346405 0.05220588235294118 0.03529411764705882
0 0.8595588235294118 0.11764705882352941 0.047058823529411764 0.03137254901960784
0 0.8757352941176471 0.10784313725490197 0.033823529411764704 0.032679738562091505
0 0.9025735294117647 0.10326797385620914 0.030147058823529412 0.03137254901960784
0 0.9455882352941176 0.10718954248366012 0.027941176470588237 0.03137254901960784
0 0.9838235294117647 0.13137254901960785 0.03235294117647059 0.03529411764705882
0 0.9797794117647058 0.11372549019607843 0.030147058823529412 0.036601307189542485
3 0.13051470588235295 0.0718954248366013 0.019852941176470587 0.04183006535947712
3 0.10036764705882353 0.07058823529411765 0.0375 0.04183006535947712
0 0.16727941176470587 0.08235294117647059 0.04338235294117647 0.03398692810457516
0 0.17647058823529413 0.04771241830065359 0.04264705882352941 0.030065359477124184
3 0.23308823529411765 0.038562091503267976 0.023529411764705882 0.030065359477124184
0 0.23198529411764707 0.02875816993464052 0.021323529411764706 0.018300653594771243
3 0.6544117647058824 0.11895424836601307 0.027941176470588237 0.04183006535947712
1 0.7099264705882353 0.11764705882352941 0.04632352941176471 0.04967320261437908
0 0.7147058823529412 0.09934640522875816 0.03823529411764706 0.03398692810457516
0 0.7397058823529412 0.1 0.030882352941176472 0.030065359477124184
0 0.7669117647058824 0.09869281045751634 0.033823529411764704 0.030065359477124184
0 0.8066176470588236 0.09738562091503268 0.03529411764705882 0.03790849673202614
0 0.8742647058823529 0.020261437908496733 0.01911764705882353 0.022222222222222223
0 0.9455882352941176 0.03594771241830065 0.01911764705882353 0.022222222222222223
0 0.9669117647058824 0.026143790849673203 0.030882352941176472 0.02091503267973856
