0 0.23308823529411765 0.7052287581699347 0.03676470588235294 0.1111111111111111
0 0.4128676470588235 0.7058823529411765 0.03455882352941177 0.09411764705882353
0 0.020955882352941175 0.6568627450980392 0.04191176470588235 0.1084967320261438
0 0.05477941176470588 0.5359477124183006 0.04191176470588235 0.08104575163398693
3 0.10661764705882353 0.3411764705882353 0.030882352941176472 0.06535947712418301
0 0.1386029411764706 0.24640522875816995 0.027205882352941177 0.043137254901960784
0 0.31948529411764703 0.29215686274509806 0.022794117647058822 0.048366013071895426
3 0.47205882352941175 0.44509803921568625 0.04264705882352941 0.06143790849673202
0 0.6988970588235294 0.8777777777777778 0.09338235294117647 0.08496732026143791
0 0.649264705882353 0.5424836601307189 0.052941176470588235 0.04967320261437908
0 0.6099264705882353 0.2934640522875817 0.05073529411764706 0.040522875816993466
0 0.5477941176470589 0.23790849673202613 0.051470588235294115 0.03398692810457516
1 0.5625 0.19477124183006536 0.07205882352941176 0.05751633986928104
3 0.5272058823529412 0.05228758169934641 0.030882352941176472 0.023529411764705882
3 0.48676470588235293 0.0542483660130719 0.027941176470588237 0.027450980392156862
0 0.4742647058823529 0.02483660130718954 0.033823529411764704 0.018300653594771243
1 0.34044117647058825 0.05555555555555555 0.01911764705882353 0.043137254901960784
0 0.2974264705882353 0.011764705882352941 0.013970588235294118 0.023529411764705882
1 0.1922794117647059 0.032679738562091505 0.030147058823529412 0.06535947712418301
3 0.8341911764705883 0.27058823529411763 0.03897058823529412 0.04967320261437908
0 0.9371323529411765 0.1954248366013072 0.04338235294117647 0.032679738562091505
0 0.8136029411764706 0.16797385620915034 0.03161764705882353 0.030065359477124184
0 0.8558823529411764 0.16666666666666666 0.041176470588235294 0.030065359477124184
3 0.8753676470588235 0.19738562091503267 0.04191176470588235 0.036601307189542485
0 0.9213235294117647 0.1627450980392157 0.039705882352941174 0.027450980392156862
3 0.9919117647058824 0.15098039215686274 0.016176470588235296 0.032679738562091505
