0 0.06654411764705882 0.5084967320261438 0.04632352941176471 0.08104575163398693
0 0.3099264705882353 0.6954248366013072 0.03602941176470588 0.09934640522875816
0 0.5441176470588235 0.6503267973856209 0.03676470588235294 0.09019607843137255
0 0.7279411764705882 0.6516339869281046 0.075 0.06405228758169934
0 0.4768382352941177 0.4418300653594771 0.027205882352941177 0.06013071895424837
0 0.35625 0.034640522875816995 0.013970588235294118 0.022222222222222223
0 0.6323529411764706 0.5281045751633987 0.075 0.05751633986928104
0 0.5985294117647059 0.19869281045751633 0.05 0.03398692810457516
0 0.5452205882352941 0.1980392156862745 0.04485294117647059 0.03529411764705882
0 0.5419117647058823 0.1522875816993464 0.03235294117647059 0.02483660130718954
1 0.37683823529411764 0.011111111111111112 0.015441176470588236 0.022222222222222223
1 0.19375 0.14640522875816994 0.03897058823529412 0.09673202614379085
3 0.2775735294117647 0.34248366013071896 0.027205882352941177 0.06797385620915032
1 0.6544117647058824 0.4549019607843137 0.10294117647058823 0.08104575163398693
