3 0.3551470588235294 0.8450980392156863 0.013235294117647059 0.03790849673202614
3 0.2761029411764706 0.8836601307189542 0.05514705882352941 0.04967320261437908
0 0.29301470588235295 0.8418300653594771 0.04191176470588235 0.04183006535947712
1 0.34852941176470587 0.7516339869281046 0.020588235294117647 0.047058823529411764
0 0.5341911764705882 0.765359477124183 0.03161764705882353 0.030065359477124184
0 0.5727941176470588 0.7699346405228759 0.029411764705882353 0.03137254901960784
0 0.4658088235294118 0.6647058823529411 0.0125 0.02483660130718954
0 0.49522058823529413 0.6183006535947713 0.025735294117647058 0.018300653594771243
0 0.49301470588235297 0.5973856209150327 0.02426470588235294 0.018300653594771243
0 0.49411764705882355 0.6104575163398693 0.022058823529411766 0.01568627450980392
0 0.5294117647058824 0.5830065359477125 0.022058823529411766 0.01568627450980392
0 0.5139705882352941 0.5732026143790849 0.022058823529411766 0.01699346405228758
0 0.4051470588235294 0.6764705882352942 0.011764705882352941 0.02483660130718954
0 0.3720588235294118 0.6692810457516339 0.014705882352941176 0.02091503267973856
0 0.3801470588235294 0.6235294117647059 0.010294117647058823 0.02091503267973856
0 0.3764705882352941 0.5784313725490197 0.023529411764705882 0.01699346405228758
0 0.3985294117647059 0.5660130718954248 0.008823529411764706 0.018300653594771243
0 0.4650735294117647 0.5326797385620915 0.006617647058823529 0.0196078431372549
0 0.4073529411764706 0.5274509803921569 0.008823529411764706 0.01437908496732026
3 0.41102941176470587 0.5163398692810458 0.007352941176470588 0.018300653594771243
0 0.3985294117647059 0.5117647058823529 0.01764705882352941 0.011764705882352941
3 0.42463235294117646 0.4934640522875817 0.011029411764705883 0.01437908496732026
0 0.4455882352941177 0.5032679738562091 0.008823529411764706 0.01568627450980392
0 0.4073529411764706 0.4934640522875817 0.016176470588235296 0.011764705882352941
0 0.49264705882352944 0.46862745098039216 0.014705882352941176 0.009150326797385621
0 0.5073529411764706 0.46862745098039216 0.008823529411764706 0.011764705882352941
0 0.4632352941176471 0.492156862745098 0.008823529411764706 0.011764705882352941
0 0.4224264705882353 0.41633986928104577 0.005147058823529412 0.006535947712418301
0 0.4334558823529412 0.4143790849673203 0.005147058823529412 0.00784313725490196
0 0.4455882352941177 0.42026143790849674 0.0058823529411764705 0.009150326797385621
0 0.4455882352941177 0.4143790849673203 0.004411764705882353 0.00784313725490196
0 0.45294117647058824 0.4130718954248366 0.004411764705882353 0.00784313725490196
0 0.45625 0.4300653594771242 0.005147058823529412 0.00784313725490196
0 0.425 0.43529411764705883 0.0058823529411764705 0.01045751633986928
0 0.41948529411764707 0.4444444444444444 0.011029411764705883 0.01045751633986928
0 0.41911764705882354 0.46013071895424834 0.0058823529411764705 0.01045751633986928
0 0.4636029411764706 0.4725490196078431 0.006617647058823529 0.011764705882352941
0 0.44080882352941175 0.39673202614379083 0.003676470588235294 0.00392156862745098
0 0.4338235294117647 0.40065359477124185 0.004411764705882353 0.006535947712418301
0 0.4297794117647059 0.3758169934640523 0.003676470588235294 0.006535947712418301
0 0.4290441176470588 0.36797385620915035 0.003676470588235294 0.00392156862745098
3 0.43308823529411766 0.39281045751633986 0.0029411764705882353 0.009150326797385621
3 0.45036764705882354 0.39019607843137255 0.003676470588235294 0.009150326797385621
0 0.48051470588235295 0.44640522875816996 0.011029411764705883 0.009150326797385621
0 0.48051470588235295 0.4326797385620915 0.008088235294117648 0.00522875816993464
