0 0.03602941176470588 0.8209150326797385 0.07205882352941176 0.15163398692810456
0 0.1547794117647059 0.48169934640522877 0.05514705882352941 0.06666666666666667
0 0.24963235294117647 0.3254901960784314 0.04926470588235294 0.036601307189542485
0 0.2566176470588235 0.30980392156862746 0.051470588235294115 0.02875816993464052
0 0.2647058823529412 0.29673202614379085 0.04264705882352941 0.02875816993464052
0 0.33088235294117646 0.28169934640522876 0.01911764705882353 0.030065359477124184
0 0.4172794117647059 0.25620915032679736 0.01838235294117647 0.03137254901960784
0 0.47941176470588237 0.2045751633986928 0.025 0.027450980392156862
0 0.44669117647058826 0.165359477124183 0.0125 0.0196078431372549
0 0.4716911764705882 0.10326797385620914 0.009558823529411765 0.013071895424836602
3 0.4944852941176471 0.09542483660130718 0.008088235294117648 0.01568627450980392
0 0.606985294117647 0.3660130718954248 0.025735294117647058 0.036601307189542485
0 0.5985294117647059 0.3300653594771242 0.025 0.048366013071895426
0 0.9459558823529411 0.9300653594771242 0.10808823529411765 0.10065359477124183
3 0.7775735294117647 0.7261437908496732 0.05514705882352941 0.09803921568627451
0 0.7386029411764706 0.6163398692810458 0.05220588235294118 0.10326797385620914
0 0.7209558823529412 0.4392156862745098 0.05955882352941176 0.04967320261437908
0 0.7238970588235294 0.38496732026143793 0.04926470588235294 0.03790849673202614
0 0.6977941176470588 0.34705882352941175 0.05588235294117647 0.040522875816993466
0 0.6584558823529412 0.24052287581699347 0.03455882352941177 0.02875816993464052
1 0.23125 0.21372549019607842 0.04191176470588235 0.02483660130718954
0 0.2161764705882353 0.2235294117647059 0.03823529411764706 0.02091503267973856
0 0.21029411764705883 0.23137254901960785 0.03823529411764706 0.026143790849673203
0 0.19852941176470587 0.24640522875816995 0.03676470588235294 0.02483660130718954
0 0.23345588235294118 0.20718954248366014 0.03455882352941177 0.0196078431372549
0 0.4904411764705882 0.056862745098039215 0.013235294117647059 0.009150326797385621
0 0.5191176470588236 0.04967320261437908 0.0058823529411764705 0.01045751633986928
0 0.5577205882352941 0.0457516339869281 0.005147058823529412 0.01045751633986928
0 0.5625 0.048366013071895426 0.004411764705882353 0.00784313725490196
0 0.5904411764705882 0.07320261437908497 0.01764705882352941 0.013071895424836602
0 0.6011029411764706 0.07320261437908497 0.013970588235294118 0.013071895424836602
0 0.5051470588235294 0.054901960784313725 0.010294117647058823 0.01045751633986928
0 0.49558823529411766 0.04183006535947712 0.0058823529411764705 0.01045751633986928
0 0.5084558823529411 0.048366013071895426 0.008088235294117648 0.00784313725490196
0 0.4753676470588235 0.03529411764705882 0.006617647058823529 0.01045751633986928
0 0.47610294117647056 0.04771241830065359 0.009558823529411765 0.009150326797385621
