1 0.41901041666666666 0.8328703703703704 0.1359375 0.2657407407407407
0 0.46822916666666664 0.6217592592592592 0.04583333333333333 0.06018518518518518
0 0.44895833333333335 0.48657407407407405 0.035416666666666666 0.03796296296296296
0 0.32395833333333335 0.5291666666666667 0.03125 0.05462962962962963
0 0.28463541666666664 0.29444444444444445 0.016145833333333335 0.020370370370370372
0 0.3067708333333333 0.33425925925925926 0.01875 0.027777777777777776
1 0.2942708333333333 0.2712962962962963 0.017708333333333333 0.02962962962962963
3 0.2859375 0.2657407407407407 0.013541666666666667 0.020370370370370372
1 0.2825520833333333 0.25324074074074077 0.018229166666666668 0.03425925925925926
1 0.2591145833333333 0.23472222222222222 0.013020833333333334 0.019444444444444445
0 0.24765625 0.23703703703703705 0.011979166666666667 0.012962962962962963
0 0.25442708333333336 0.2300925925925926 0.009895833333333333 0.013888888888888888
1 0.24583333333333332 0.2537037037037037 0.01875 0.03148148148148148
1 0.23984375 0.21157407407407408 0.011979166666666667 0.019444444444444445
3 0.18515625 0.19953703703703704 0.008854166666666666 0.01574074074074074
0 0.22213541666666667 0.20555555555555555 0.0067708333333333336 0.014814814814814815
1 0.7619791666666667 0.37222222222222223 0.03229166666666667 0.03518518518518519
1 0.61640625 0.45046296296296295 0.050520833333333334 0.05277777777777778
1 0.5440104166666667 0.2712962962962963 0.0328125 0.02962962962962963
1 0.5307291666666667 0.2638888888888889 0.029166666666666667 0.022222222222222223
1 0.48072916666666665 0.3388888888888889 0.057291666666666664 0.05555555555555555
1 0.365625 0.225 0.01875 0.018518518518518517
0 0.38203125 0.2439814814814815 0.015104166666666667 0.01574074074074074
3 0.4015625 0.26805555555555555 0.011458333333333333 0.017592592592592594
0 0.3966145833333333 0.24351851851851852 0.015104166666666667 0.014814814814814815
