0 0.2772058823529412 0.9790849673202614 0.16029411764705884 0.04183006535947712
0 0.5113970588235294 0.9797385620915032 0.17279411764705882 0.040522875816993466
0 0.8360294117647059 0.9797385620915032 0.18823529411764706 0.040522875816993466
3 0.04191176470588235 0.7607843137254902 0.0838235294117647 0.24836601307189543
0 0.14338235294117646 0.7888888888888889 0.08235294117647059 0.23398692810457516
0 0.5297794117647059 0.7137254901960784 0.08161764705882353 0.25620915032679736
0 0.6356617647058823 0.7196078431372549 0.08161764705882353 0.22091503267973855
0 0.7334558823529411 0.7431372549019608 0.08897058823529412 0.21568627450980393
0 0.8330882352941177 0.7176470588235294 0.10735294117647058 0.2169934640522876
0 0.9209558823529411 0.7261437908496732 0.11838235294117647 0.2130718954248366
0 0.02610294117647059 0.33790849673202616 0.05220588235294118 0.08758169934640522
0 0.10147058823529412 0.3607843137254902 0.07058823529411765 0.0915032679738562
0 0.17463235294117646 0.3784313725490196 0.06397058823529411 0.11633986928104575
0 0.23933823529411766 0.3712418300653595 0.05808823529411765 0.09934640522875816
0 0.3261029411764706 0.36209150326797385 0.04779411764705882 0.09934640522875816
0 0.39448529411764705 0.36666666666666664 0.04632352941176471 0.09019607843137255
0 0.45698529411764705 0.36666666666666664 0.04632352941176471 0.09019607843137255
0 0.50625 0.3660130718954248 0.04632352941176471 0.0915032679738562
0 0.5533088235294118 0.35751633986928105 0.04632352941176471 0.09019607843137255
0 0.6084558823529411 0.36666666666666664 0.04191176470588235 0.08235294117647059
0 0.6705882352941176 0.36405228758169933 0.052941176470588235 0.08758169934640522
0 0.7308823529411764 0.3562091503267974 0.06911764705882353 0.08758169934640522
