0 0.8606617647058824 0.3509803921568627 0.04779411764705882 0.040522875816993466
0 0.888235294117647 0.4875816993464052 0.052941176470588235 0.04183006535947712
0 0.9639705882352941 0.4869281045751634 0.05 0.040522875816993466
0 0.875 0.5856209150326798 0.051470588235294115 0.0392156862745098
3 0.8132352941176471 0.48366013071895425 0.06323529411764706 0.04183006535947712
0 0.6470588235294118 0.42091503267973857 0.052941176470588235 0.04183006535947712
0 0.5485294117647059 0.36013071895424836 0.05 0.0457516339869281
0 0.5238970588235294 0.4084967320261438 0.05808823529411765 0.0457516339869281
0 0.43566176470588236 0.4013071895424837 0.05073529411764706 0.04183006535947712
0 0.30772058823529413 0.4091503267973856 0.05073529411764706 0.04183006535947712
0 0.32536764705882354 0.7320261437908496 0.04926470588235294 0.07058823529411765
0 0.4 0.9313725490196079 0.022058823529411766 0.09803921568627451
0 0.13970588235294118 0.6745098039215687 0.058823529411764705 0.044444444444444446
0 0.18161764705882352 0.6104575163398693 0.04852941176470588 0.0392156862745098
0 0.05955882352941176 0.6084967320261437 0.05588235294117647 0.03790849673202614
0 0.22242647058823528 0.4830065359477124 0.05220588235294118 0.040522875816993466
3 0.21801470588235294 0.4013071895424837 0.04779411764705882 0.036601307189542485
3 0.16323529411764706 0.47581699346405226 0.04852941176470588 0.0392156862745098
0 0.08125 0.4803921568627451 0.05808823529411765 0.043137254901960784
0 0.1411764705882353 0.3993464052287582 0.05 0.040522875816993466
0 0.03529411764705882 0.3954248366013072 0.051470588235294115 0.043137254901960784
