0 0.8135416666666667 0.3625 0.034375 0.03425925925925926
0 0.8283854166666667 0.31805555555555554 0.0328125 0.030555555555555555
0 0.39557291666666666 0.9013888888888889 0.0859375 0.12685185185185185
3 0.32395833333333335 0.7967592592592593 0.08333333333333333 0.125
3 0.14322916666666666 0.9115740740740741 0.11145833333333334 0.13240740740740742
0 0.15494791666666666 0.9625 0.13489583333333333 0.06944444444444445
0 0.4825520833333333 0.9717592592592592 0.1046875 0.05648148148148148
1 0.2625 0.6449074074074074 0.07395833333333333 0.0824074074074074
0 0.029427083333333333 0.47314814814814815 0.030729166666666665 0.046296296296296294
3 0.022916666666666665 0.2175925925925926 0.035416666666666666 0.025925925925925925
3 0.4890625 0.5282407407407408 0.05416666666666667 0.08055555555555556
