3 0.48308823529411765 0.11372549019607843 0.030882352941176472 0.05751633986928104
0 0.2485294117647059 0.02091503267973856 0.03676470588235294 0.02875816993464052
0 0.17536764705882352 0.020261437908496733 0.03897058823529412 0.030065359477124184
0 0.20147058823529412 0.03529411764705882 0.03823529411764706 0.0392156862745098
0 0.16323529411764706 0.0542483660130719 0.04852941176470588 0.032679738562091505
0 0.08676470588235294 0.04967320261437908 0.03823529411764706 0.03398692810457516
0 0.057352941176470586 0.02287581699346405 0.04411764705882353 0.040522875816993466
0 0.01801470588235294 0.041176470588235294 0.03602941176470588 0.032679738562091505
3 0.03051470588235294 0.09607843137254903 0.05367647058823529 0.048366013071895426
3 0.12463235294117647 0.07973856209150326 0.04926470588235294 0.05228758169934641
3 0.01948529411764706 0.13986928104575164 0.03897058823529412 0.054901960784313725
0 0.027573529411764705 0.1287581699346405 0.04926470588235294 0.0457516339869281
3 0.07389705882352941 0.11045751633986928 0.05955882352941176 0.048366013071895426
