0 0.4224264705882353 0.5065359477124183 0.04338235294117647 0.10588235294117647
0 0.49926470588235294 0.4444444444444444 0.03823529411764706 0.07320261437908497
0 0.3110294117647059 0.36993464052287583 0.05588235294117647 0.07058823529411765
0 0.3830882352941177 0.307843137254902 0.029411764705882353 0.06666666666666667
0 0.40588235294117647 0.2372549019607843 0.029411764705882353 0.0457516339869281
0 0.4047794117647059 0.2084967320261438 0.022794117647058822 0.032679738562091505
0 0.0375 0.6176470588235294 0.075 0.08758169934640522
0 0.06875 0.4888888888888889 0.10661764705882353 0.07058823529411765
0 0.08713235294117647 0.4549019607843137 0.09632352941176471 0.06797385620915032
0 0.11139705882352942 0.42026143790849674 0.07426470588235294 0.07973856209150326
0 0.14227941176470588 0.3843137254901961 0.07573529411764705 0.06535947712418301
0 0.15588235294117647 0.3581699346405229 0.07205882352941176 0.07058823529411765
0 0.18161764705882352 0.3254901960784314 0.07352941176470588 0.06013071895424837
0 0.18786764705882353 0.3065359477124183 0.06397058823529411 0.050980392156862744
0 0.1875 0.2777777777777778 0.0661764705882353 0.05620915032679739
0 0.21360294117647058 0.26143790849673204 0.06397058823529411 0.04967320261437908
3 0.04264705882352941 0.24705882352941178 0.058823529411764705 0.04967320261437908
0 0.06911764705882353 0.22026143790849673 0.06323529411764706 0.040522875816993466
0 0.10330882352941176 0.2045751633986928 0.05220588235294118 0.03529411764705882
0 0.11102941176470588 0.1954248366013072 0.03676470588235294 0.03790849673202614
3 0.13088235294117648 0.165359477124183 0.04852941176470588 0.040522875816993466
0 0.14779411764705883 0.1568627450980392 0.041176470588235294 0.036601307189542485
0 0.15330882352941178 0.1392156862745098 0.04485294117647059 0.032679738562091505
3 0.18676470588235294 0.07254901960784314 0.020588235294117647 0.032679738562091505
0 0.22279411764705884 0.07777777777777778 0.023529411764705882 0.030065359477124184
3 0.2426470588235294 0.12287581699346405 0.01911764705882353 0.0392156862745098
0 0.4360294117647059 0.10196078431372549 0.01764705882352941 0.026143790849673203
1 0.4360294117647059 0.07516339869281045 0.014705882352941176 0.027450980392156862
0 0.4900735294117647 0.03398692810457516 0.011029411764705883 0.018300653594771243
0 0.5095588235294117 0.040522875816993466 0.013235294117647059 0.01568627450980392
3 0.4886029411764706 0.01437908496732026 0.009558823529411765 0.02091503267973856
0 0.45183823529411765 0.015032679738562092 0.011029411764705883 0.01699346405228758
0 0.5128676470588235 0.024183006535947713 0.009558823529411765 0.01699346405228758
