0 0.3588235294117647 0.5065359477124183 0.051470588235294115 0.07450980392156863
0 0.39742647058823527 0.5633986928104575 0.05514705882352941 0.08366013071895424
0 0.5746323529411764 0.5254901960784314 0.04485294117647059 0.06797385620915032
0 0.5176470588235295 0.396078431372549 0.025 0.036601307189542485
0 0.4849264705882353 0.3065359477124183 0.013970588235294118 0.027450980392156862
0 0.51875 0.3196078431372549 0.013970588235294118 0.027450980392156862
0 0.5272058823529412 0.3535947712418301 0.01764705882352941 0.032679738562091505
0 0.8441176470588235 0.477124183006536 0.06323529411764706 0.06274509803921569
3 0.03676470588235294 0.7601307189542483 0.07352941176470588 0.1503267973856209
1 0.7095588235294118 0.5143790849673202 0.051470588235294115 0.08758169934640522
1 0.5209558823529412 0.2901960784313726 0.015441176470588236 0.03137254901960784
0 0.71875 0.365359477124183 0.019852941176470587 0.022222222222222223
0 0.2051470588235294 0.37254901960784315 0.061764705882352944 0.036601307189542485
0 0.22242647058823528 0.35947712418300654 0.05955882352941176 0.03398692810457516
3 0.24669117647058825 0.3431372549019608 0.03455882352941177 0.027450980392156862
3 0.11470588235294117 0.4411764705882353 0.07205882352941176 0.03790849673202614
0 0.48970588235294116 0.27712418300653596 0.010294117647058823 0.023529411764705882
0 0.2852941176470588 0.3176470588235294 0.01764705882352941 0.03137254901960784
0 0.30625 0.3150326797385621 0.02426470588235294 0.03398692810457516
0 0.3738970588235294 0.27908496732026145 0.021323529411764706 0.0196078431372549
0 0.35955882352941176 0.2477124183006536 0.016176470588235296 0.02483660130718954
3 0.6867647058823529 0.32679738562091504 0.01764705882352941 0.03398692810457516
1 0.6625 0.3130718954248366 0.026470588235294117 0.03529411764705882
