0 0.8408088235294118 0.8830065359477124 0.12573529411764706 0.13986928104575164
0 0.7091911764705883 0.6490196078431373 0.11985294117647059 0.09281045751633987
0 0.6716911764705882 0.5405228758169934 0.10220588235294117 0.07973856209150326
0 0.5823529411764706 0.5973856209150327 0.058823529411764705 0.12287581699346405
0 0.4919117647058823 0.6026143790849673 0.047058823529411764 0.10457516339869281
0 0.6577205882352941 0.469281045751634 0.09338235294117647 0.07320261437908497
0 0.5977941176470588 0.34248366013071896 0.06470588235294118 0.06013071895424837
0 0.5893382352941177 0.2954248366013072 0.06544117647058824 0.05228758169934641
0 0.5566176470588236 0.21437908496732025 0.047058823529411764 0.044444444444444446
0 0.5477941176470589 0.18169934640522875 0.057352941176470586 0.0392156862745098
0 0.5334558823529412 0.15490196078431373 0.05220588235294118 0.03790849673202614
0 0.5691176470588235 0.12222222222222222 0.026470588235294117 0.043137254901960784
0 0.39338235294117646 0.3084967320261438 0.03235294117647059 0.06797385620915032
0 0.29448529411764707 0.37712418300653594 0.04485294117647059 0.09542483660130718
0 0.27941176470588236 0.1607843137254902 0.05588235294117647 0.04183006535947712
0 0.3003676470588235 0.1411764705882353 0.05367647058823529 0.0392156862745098
0 0.5158088235294118 0.13398692810457516 0.0375 0.030065359477124184
0 0.4253676470588235 0.17516339869281045 0.02426470588235294 0.044444444444444446
3 0.47757352941176473 0.134640522875817 0.019852941176470587 0.044444444444444446
0 0.4415441176470588 0.11568627450980393 0.022794117647058822 0.032679738562091505
3 0.38823529411764707 0.12418300653594772 0.01911764705882353 0.04967320261437908
0 0.37169117647058825 0.05947712418300653 0.01838235294117647 0.032679738562091505
0 0.41507352941176473 0.01764705882352941 0.013970588235294118 0.022222222222222223
0 0.4176470588235294 0.06209150326797386 0.01764705882352941 0.030065359477124184
0 0.4235294117647059 0.038562091503267976 0.016176470588235296 0.027450980392156862
3 0.45588235294117646 0.02875816993464052 0.01764705882352941 0.03137254901960784
0 0.49816176470588236 0.07973856209150326 0.03455882352941177 0.03137254901960784
