0 0.4827205882352941 0.00522875816993464 0.008088235294117648 0.01045751633986928
0 0.46911764705882353 0.01764705882352941 0.011764705882352941 0.01437908496732026
0 0.46433823529411766 0.14705882352941177 0.015441176470588236 0.027450980392156862
0 0.49117647058823527 0.10326797385620914 0.013235294117647059 0.026143790849673203
0 0.48566176470588235 0.06405228758169934 0.011029411764705883 0.02091503267973856
1 0.48051470588235295 0.049019607843137254 0.009558823529411765 0.022222222222222223
3 0.49375 0.04183006535947712 0.008088235294117648 0.02091503267973856
0 0.43529411764705883 0.09607843137254903 0.014705882352941176 0.027450980392156862
0 0.43014705882352944 0.12091503267973856 0.013235294117647059 0.022222222222222223
0 0.4264705882352941 0.15620915032679739 0.01764705882352941 0.027450980392156862
0 0.41801470588235295 0.17647058823529413 0.016911764705882352 0.03137254901960784
0 0.4294117647058823 0.19869281045751633 0.020588235294117647 0.03398692810457516
0 0.5261029411764706 0.0392156862745098 0.011029411764705883 0.01568627450980392
3 0.5216911764705883 0.027450980392156862 0.009558823529411765 0.02091503267973856
0 0.5235294117647059 0.09084967320261438 0.013235294117647059 0.02483660130718954
0 0.5283088235294118 0.12287581699346405 0.015441176470588236 0.023529411764705882
0 0.5352941176470588 0.14052287581699346 0.01764705882352941 0.02483660130718954
0 0.5352941176470588 0.15359477124183007 0.027941176470588237 0.022222222222222223
0 0.5397058823529411 0.17124183006535948 0.01764705882352941 0.02875816993464052
0 0.5488970588235295 0.20784313725490197 0.021323529411764706 0.03137254901960784
0 0.5415441176470588 0.2372549019607843 0.01838235294117647 0.03529411764705882
0 0.4 0.22026143790849673 0.04411764705882353 0.027450980392156862
0 0.4158088235294118 0.25882352941176473 0.021323529411764706 0.04183006535947712
0 0.4102941176470588 0.2954248366013072 0.025 0.047058823529411764
0 0.44632352941176473 0.296078431372549 0.025 0.0457516339869281
0 0.3845588235294118 0.3437908496732026 0.026470588235294117 0.054901960784313725
0 0.3477941176470588 0.37450980392156863 0.06764705882352941 0.043137254901960784
0 0.36580882352941174 0.4928104575163399 0.03897058823529412 0.09411764705882353
0 0.5536764705882353 0.6405228758169934 0.04411764705882353 0.09411764705882353
0 0.4441176470588235 0.6764705882352942 0.039705882352941174 0.10588235294117647
0 0.4452205882352941 0.8281045751633986 0.04779411764705882 0.1477124183006536
