0 0.2801470588235294 0.16209150326797386 0.039705882352941174 0.036601307189542485
1 0.5503676470588236 0.6784313725490196 0.08308823529411764 0.23529411764705882
0 0.9161764705882353 0.7751633986928105 0.04411764705882353 0.10980392156862745
0 0.8959558823529412 0.330718954248366 0.025735294117647058 0.047058823529411764
0 0.9588235294117647 0.3568627450980392 0.026470588235294117 0.054901960784313725
0 0.8893382352941176 0.18888888888888888 0.021323529411764706 0.03529411764705882
3 0.9474264705882353 0.19477124183006536 0.01838235294117647 0.0392156862745098
0 0.8496323529411764 0.054901960784313725 0.015441176470588236 0.023529411764705882
3 0.9533088235294118 0.09869281045751634 0.015441176470588236 0.030065359477124184
3 0.955514705882353 0.06666666666666667 0.013970588235294118 0.023529411764705882
3 0.9580882352941177 0.027450980392156862 0.011764705882352941 0.023529411764705882
0 0.8783088235294118 0.02679738562091503 0.02426470588235294 0.01437908496732026
0 0.8283088235294118 0.028104575163398694 0.016911764705882352 0.01437908496732026
3 0.75 0.01699346405228758 0.026470588235294117 0.023529411764705882
0 0.8029411764705883 0.023529411764705882 0.023529411764705882 0.01568627450980392
0 0.8117647058823529 0.02287581699346405 0.01911764705882353 0.01699346405228758
0 0.8066176470588236 0.01437908496732026 0.01911764705882353 0.018300653594771243
0 0.8165441176470588 0.0058823529411764705 0.022794117647058822 0.011764705882352941
