0 0.6003676470588235 0.9647058823529412 0.0625 0.07058823529411765
0 0.27647058823529413 0.8679738562091504 0.08676470588235294 0.19607843137254902
0 0.33455882352941174 0.6222222222222222 0.057352941176470586 0.14640522875816994
0 0.05183823529411765 0.7581699346405228 0.09485294117647058 0.12810457516339868
0 0.10404411764705883 0.6254901960784314 0.08308823529411764 0.12418300653594772
0 0.15625 0.5372549019607843 0.0625 0.10457516339869281
0 0.4875 0.17712418300653596 0.01911764705882353 0.032679738562091505
0 0.6404411764705882 0.2908496732026144 0.025 0.0457516339869281
0 0.5996323529411764 0.17973856209150327 0.016911764705882352 0.030065359477124184
0 0.5669117647058823 0.0915032679738562 0.011764705882352941 0.02091503267973856
0 0.5110294117647058 0.056862745098039215 0.010294117647058823 0.01699346405228758
0 0.5095588235294117 0.04183006535947712 0.008823529411764706 0.01568627450980392
0 0.5455882352941176 0.03529411764705882 0.011764705882352941 0.01568627450980392
0 0.5544117647058824 0.05751633986928104 0.011764705882352941 0.01568627450980392
0 0.5404411764705882 0.021568627450980392 0.008823529411764706 0.01437908496732026
0 0.4827205882352941 0.00718954248366013 0.008088235294117648 0.01437908496732026
0 0.4011029411764706 0.0392156862745098 0.011029411764705883 0.01568627450980392
0 0.40404411764705883 0.03071895424836601 0.009558823529411765 0.01437908496732026
3 0.580514705882353 0.11895424836601307 0.016911764705882352 0.02875816993464052
0 0.5816176470588236 0.13594771241830064 0.01764705882352941 0.02875816993464052
0 0.6055147058823529 0.14183006535947712 0.02426470588235294 0.027450980392156862
0 0.6786764705882353 0.3790849673202614 0.041176470588235294 0.05751633986928104
