0 0.5801470588235295 0.9313725490196079 0.11470588235294117 0.11633986928104575
0 0.18345588235294116 0.8490196078431372 0.06397058823529411 0.1895424836601307
0 0.06066176470588235 0.4241830065359477 0.04338235294117647 0.10326797385620914
1 0.33786764705882355 0.35228758169934643 0.05073529411764706 0.12418300653594772
3 0.3400735294117647 0.2130718954248366 0.06102941176470588 0.06797385620915032
0 0.31029411764705883 0.17908496732026144 0.04411764705882353 0.06274509803921569
3 0.28455882352941175 0.15098039215686274 0.04411764705882353 0.06405228758169934
3 0.015808823529411764 0.20915032679738563 0.03161764705882353 0.08888888888888889
0 0.9143382352941176 0.7686274509803922 0.07867647058823529 0.08366013071895424
0 0.725735294117647 0.6281045751633987 0.08088235294117647 0.09019607843137255
0 0.7172794117647059 0.24705882352941178 0.04485294117647059 0.08366013071895424
0 0.7636029411764705 0.24901960784313726 0.0625 0.0718954248366013
0 0.8363970588235294 0.29934640522875816 0.0713235294117647 0.06274509803921569
3 0.8613970588235295 0.20784313725490197 0.06691176470588235 0.07058823529411765
1 0.6757352941176471 0.5274509803921569 0.1264705882352941 0.1477124183006536
3 0.6610294117647059 0.4568627450980392 0.07058823529411765 0.08758169934640522
3 0.7466911764705882 0.4111111111111111 0.08897058823529412 0.09542483660130718
3 0.7790441176470588 0.49869281045751634 0.07279411764705883 0.08758169934640522
3 0.8474264705882353 0.3803921568627451 0.08602941176470588 0.09411764705882353
0 0.825735294117647 0.5954248366013072 0.09264705882352942 0.08496732026143791
0 0.8863970588235294 0.45816993464052286 0.07867647058823529 0.0718954248366013
0 0.975 0.42287581699346405 0.05 0.06928104575163399
3 0.9198529411764705 0.5444444444444444 0.07794117647058824 0.08758169934640522
0 0.9801470588235294 0.5169934640522876 0.039705882352941174 0.0718954248366013
3 0.9301470588235294 0.27712418300653596 0.06764705882352941 0.07058823529411765
