0 0.6139705882352942 0.9366013071895425 0.051470588235294115 0.12156862745098039
0 0.5430147058823529 0.9326797385620915 0.04485294117647059 0.12418300653594772
0 0.5790441176470589 0.757516339869281 0.04191176470588235 0.09803921568627451
0 0.5625 0.6679738562091503 0.058823529411764705 0.06535947712418301
0 0.544485294117647 0.6013071895424836 0.04191176470588235 0.06535947712418301
0 0.46948529411764706 0.5941176470588235 0.03161764705882353 0.06405228758169934
3 0.3238970588235294 0.5980392156862745 0.0375 0.08496732026143791
3 0.5275735294117647 0.4928104575163399 0.05955882352941176 0.07581699346405228
2 0.5224264705882353 0.4437908496732026 0.06985294117647059 0.08496732026143791
3 0.5172794117647059 0.4196078431372549 0.03455882352941177 0.036601307189542485
0 0.49411764705882355 0.39869281045751637 0.020588235294117647 0.0392156862745098
0 0.5150735294117647 0.3810457516339869 0.04191176470588235 0.03790849673202614
0 0.4172794117647059 0.40588235294117647 0.02426470588235294 0.050980392156862744
3 0.5077205882352941 0.33202614379084966 0.03308823529411765 0.03137254901960784
0 0.524264705882353 0.3176470588235294 0.03823529411764706 0.02875816993464052
0 0.5044117647058823 0.30718954248366015 0.03823529411764706 0.026143790849673203
0 0.5386029411764706 0.2823529411764706 0.019852941176470587 0.023529411764705882
0 0.5360294117647059 0.2738562091503268 0.022058823529411766 0.022222222222222223
0 0.4985294117647059 0.24705882352941178 0.016176470588235296 0.023529411764705882
3 0.36580882352941174 0.2928104575163399 0.04044117647058824 0.03398692810457516
0 0.3602941176470588 0.26209150326797387 0.022058823529411766 0.027450980392156862
0 0.3963235294117647 0.2411764705882353 0.014705882352941176 0.02483660130718954
0 0.3849264705882353 0.19084967320261437 0.019852941176470587 0.018300653594771243
0 0.4970588235294118 0.20261437908496732 0.011764705882352941 0.018300653594771243
0 0.4959558823529412 0.19215686274509805 0.009558823529411765 0.01568627450980392
0 0.4863970588235294 0.18235294117647058 0.021323529411764706 0.01699346405228758
0 0.4889705882352941 0.17124183006535948 0.01911764705882353 0.018300653594771243
0 0.4863970588235294 0.15947712418300652 0.008088235294117648 0.013071895424836602
0 0.4827205882352941 0.15294117647058825 0.01838235294117647 0.018300653594771243
0 0.4099264705882353 0.17254901960784313 0.0125 0.018300653594771243
0 0.41323529411764703 0.16209150326797386 0.013235294117647059 0.01568627450980392
0 0.41948529411764707 0.15555555555555556 0.013970588235294118 0.01568627450980392
0 0.41691176470588237 0.1450980392156863 0.011764705882352941 0.013071895424836602
1 0.4022058823529412 0.1300653594771242 0.023529411764705882 0.02483660130718954
0 0.5025735294117647 0.13660130718954247 0.009558823529411765 0.01437908496732026
0 0.48676470588235293 0.13986928104575164 0.011764705882352941 0.01045751633986928
0 0.4863970588235294 0.13594771241830064 0.008088235294117648 0.013071895424836602
0 0.48198529411764707 0.1300653594771242 0.009558823529411765 0.01699346405228758
0 0.48970588235294116 0.12222222222222222 0.014705882352941176 0.01437908496732026
0 0.4834558823529412 0.11960784313725491 0.009558823529411765 0.01437908496732026
1 0.42316176470588235 0.1065359477124183 0.011029411764705883 0.02483660130718954
0 0.45036764705882354 0.08954248366013072 0.009558823529411765 0.01437908496732026
0 0.40845588235294117 0.08562091503267974 0.013970588235294118 0.011764705882352941
