2 0.4566176470588235 0.24444444444444444 0.01764705882352941 0.02875816993464052
0 0.4900735294117647 0.3006535947712418 0.011029411764705883 0.01568627450980392
0 0.46286764705882355 0.42026143790849674 0.021323529411764706 0.032679738562091505
0 0.4988970588235294 0.26862745098039215 0.009558823529411765 0.01437908496732026
0 0.5025735294117647 0.2777777777777778 0.009558823529411765 0.01437908496732026
2 0.513235294117647 0.29673202614379085 0.020588235294117647 0.04967320261437908
0 0.5378676470588235 0.37058823529411766 0.016911764705882352 0.022222222222222223
0 0.5558823529411765 0.38758169934640524 0.022058823529411766 0.03529411764705882
0 0.6084558823529411 0.4869281045751634 0.03455882352941177 0.0457516339869281
0 0.6286764705882353 0.5274509803921569 0.03823529411764706 0.050980392156862744
0 0.6452205882352942 0.5738562091503268 0.03602941176470588 0.06013071895424837
0 0.6345588235294117 0.803921568627451 0.061764705882352944 0.12810457516339868
0 0.23676470588235293 0.8555555555555555 0.07205882352941176 0.14248366013071895
0 0.10845588235294118 0.9248366013071896 0.10514705882352941 0.1503267973856209
0 0.18823529411764706 0.9705882352941176 0.08088235294117647 0.058823529411764705
2 0.05808823529411765 0.8666666666666667 0.1161764705882353 0.26405228758169935
0 0.3915441176470588 0.5405228758169934 0.03161764705882353 0.06143790849673202
0 0.4227941176470588 0.3026143790849673 0.013235294117647059 0.022222222222222223
0 0.4297794117647059 0.2901960784313726 0.011029411764705883 0.018300653594771243
0 0.42683823529411763 0.27908496732026145 0.0125 0.0196078431372549
0 0.42830882352941174 0.27124183006535946 0.009558823529411765 0.01699346405228758
0 0.4261029411764706 0.26666666666666666 0.009558823529411765 0.01568627450980392
0 0.4253676470588235 0.25947712418300656 0.009558823529411765 0.01437908496732026
0 0.42205882352941176 0.25555555555555554 0.008823529411764706 0.01437908496732026
0 0.40147058823529413 0.2529411764705882 0.008823529411764706 0.011764705882352941
0 0.41102941176470587 0.26143790849673204 0.008823529411764706 0.013071895424836602
0 0.4113970588235294 0.26601307189542484 0.009558823529411765 0.011764705882352941
0 0.41066176470588234 0.2725490196078431 0.011029411764705883 0.01437908496732026
0 0.41102941176470587 0.28169934640522876 0.010294117647058823 0.01699346405228758
0 0.4073529411764706 0.2856209150326797 0.011764705882352941 0.01699346405228758
0 0.40588235294117647 0.2973856209150327 0.013235294117647059 0.0196078431372549
3 0.4011029411764706 0.30392156862745096 0.0125 0.02483660130718954
0 0.4 0.3176470588235294 0.014705882352941176 0.023529411764705882
0 0.39595588235294116 0.32745098039215687 0.015441176470588236 0.022222222222222223
0 0.3948529411764706 0.3392156862745098 0.014705882352941176 0.022222222222222223
0 0.3915441176470588 0.34901960784313724 0.016911764705882352 0.026143790849673203
0 0.3963235294117647 0.36470588235294116 0.01764705882352941 0.026143790849673203
0 0.39044117647058824 0.3784313725490196 0.01911764705882353 0.030065359477124184
0 0.37279411764705883 0.4143790849673203 0.023529411764705882 0.036601307189542485
0 0.3654411764705882 0.43529411764705883 0.026470588235294117 0.04183006535947712
3 0.3779411764705882 0.38758169934640524 0.020588235294117647 0.0457516339869281
0 0.3577205882352941 0.4594771241830065 0.028676470588235293 0.0457516339869281
0 0.3488970588235294 0.48823529411764705 0.028676470588235293 0.048366013071895426
0 0.3422794117647059 0.5261437908496732 0.03455882352941177 0.05359477124183006
0 0.3860294117647059 0.2503267973856209 0.008823529411764706 0.011764705882352941
0 0.3849264705882353 0.2568627450980392 0.008088235294117648 0.011764705882352941
2 0.3735294117647059 0.2725490196078431 0.01764705882352941 0.03529411764705882
0 0.39595588235294116 0.25882352941176473 0.008088235294117648 0.013071895424836602
0 0.3966911764705882 0.2673202614379085 0.009558823529411765 0.01437908496732026
0 0.3963235294117647 0.2738562091503268 0.011764705882352941 0.01699346405228758
0 0.3911764705882353 0.2830065359477124 0.010294117647058823 0.0196078431372549
0 0.38933823529411765 0.2908496732026144 0.011029411764705883 0.0196078431372549
0 0.3871323529411765 0.29869281045751633 0.0125 0.0196078431372549
0 0.38419117647058826 0.3065359477124183 0.013970588235294118 0.022222222222222223
0 0.3764705882352941 0.31699346405228757 0.014705882352941176 0.0196078431372549
0 0.3683823529411765 0.3032679738562091 0.013235294117647059 0.018300653594771243
0 0.3720588235294118 0.2928104575163399 0.011764705882352941 0.01568627450980392
0 0.35404411764705884 0.29934640522875816 0.013970588235294118 0.02091503267973856
0 0.3547794117647059 0.31176470588235294 0.016911764705882352 0.0196078431372549
0 0.3503676470588235 0.32679738562091504 0.015441176470588236 0.02091503267973856
0 0.37316176470588236 0.32941176470588235 0.015441176470588236 0.02091503267973856
0 0.3669117647058823 0.3431372549019608 0.01764705882352941 0.027450980392156862
0 0.35955882352941176 0.35555555555555557 0.020588235294117647 0.03137254901960784
0 0.3386029411764706 0.3464052287581699 0.01838235294117647 0.02875816993464052
0 0.3602941176470588 0.37712418300653594 0.01911764705882353 0.027450980392156862
0 0.35441176470588237 0.39215686274509803 0.025 0.03398692810457516
0 0.33933823529411766 0.3738562091503268 0.021323529411764706 0.03137254901960784
0 0.3301470588235294 0.39019607843137255 0.025 0.03529411764705882
0 0.3375 0.40980392156862744 0.023529411764705882 0.03790849673202614
0 0.32794117647058824 0.43333333333333335 0.027941176470588237 0.040522875816993466
0 0.31727941176470587 0.46405228758169936 0.03161764705882353 0.047058823529411764
0 0.30183823529411763 0.5084967320261438 0.03602941176470588 0.054901960784313725
0 0.2823529411764706 0.5496732026143791 0.039705882352941174 0.05359477124183006
0 0.28713235294117645 0.4470588235294118 0.028676470588235293 0.044444444444444446
0 0.2878676470588235 0.4169934640522876 0.025735294117647058 0.0392156862745098
0 0.29926470588235293 0.4 0.025 0.04183006535947712
0 0.30661764705882355 0.38169934640522873 0.020588235294117647 0.03137254901960784
0 0.31580882352941175 0.3673202614379085 0.021323529411764706 0.02875816993464052
2 0.2349264705882353 0.4738562091503268 0.08602941176470588 0.16862745098039217
3 0.29669117647058824 0.26862745098039215 0.015441176470588236 0.02483660130718954
