0 0.057352941176470586 0.9274509803921569 0.09117647058823529 0.14248366013071895
0 0.14154411764705882 0.4522875816993464 0.08308823529411764 0.08366013071895424
3 0.07352941176470588 0.3954248366013072 0.07058823529411765 0.09281045751633987
0 0.14926470588235294 0.3241830065359477 0.07205882352941176 0.07058823529411765
0 0.16176470588235295 0.2568627450980392 0.0661764705882353 0.048366013071895426
3 0.09926470588235294 0.21568627450980393 0.047058823529411764 0.06013071895424837
3 0.18676470588235294 0.13137254901960785 0.054411764705882354 0.050980392156862744
0 0.17279411764705882 0.1130718954248366 0.051470588235294115 0.043137254901960784
0 0.19117647058823528 0.08169934640522876 0.058823529411764705 0.050980392156862744
3 0.18676470588235294 0.041176470588235294 0.060294117647058824 0.043137254901960784
0 0.16948529411764707 0.011111111111111112 0.05220588235294118 0.022222222222222223
0 0.08235294117647059 0.00849673202614379 0.023529411764705882 0.01699346405228758
0 0.05367647058823529 0.03529411764705882 0.025 0.04183006535947712
0 0.01213235294117647 0.013725490196078431 0.02426470588235294 0.027450980392156862
0 0.006985294117647059 0.03986928104575163 0.013970588235294118 0.043137254901960784
0 0.0055147058823529415 0.08627450980392157 0.011029411764705883 0.04183006535947712
