0 0.5683823529411764 0.838562091503268 0.0661764705882353 0.16862745098039217
0 0.6558823529411765 0.7901960784313725 0.07647058823529412 0.15555555555555556
0 0.5558823529411765 0.6699346405228758 0.057352941176470586 0.12418300653594772
0 0.5404411764705882 0.5660130718954248 0.045588235294117645 0.08104575163398693
0 0.5974264705882353 0.5405228758169934 0.05367647058823529 0.09542483660130718
0 0.15257352941176472 0.361437908496732 0.07867647058823529 0.050980392156862744
0 0.2525735294117647 0.3941176470588235 0.07426470588235294 0.050980392156862744
0 0.2529411764705882 0.3352941176470588 0.07058823529411765 0.040522875816993466
0 0.21544117647058825 0.29869281045751633 0.03529411764705882 0.043137254901960784
0 0.4786764705882353 0.37058823529411766 0.061764705882352944 0.0457516339869281
0 0.6216911764705882 0.3915032679738562 0.07279411764705883 0.048366013071895426
0 0.5227941176470589 0.40326797385620916 0.06764705882352941 0.0457516339869281
0 0.5511029411764706 0.2647058823529412 0.019852941176470587 0.030065359477124184
0 0.46801470588235294 0.27908496732026145 0.019852941176470587 0.03529411764705882
0 0.4308823529411765 0.27450980392156865 0.01911764705882353 0.036601307189542485
0 0.4426470588235294 0.2601307189542484 0.01764705882352941 0.03137254901960784
0 0.4702205882352941 0.25555555555555554 0.01838235294117647 0.030065359477124184
0 0.47316176470588234 0.2372549019607843 0.01838235294117647 0.030065359477124184
0 0.4724264705882353 0.2169934640522876 0.013970588235294118 0.026143790849673203
0 0.4702205882352941 0.20065359477124184 0.015441176470588236 0.022222222222222223
0 0.5099264705882353 0.20326797385620915 0.015441176470588236 0.02483660130718954
0 0.40661764705882353 0.1869281045751634 0.03235294117647059 0.026143790849673203
0 0.4176470588235294 0.165359477124183 0.026470588235294117 0.02483660130718954
3 0.4400735294117647 0.17516339869281045 0.013970588235294118 0.026143790849673203
0 0.43125 0.14705882352941177 0.013970588235294118 0.027450980392156862
0 0.4525735294117647 0.1542483660130719 0.011029411764705883 0.02091503267973856
0 0.5014705882352941 0.1300653594771242 0.010294117647058823 0.01699346405228758
0 0.4772058823529412 0.11437908496732026 0.010294117647058823 0.01699346405228758
0 0.46397058823529413 0.11437908496732026 0.008823529411764706 0.01437908496732026
0 0.4933823529411765 0.09738562091503268 0.008823529411764706 0.01437908496732026
0 0.48308823529411765 0.0869281045751634 0.008823529411764706 0.01437908496732026
3 0.5838235294117647 0.25163398692810457 0.030882352941176472 0.032679738562091505
0 0.5897058823529412 0.23529411764705882 0.03676470588235294 0.02875816993464052
0 0.5834558823529412 0.22287581699346407 0.0375 0.027450980392156862
0 0.5735294117647058 0.2150326797385621 0.03676470588235294 0.027450980392156862
0 0.5665441176470588 0.20784313725490197 0.03308823529411765 0.023529411764705882
0 0.5691176470588235 0.19019607843137254 0.029411764705882353 0.027450980392156862
0 0.5643382352941176 0.17908496732026144 0.028676470588235293 0.023529411764705882
0 0.5584558823529412 0.17254901960784313 0.028676470588235293 0.026143790849673203
0 0.55 0.1411764705882353 0.01911764705882353 0.018300653594771243
0 0.5419117647058823 0.13137254901960785 0.01911764705882353 0.01437908496732026
0 0.5319852941176471 0.11699346405228758 0.0125 0.01437908496732026
0 0.42720588235294116 0.12679738562091503 0.025 0.013071895424836602
0 0.42058823529411765 0.11895424836601307 0.025 0.013071895424836602
0 0.4496323529411765 0.11437908496732026 0.013970588235294118 0.01437908496732026
