0 0.44427083333333334 0.7185185185185186 0.036458333333333336 0.07407407407407407
0 0.5067708333333333 0.8101851851851852 0.040625 0.07962962962962963
0 0.5046875 0.7092592592592593 0.034375 0.06296296296296296
3 0.5 0.6407407407407407 0.022916666666666665 0.05925925925925926
3 0.5046875 0.5879629629629629 0.023958333333333335 0.053703703703703705
0 0.4666666666666667 0.5111111111111111 0.020833333333333332 0.040740740740740744
0 0.5104166666666666 0.4898148148148148 0.016666666666666666 0.03148148148148148
0 0.4734375 0.4287037037037037 0.011458333333333333 0.020370370370370372
0 0.5177083333333333 0.5638888888888889 0.01875 0.03518518518518519
0 0.4875 0.3314814814814815 0.008333333333333333 0.018518518518518517
0 0.4864583333333333 0.36203703703703705 0.010416666666666666 0.012962962962962963
0 0.5770833333333333 0.42685185185185187 0.0125 0.024074074074074074
0 0.521875 0.45740740740740743 0.010416666666666666 0.022222222222222223
