0 0.8172794117647059 0.7856209150326797 0.06544117647058824 0.08366013071895424
0 0.4033088235294118 0.9718954248366013 0.0375 0.05620915032679739
3 0.41654411764705884 0.818954248366013 0.03602941176470588 0.11372549019607843
0 0.3113970588235294 0.657516339869281 0.02426470588235294 0.047058823529411764
0 0.31433823529411764 0.6209150326797386 0.021323529411764706 0.03137254901960784
0 0.3522058823529412 0.5254901960784314 0.06323529411764706 0.047058823529411764
0 0.5080882352941176 0.5522875816993464 0.03235294117647059 0.058823529411764705
0 0.5948529411764706 0.5261437908496732 0.025 0.050980392156862744
0 0.5477941176470589 0.4973856209150327 0.033823529411764704 0.048366013071895426
0 0.5261029411764706 0.4143790849673203 0.02426470588235294 0.047058823529411764
0 0.4801470588235294 0.43071895424836604 0.025 0.040522875816993466
0 0.4011029411764706 0.4888888888888889 0.02426470588235294 0.05228758169934641
3 0.3492647058823529 0.42549019607843136 0.03235294117647059 0.05620915032679739
0 0.40404411764705883 0.43137254901960786 0.027205882352941177 0.044444444444444446
0 0.4375 0.39477124183006534 0.023529411764705882 0.04183006535947712
0 0.5290441176470588 0.35555555555555557 0.022794117647058822 0.04183006535947712
0 0.5455882352941176 0.37516339869281046 0.026470588235294117 0.04183006535947712
0 0.5121323529411764 0.31176470588235294 0.025735294117647058 0.03529411764705882
0 0.48308823529411765 0.2522875816993464 0.026470588235294117 0.023529411764705882
0 0.37536764705882353 0.2784313725490196 0.016911764705882352 0.03137254901960784
0 0.40588235294117647 0.26666666666666666 0.016176470588235296 0.02875816993464052
0 0.4573529411764706 0.24248366013071895 0.01764705882352941 0.027450980392156862
0 0.44779411764705884 0.22287581699346407 0.014705882352941176 0.022222222222222223
0 0.4400735294117647 0.20980392156862746 0.015441176470588236 0.02483660130718954
3 0.43308823529411766 0.1784313725490196 0.011764705882352941 0.02483660130718954
0 0.34191176470588236 0.24836601307189543 0.03676470588235294 0.023529411764705882
1 0.325 0.28104575163398693 0.05 0.044444444444444446
1 0.3636029411764706 0.22091503267973855 0.015441176470588236 0.0392156862745098
3 0.3672794117647059 0.20588235294117646 0.013970588235294118 0.030065359477124184
0 0.3577205882352941 0.17777777777777778 0.016911764705882352 0.023529411764705882
0 0.35808823529411765 0.16666666666666666 0.01764705882352941 0.022222222222222223
0 0.3558823529411765 0.15751633986928104 0.016176470588235296 0.0196078431372549
0 0.3154411764705882 0.15947712418300652 0.025 0.018300653594771243
3 0.34375 0.14248366013071895 0.022794117647058822 0.02091503267973856
0 0.39889705882352944 0.14313725490196078 0.011029411764705883 0.01699346405228758
0 0.42463235294117646 0.1522875816993464 0.015441176470588236 0.0196078431372549
0 0.4360294117647059 0.15816993464052287 0.01764705882352941 0.01568627450980392
0 0.4147058823529412 0.14705882352941177 0.011764705882352941 0.01699346405228758
3 0.4077205882352941 0.12679738562091503 0.009558823529411765 0.018300653594771243
3 0.41801470588235295 0.12418300653594772 0.015441176470588236 0.02091503267973856
0 0.3694852941176471 0.12352941176470589 0.009558823529411765 0.01699346405228758
0 0.38088235294117645 0.1111111111111111 0.010294117647058823 0.01568627450980392
0 0.3316176470588235 0.13725490196078433 0.022058823529411766 0.01568627450980392
0 0.3477941176470588 0.12745098039215685 0.010294117647058823 0.01437908496732026
0 0.31691176470588234 0.12222222222222222 0.022058823529411766 0.01699346405228758
0 0.3397058823529412 0.11568627450980393 0.01911764705882353 0.01699346405228758
0 0.3011029411764706 0.11895424836601307 0.021323529411764706 0.01568627450980392
0 0.31727941176470587 0.11503267973856209 0.022794117647058822 0.01568627450980392
0 0.30772058823529413 0.1084967320261438 0.022794117647058822 0.013071895424836602
0 0.35551470588235295 0.1111111111111111 0.0125 0.01568627450980392
0 0.34301470588235294 0.10326797385620914 0.011029411764705883 0.01568627450980392
1 0.31875 0.10261437908496732 0.022794117647058822 0.0196078431372549
0 0.3205882352941177 0.09542483660130718 0.020588235294117647 0.01568627450980392
0 0.31470588235294117 0.08758169934640522 0.01911764705882353 0.01568627450980392
0 0.3764705882352941 0.10261437908496732 0.008823529411764706 0.01437908496732026
3 0.4036764705882353 0.11241830065359477 0.014705882352941176 0.018300653594771243
0 0.3966911764705882 0.10522875816993464 0.013970588235294118 0.01437908496732026
0 0.39448529411764705 0.09803921568627451 0.015441176470588236 0.013071895424836602
0 0.3738970588235294 0.0915032679738562 0.009558823529411765 0.013071895424836602
3 0.34044117647058825 0.09477124183006536 0.011764705882352941 0.01699346405228758
3 0.2988970588235294 0.07450980392156863 0.016911764705882352 0.018300653594771243
0 0.38786764705882354 0.0869281045751634 0.011029411764705883 0.01437908496732026
1 0.3176470588235294 0.06862745098039216 0.01911764705882353 0.0196078431372549
0 0.35441176470588237 0.07581699346405228 0.008823529411764706 0.013071895424836602
0 0.3422794117647059 0.06470588235294118 0.008088235294117648 0.011764705882352941
0 0.37426470588235294 0.06928104575163399 0.008823529411764706 0.013071895424836602
0 0.3514705882352941 0.060784313725490195 0.008823529411764706 0.011764705882352941
0 0.36066176470588235 0.06143790849673202 0.008088235294117648 0.013071895424836602
0 0.35404411764705884 0.049019607843137254 0.008088235294117648 0.011764705882352941
0 0.3073529411764706 0.05228758169934641 0.01764705882352941 0.013071895424836602
3 0.4411764705882353 0.056862745098039215 0.010294117647058823 0.01699346405228758
0 0.025735294117647058 0.20718954248366014 0.023529411764705882 0.027450980392156862
0 0.059926470588235296 0.1980392156862745 0.01838235294117647 0.022222222222222223
0 0.04926470588235294 0.1830065359477124 0.020588235294117647 0.023529411764705882
0 0.06801470588235294 0.1627450980392157 0.01838235294117647 0.022222222222222223
0 0.08419117647058824 0.14967320261437908 0.016911764705882352 0.0196078431372549
0 0.075 0.22483660130718955 0.03529411764705882 0.026143790849673203
0 0.08345588235294117 0.21568627450980393 0.03161764705882353 0.02091503267973856
0 0.08713235294117647 0.20784313725490197 0.03308823529411765 0.02091503267973856
0 0.09926470588235294 0.20065359477124184 0.029411764705882353 0.02483660130718954
0 0.10477941176470588 0.1718954248366013 0.019852941176470587 0.0196078431372549
