2 0.7540441176470588 0.8398692810457516 0.19191176470588237 0.30718954248366015
0 0.26691176470588235 0.9326797385620915 0.08235294117647059 0.10065359477124183
0 0.3205882352941177 0.7941176470588235 0.07058823529411765 0.13986928104575164
0 0.4036764705882353 0.8071895424836601 0.06323529411764706 0.13986928104575164
0 0.3338235294117647 0.6777777777777778 0.06470588235294118 0.09281045751633987
0 0.45441176470588235 0.6594771241830065 0.05 0.09281045751633987
0 0.49411764705882355 0.5869281045751634 0.03823529411764706 0.07581699346405228
0 0.43786764705882353 0.5797385620915033 0.04338235294117647 0.09281045751633987
0 0.39375 0.5771241830065359 0.04044117647058824 0.06928104575163399
0 0.34558823529411764 0.5006535947712418 0.04264705882352941 0.054901960784313725
0 0.3805147058823529 0.5104575163398692 0.03308823529411765 0.05620915032679739
0 0.4525735294117647 0.5169934640522876 0.028676470588235293 0.06143790849673202
0 0.5014705882352941 0.5 0.027941176470588237 0.05620915032679739
0 0.3996323529411765 0.4699346405228758 0.025735294117647058 0.043137254901960784
0 0.4279411764705882 0.4738562091503268 0.027941176470588237 0.048366013071895426
0 0.4661764705882353 0.45555555555555555 0.025 0.043137254901960784
0 0.4349264705882353 0.43137254901960786 0.02426470588235294 0.0392156862745098
0 0.47352941176470587 0.4084967320261438 0.020588235294117647 0.03790849673202614
0 0.49522058823529413 0.3908496732026144 0.019852941176470587 0.03398692810457516
0 0.4488970588235294 0.39673202614379083 0.019852941176470587 0.03529411764705882
0 0.41066176470588234 0.42026143790849674 0.025735294117647058 0.03790849673202614
0 0.4753676470588235 0.3784313725490196 0.016911764705882352 0.032679738562091505
0 0.4474264705882353 0.3718954248366013 0.01838235294117647 0.030065359477124184
0 0.5584558823529412 0.4470588235294118 0.02426470588235294 0.0392156862745098
0 0.6253676470588235 0.5418300653594771 0.030147058823529412 0.050980392156862744
0 0.5919117647058824 0.4418300653594771 0.026470588235294117 0.04183006535947712
0 0.6275735294117647 0.4503267973856209 0.027205882352941177 0.03790849673202614
0 0.6227941176470588 0.4143790849673203 0.023529411764705882 0.03137254901960784
0 0.6507352941176471 0.4150326797385621 0.01764705882352941 0.032679738562091505
0 0.6441176470588236 0.3941176470588235 0.022058823529411766 0.027450980392156862
0 0.6036764705882353 0.3915032679738562 0.01911764705882353 0.030065359477124184
0 0.5775735294117647 0.4019607843137255 0.02426470588235294 0.03790849673202614
0 0.3136029411764706 0.28104575163398693 0.02426470588235294 0.01568627450980392
0 0.34448529411764706 0.27058823529411763 0.009558823529411765 0.01568627450980392
0 0.3264705882352941 0.265359477124183 0.010294117647058823 0.01568627450980392
0 0.3338235294117647 0.257516339869281 0.010294117647058823 0.01568627450980392
0 0.31948529411764703 0.2549019607843137 0.011029411764705883 0.018300653594771243
0 0.3573529411764706 0.28169934640522876 0.022058823529411766 0.01699346405228758
2 0.43161764705882355 0.2856209150326797 0.01764705882352941 0.03790849673202614
0 0.5691176470588235 0.36797385620915035 0.01764705882352941 0.027450980392156862
0 0.5470588235294118 0.3058823529411765 0.011764705882352941 0.01568627450980392
0 0.6088235294117647 0.2934640522875817 0.020588235294117647 0.022222222222222223
0 0.5227941176470589 0.2954248366013072 0.010294117647058823 0.01568627450980392
0 0.5055147058823529 0.29150326797385623 0.0125 0.01568627450980392
0 0.4970588235294118 0.2823529411764706 0.011764705882352941 0.013071895424836602
0 0.5194852941176471 0.2869281045751634 0.011029411764705883 0.01437908496732026
0 0.5227941176470589 0.27908496732026145 0.011764705882352941 0.01437908496732026
0 0.5073529411764706 0.27712418300653596 0.010294117647058823 0.01568627450980392
0 0.49080882352941174 0.2738562091503268 0.011029411764705883 0.011764705882352941
0 0.49669117647058825 0.26862745098039215 0.011029411764705883 0.01437908496732026
0 0.48125 0.26862745098039215 0.009558823529411765 0.011764705882352941
0 0.4900735294117647 0.2647058823529412 0.008088235294117648 0.011764705882352941
0 0.4753676470588235 0.2633986928104575 0.009558823529411765 0.011764705882352941
0 0.5165441176470589 0.265359477124183 0.0125 0.01568627450980392
2 0.49926470588235294 0.24705882352941178 0.020588235294117647 0.02875816993464052
0 0.46875 0.257516339869281 0.009558823529411765 0.01045751633986928
0 0.46433823529411766 0.2542483660130719 0.009558823529411765 0.011764705882352941
0 0.4588235294117647 0.2522875816993464 0.008823529411764706 0.013071895424836602
0 0.4727941176470588 0.2522875816993464 0.008823529411764706 0.01045751633986928
0 0.49264705882352944 0.3104575163398693 0.013235294117647059 0.0196078431372549
0 0.4852941176470588 0.29215686274509806 0.013235294117647059 0.0196078431372549
0 0.45441176470588235 0.3111111111111111 0.011764705882352941 0.018300653594771243
0 0.4522058823529412 0.30130718954248364 0.013235294117647059 0.01699346405228758
0 0.45 0.2934640522875817 0.011764705882352941 0.0196078431372549
0 0.44669117647058826 0.2901960784313726 0.011029411764705883 0.01568627450980392
0 0.44448529411764703 0.28169934640522876 0.011029411764705883 0.01437908496732026
0 0.47205882352941175 0.3084967320261438 0.011764705882352941 0.018300653594771243
0 0.46948529411764706 0.30196078431372547 0.011029411764705883 0.018300653594771243
0 0.46544117647058825 0.296078431372549 0.011764705882352941 0.01699346405228758
0 0.46838235294117647 0.28823529411764703 0.010294117647058823 0.01437908496732026
0 0.45808823529411763 0.28366013071895424 0.010294117647058823 0.01568627450980392
0 0.4536764705882353 0.2784313725490196 0.008823529411764706 0.013071895424836602
3 0.4514705882352941 0.27320261437908494 0.010294117647058823 0.013071895424836602
0 0.33125 0.23137254901960785 0.016911764705882352 0.01045751633986928
0 0.38235294117647056 0.23986928104575164 0.013235294117647059 0.011764705882352941
0 0.5845588235294118 0.27124183006535946 0.020588235294117647 0.01437908496732026
0 0.5761029411764705 0.265359477124183 0.01838235294117647 0.01568627450980392
0 0.5669117647058823 0.2633986928104575 0.016176470588235296 0.01437908496732026
0 0.5610294117647059 0.26143790849673204 0.016176470588235296 0.013071895424836602
