0 0.5466911764705882 0.43333333333333335 0.04191176470588235 0.07973856209150326
0 0.13713235294117648 0.6490196078431373 0.08308823529411764 0.15555555555555556
0 0.07977941176470588 0.826797385620915 0.09485294117647058 0.1738562091503268
0 0.08676470588235294 0.2908496732026144 0.07941176470588235 0.050980392156862744
0 0.0875 0.4738562091503268 0.10588235294117647 0.06666666666666667
0 0.22647058823529412 0.2235294117647059 0.03235294117647059 0.05228758169934641
3 0.08161764705882353 0.5326797385620915 0.09852941176470588 0.08758169934640522
0 0.30808823529411766 0.19869281045751633 0.03235294117647059 0.04967320261437908
0 0.31948529411764703 0.16339869281045752 0.027205882352941177 0.04967320261437908
0 0.3371323529411765 0.1084967320261438 0.01838235294117647 0.03398692810457516
0 0.34595588235294117 0.08627450980392157 0.01838235294117647 0.044444444444444446
0 0.35551470588235295 0.050980392156862744 0.025735294117647058 0.03137254901960784
1 0.3669117647058823 0.025490196078431372 0.014705882352941176 0.0196078431372549
0 0.016911764705882352 0.28169934640522876 0.033823529411764704 0.050980392156862744
