0 0.011397058823529411 0.2954248366013072 0.022794117647058822 0.044444444444444446
0 0.04007352941176471 0.16732026143790849 0.0125 0.03398692810457516
0 0.3209558823529412 0.3366013071895425 0.10514705882352941 0.1111111111111111
0 0.39338235294117646 0.1130718954248366 0.041176470588235294 0.058823529411764705
0 0.49375 0.13856209150326798 0.03602941176470588 0.07320261437908497
3 0.2286764705882353 0.1980392156862745 0.09117647058823529 0.09542483660130718
0 0.38088235294117645 0.06535947712418301 0.039705882352941174 0.05228758169934641
0 0.39889705882352944 0.01699346405228758 0.03161764705882353 0.03398692810457516
3 0.7375 0.4496732026143791 0.1323529411764706 0.13333333333333333
0 0.7400735294117647 0.1954248366013072 0.06691176470588235 0.07450980392156863
3 0.5470588235294118 0.2627450980392157 0.039705882352941174 0.11503267973856209
0 0.5139705882352941 0.026143790849673203 0.025 0.044444444444444446
0 0.5683823529411764 0.22026143790849673 0.039705882352941174 0.07973856209150326
0 0.5533088235294118 0.16209150326797386 0.0375 0.06535947712418301
0 0.5591911764705882 0.10915032679738562 0.03308823529411765 0.058823529411764705
0 0.5566176470588236 0.0738562091503268 0.033823529411764704 0.048366013071895426
0 0.5573529411764706 0.03202614379084967 0.026470588235294117 0.0457516339869281
0 0.5628676470588235 0.011764705882352941 0.021323529411764706 0.023529411764705882
0 0.5224264705882353 0.013071895424836602 0.021323529411764706 0.026143790849673203
3 0.6040441176470588 0.009150326797385621 0.01838235294117647 0.018300653594771243
0 0.30919117647058825 0.8869281045751634 0.15661764705882353 0.2261437908496732
