2 0.5143382352941176 0.4071895424836601 0.20808823529411766 0.13725490196078433
0 0.4319852941176471 0.7189542483660131 0.09779411764705882 0.16209150326797386
0 0.6786764705882353 0.5045751633986928 0.08970588235294118 0.08627450980392157
0 0.2801470588235294 0.4366013071895425 0.07794117647058824 0.06274509803921569
0 0.7154411764705882 0.396078431372549 0.07647058823529412 0.05228758169934641
0 0.3922794117647059 0.28888888888888886 0.03161764705882353 0.06535947712418301
0 0.44338235294117645 0.30196078431372547 0.027941176470588237 0.054901960784313725
0 0.544485294117647 0.2718954248366013 0.027205882352941177 0.04183006535947712
0 0.2801470588235294 0.23137254901960785 0.03235294117647059 0.0392156862745098
0 0.4294117647058823 0.056862745098039215 0.013235294117647059 0.02483660130718954
0 0.44338235294117645 0.23660130718954248 0.027941176470588237 0.05751633986928104
0 0.38235294117647056 0.40588235294117647 0.06470588235294118 0.06143790849673202
0 0.8591911764705882 0.4666666666666667 0.08308823529411764 0.06797385620915032
0 0.5488970588235295 0.9470588235294117 0.06838235294117648 0.10588235294117647
0 0.48933823529411763 0.16993464052287582 0.021323529411764706 0.036601307189542485
0 0.6617647058823529 0.2718954248366013 0.030882352941176472 0.04967320261437908
0 0.3941176470588235 0.21241830065359477 0.025 0.0457516339869281
0 0.40036764705882355 0.2437908496732026 0.02426470588235294 0.050980392156862744
0 0.40808823529411764 0.18562091503267975 0.016176470588235296 0.04183006535947712
0 0.41654411764705884 0.1568627450980392 0.022794117647058822 0.036601307189542485
0 0.3996323529411765 0.134640522875817 0.016911764705882352 0.02875816993464052
0 0.5014705882352941 0.3241830065359477 0.04264705882352941 0.047058823529411764
0 0.44816176470588237 0.12810457516339868 0.013970588235294118 0.026143790849673203
0 0.4485294117647059 0.15098039215686274 0.01764705882352941 0.032679738562091505
0 0.44448529411764703 0.19673202614379084 0.021323529411764706 0.030065359477124184
0 0.44669117647058826 0.17124183006535948 0.019852941176470587 0.026143790849673203
0 0.3246323529411765 0.14052287581699346 0.022794117647058822 0.030065359477124184
0 0.3518382352941177 0.08431372549019608 0.015441176470588236 0.02483660130718954
0 0.3665441176470588 0.06274509803921569 0.0125 0.026143790849673203
0 0.3871323529411765 0.013071895424836602 0.011029411764705883 0.018300653594771243
0 0.6455882352941177 0.2372549019607843 0.029411764705882353 0.03790849673202614
0 0.6330882352941176 0.20588235294117646 0.025 0.040522875816993466
0 0.5893382352941177 0.10718954248366012 0.01838235294117647 0.03137254901960784
0 0.5621323529411765 0.044444444444444446 0.011029411764705883 0.018300653594771243
0 0.6316176470588235 0.040522875816993466 0.013235294117647059 0.018300653594771243
0 0.5573529411764706 0.03398692810457516 0.011764705882352941 0.01568627450980392
0 0.5496323529411765 0.01764705882352941 0.0125 0.01437908496732026
