1 0.23098958333333333 0.13657407407407407 0.033854166666666664 0.028703703703703703
1 0.20963541666666666 0.14583333333333334 0.027604166666666666 0.021296296296296296
1 0.20520833333333333 0.14722222222222223 0.026041666666666668 0.024074074074074074
0 0.18359375 0.15231481481481482 0.021354166666666667 0.01574074074074074
0 0.17552083333333332 0.1537037037037037 0.020833333333333332 0.016666666666666666
1 0.16536458333333334 0.15092592592592594 0.0296875 0.025925925925925925
0 0.52421875 0.20092592592592592 0.013020833333333334 0.018518518518518517
0 0.5421875 0.22083333333333333 0.013541666666666667 0.023148148148148147
1 0.49713541666666666 0.15185185185185185 0.013020833333333334 0.03148148148148148
1 0.4903645833333333 0.17777777777777778 0.015104166666666667 0.025925925925925925
0 0.48854166666666665 0.18935185185185185 0.0125 0.017592592592592594
1 0.47708333333333336 0.21851851851851853 0.019791666666666666 0.03333333333333333
1 0.471875 0.23425925925925925 0.021875 0.03333333333333333
1 0.4388020833333333 0.34120370370370373 0.033854166666666664 0.09166666666666666
1 0.39166666666666666 0.46944444444444444 0.053125 0.13703703703703704
1 0.40989583333333335 0.41805555555555557 0.04895833333333333 0.09907407407407408
0 0.3375 0.7199074074074074 0.07083333333333333 0.13240740740740742
3 0.2557291666666667 0.8805555555555555 0.109375 0.2351851851851852
