0 0.9231617647058824 0.9209150326797385 0.10955882352941176 0.15816993464052287
0 0.7665441176470589 0.6738562091503268 0.05808823529411765 0.1111111111111111
0 0.7143382352941177 0.5333333333333333 0.05367647058823529 0.08888888888888889
0 0.39044117647058824 0.9137254901960784 0.0661764705882353 0.17254901960784313
0 0.5404411764705882 0.6581699346405229 0.04852941176470588 0.13986928104575164
0 0.43713235294117647 0.7320261437908496 0.04926470588235294 0.14901960784313725
0 0.7713235294117647 0.42745098039215684 0.07647058823529412 0.06535947712418301
0 0.7580882352941176 0.4 0.07794117647058824 0.05228758169934641
0 0.45441176470588235 0.3542483660130719 0.05 0.06274509803921569
0 0.4470588235294118 0.2830065359477124 0.060294117647058824 0.0457516339869281
3 0.44632352941176473 0.24052287581699347 0.047058823529411764 0.054901960784313725
0 0.43308823529411766 0.16993464052287582 0.04852941176470588 0.044444444444444446
0 0.4525735294117647 0.14248366013071895 0.019852941176470587 0.0392156862745098
0 0.5941176470588235 0.1287581699346405 0.022058823529411766 0.032679738562091505
0 0.575735294117647 0.05620915032679739 0.01764705882352941 0.02875816993464052
0 0.5588235294117647 0.030065359477124184 0.014705882352941176 0.03137254901960784
0 0.5606617647058824 0.013725490196078431 0.0125 0.022222222222222223
0 0.5330882352941176 0.038562091503267976 0.014705882352941176 0.02483660130718954
0 0.4551470588235294 0.05620915032679739 0.014705882352941176 0.026143790849673203
0 0.4661764705882353 0.01045751633986928 0.030882352941176472 0.02091503267973856
0 0.4360294117647059 0.015032679738562092 0.023529411764705882 0.022222222222222223
0 0.4363970588235294 0.047058823529411764 0.015441176470588236 0.026143790849673203
