0 0.3139705882352941 0.9032679738562092 0.05 0.13333333333333333
0 0.28161764705882353 0.7973856209150327 0.058823529411764705 0.09934640522875816
0 0.29816176470588235 0.6986928104575163 0.03602941176470588 0.06928104575163399
3 0.34338235294117647 0.7013071895424836 0.033823529411764704 0.08496732026143791
0 0.3205882352941177 0.6006535947712418 0.03676470588235294 0.06928104575163399
3 0.3911764705882353 0.6013071895424836 0.05588235294117647 0.06797385620915032
0 0.39080882352941176 0.565359477124183 0.05661764705882353 0.0457516339869281
2 0.48308823529411765 0.46013071895424834 0.07941176470588235 0.06797385620915032
0 0.040808823529411765 0.6647058823529411 0.08161764705882353 0.058823529411764705
0 0.16286764705882353 0.6189542483660131 0.0625 0.058823529411764705
0 0.15036764705882352 0.515686274509804 0.04338235294117647 0.03790849673202614
0 0.19375 0.4954248366013072 0.027205882352941177 0.044444444444444446
0 0.28566176470588234 0.5352941176470588 0.030147058823529412 0.043137254901960784
0 0.2514705882352941 0.39281045751633986 0.014705882352941176 0.022222222222222223
0 0.08602941176470588 0.44509803921568625 0.045588235294117645 0.027450980392156862
0 0.09227941176470589 0.43594771241830066 0.04485294117647059 0.02483660130718954
3 0.19558823529411765 0.37450980392156863 0.023529411764705882 0.02483660130718954
0 0.15330882352941178 0.3836601307189543 0.03308823529411765 0.02483660130718954
1 0.23198529411764707 0.365359477124183 0.016911764705882352 0.022222222222222223
3 0.28713235294117645 0.3843137254901961 0.028676470588235293 0.023529411764705882
0 0.26286764705882354 0.37450980392156863 0.013970588235294118 0.0196078431372549
0 0.2889705882352941 0.3738562091503268 0.029411764705882353 0.023529411764705882
0 0.24448529411764705 0.34183006535947713 0.021323529411764706 0.0196078431372549
3 0.19779411764705881 0.361437908496732 0.01764705882352941 0.022222222222222223
3 0.17977941176470588 0.361437908496732 0.016911764705882352 0.022222222222222223
1 0.2 0.33986928104575165 0.07352941176470588 0.0392156862745098
0 0.3665441176470588 0.4 0.016911764705882352 0.023529411764705882
3 0.3871323529411765 0.3784313725490196 0.0125 0.02483660130718954
0 0.3775735294117647 0.3464052287581699 0.011029411764705883 0.018300653594771243
0 0.4011029411764706 0.33464052287581697 0.0125 0.01568627450980392
0 0.33051470588235293 0.32941176470588235 0.011029411764705883 0.018300653594771243
1 0.34154411764705883 0.3006535947712418 0.015441176470588236 0.04183006535947712
0 0.37536764705882353 0.30915032679738563 0.009558823529411765 0.01437908496732026
0 0.3613970588235294 0.3045751633986928 0.009558823529411765 0.013071895424836602
0 0.38125 0.30196078431372547 0.008088235294117648 0.013071895424836602
0 0.41213235294117645 0.3287581699346405 0.011029411764705883 0.01699346405228758
0 0.4088235294117647 0.307843137254902 0.007352941176470588 0.011764705882352941
0 0.3996323529411765 0.28169934640522876 0.008088235294117648 0.011764705882352941
0 0.3779411764705882 0.28431372549019607 0.008823529411764706 0.011764705882352941
0 0.3625 0.28888888888888886 0.008823529411764706 0.013071895424836602
1 0.34448529411764706 0.2718954248366013 0.0125 0.026143790849673203
1 0.34705882352941175 0.2607843137254902 0.011764705882352941 0.022222222222222223
0 0.9816176470588235 0.36013071895424836 0.011764705882352941 0.01437908496732026
0 0.9742647058823529 0.34967320261437906 0.020588235294117647 0.01699346405228758
3 0.8827205882352941 0.3287581699346405 0.011029411764705883 0.01699346405228758
1 0.8816176470588235 0.3058823529411765 0.01764705882352941 0.03398692810457516
3 0.8764705882352941 0.27320261437908494 0.0058823529411764705 0.01045751633986928
0 0.3801470588235294 0.2496732026143791 0.0058823529411764705 0.00784313725490196
0 0.3709558823529412 0.2235294117647059 0.005147058823529412 0.00784313725490196
0 0.36470588235294116 0.2261437908496732 0.004411764705882353 0.00784313725490196
1 0.3897058823529412 0.23398692810457516 0.007352941176470588 0.018300653594771243
