0 0.06948529411764706 0.984313725490196 0.09632352941176471 0.03137254901960784
0 0.18308823529411763 0.8758169934640523 0.061764705882352944 0.12549019607843137
0 0.15514705882352942 0.7261437908496732 0.08235294117647059 0.06143790849673202
0 0.15294117647058825 0.6640522875816993 0.08088235294117647 0.05228758169934641
0 0.18308823529411763 0.6294117647058823 0.06470588235294118 0.043137254901960784
1 0.20330882352941176 0.6039215686274509 0.07720588235294118 0.04967320261437908
0 0.2139705882352941 0.5745098039215686 0.057352941176470586 0.032679738562091505
0 0.2323529411764706 0.5601307189542484 0.060294117647058824 0.03790849673202614
0 0.2540441176470588 0.5248366013071896 0.05220588235294118 0.032679738562091505
0 0.4238970588235294 0.5294117647058824 0.02426470588235294 0.04183006535947712
0 0.3422794117647059 0.40065359477124185 0.01838235294117647 0.027450980392156862
0 0.2911764705882353 0.3843137254901961 0.023529411764705882 0.023529411764705882
0 0.3136029411764706 0.3790849673202614 0.0375 0.02875816993464052
0 0.2878676470588235 0.3405228758169935 0.016911764705882352 0.022222222222222223
0 0.2875 0.3281045751633987 0.01764705882352941 0.018300653594771243
0 0.3246323529411765 0.307843137254902 0.022794117647058822 0.01699346405228758
1 0.34154411764705883 0.3581699346405229 0.025735294117647058 0.023529411764705882
0 0.34816176470588234 0.35555555555555557 0.025735294117647058 0.02091503267973856
0 0.33125 0.3464052287581699 0.021323529411764706 0.018300653594771243
0 0.33345588235294116 0.33137254901960783 0.019852941176470587 0.0196078431372549
0 0.3474264705882353 0.32679738562091504 0.021323529411764706 0.01568627450980392
0 0.3522058823529412 0.3215686274509804 0.023529411764705882 0.018300653594771243
0 0.3400735294117647 0.31437908496732025 0.022794117647058822 0.01699346405228758
0 0.3536764705882353 0.3104575163398693 0.022058823529411766 0.01437908496732026
0 0.33308823529411763 0.2954248366013072 0.020588235294117647 0.01568627450980392
0 0.34411764705882353 0.2934640522875817 0.01764705882352941 0.01437908496732026
0 0.39301470588235293 0.3627450980392157 0.016911764705882352 0.02483660130718954
0 0.3985294117647059 0.3483660130718954 0.014705882352941176 0.0196078431372549
0 0.40404411764705883 0.3366013071895425 0.0125 0.01699346405228758
0 0.4235294117647059 0.30196078431372547 0.011764705882352941 0.018300653594771243
0 0.4176470588235294 0.29477124183006537 0.007352941176470588 0.01699346405228758
0 0.3863970588235294 0.30392156862745096 0.02426470588235294 0.0196078431372549
0 0.3889705882352941 0.29934640522875816 0.020588235294117647 0.018300653594771243
0 0.7099264705882353 0.7967320261437908 0.04632352941176471 0.07712418300653595
0 0.6514705882352941 0.6856209150326797 0.029411764705882353 0.05620915032679739
3 0.7536764705882353 0.6875816993464052 0.060294117647058824 0.06535947712418301
0 0.6308823529411764 0.5562091503267974 0.026470588235294117 0.03790849673202614
0 0.6860294117647059 0.5516339869281046 0.04411764705882353 0.0392156862745098
0 0.9463235294117647 0.8986928104575164 0.10735294117647058 0.07973856209150326
0 0.9022058823529412 0.8464052287581699 0.10441176470588236 0.06928104575163399
0 0.7022058823529411 0.4320261437908497 0.022058823529411766 0.027450980392156862
0 0.6647058823529411 0.41241830065359475 0.01911764705882353 0.027450980392156862
0 0.5022058823529412 0.434640522875817 0.016176470588235296 0.02483660130718954
0 0.5341911764705882 0.3366013071895425 0.0125 0.0196078431372549
1 0.49264705882352944 0.34444444444444444 0.014705882352941176 0.030065359477124184
0 0.4933823529411765 0.32941176470588235 0.008823529411764706 0.01568627450980392
0 0.4933823529411765 0.32222222222222224 0.010294117647058823 0.01699346405228758
3 0.5275735294117647 0.3196078431372549 0.009558823529411765 0.0196078431372549
0 0.5238970588235294 0.30718954248366015 0.011029411764705883 0.01568627450980392
0 0.5102941176470588 0.3150326797385621 0.010294117647058823 0.018300653594771243
0 0.5077205882352941 0.30980392156862746 0.011029411764705883 0.01568627450980392
0 0.5088235294117647 0.30392156862745096 0.008823529411764706 0.01437908496732026
0 0.49080882352941174 0.30915032679738563 0.011029411764705883 0.01699346405228758
0 0.48933823529411763 0.3 0.009558823529411765 0.011764705882352941
0 0.49375 0.2901960784313726 0.01838235294117647 0.018300653594771243
0 0.5871323529411765 0.34248366013071896 0.02426470588235294 0.018300653594771243
3 0.6367647058823529 0.32483660130718955 0.022058823529411766 0.022222222222222223
3 0.6356617647058823 0.31895424836601305 0.025735294117647058 0.018300653594771243
0 0.6371323529411764 0.296078431372549 0.0125 0.01699346405228758
0 0.6231617647058824 0.29673202614379085 0.0125 0.018300653594771243
0 0.6003676470588235 0.29869281045751633 0.0125 0.01699346405228758
0 0.475 0.26405228758169935 0.007352941176470588 0.013071895424836602
2 0.524264705882353 0.25882352941176473 0.010294117647058823 0.023529411764705882
0 0.5158088235294118 0.2607843137254902 0.008088235294117648 0.011764705882352941
0 0.36066176470588235 0.2725490196078431 0.016911764705882352 0.011764705882352941
0 0.38529411764705884 0.2647058823529412 0.008823529411764706 0.01437908496732026
3 0.39705882352941174 0.25947712418300656 0.010294117647058823 0.0196078431372549
0 0.4051470588235294 0.2633986928104575 0.008823529411764706 0.01437908496732026
0 0.46139705882352944 0.2647058823529412 0.008088235294117648 0.01437908496732026
0 0.44816176470588237 0.26601307189542484 0.008088235294117648 0.01437908496732026
