0 0.4536764705882353 0.8418300653594771 0.01911764705882353 0.08366013071895424
0 0.45588235294117646 0.6366013071895424 0.01764705882352941 0.0784313725490196
0 0.6014705882352941 0.6797385620915033 0.01764705882352941 0.06797385620915032
0 0.5088235294117647 0.5228758169934641 0.01764705882352941 0.06535947712418301
0 0.49522058823529413 0.29150326797385623 0.016911764705882352 0.06013071895424837
0 0.518014705882353 0.2 0.015441176470588236 0.05751633986928104
0 0.4591911764705882 0.2045751633986928 0.016911764705882352 0.07712418300653595
0 0.4632352941176471 0.03594771241830065 0.016176470588235296 0.06143790849673202
0 0.08235294117647059 0.7209150326797386 0.04411764705882353 0.03529411764705882
0 0.09044117647058823 0.6235294117647059 0.041176470588235294 0.03398692810457516
0 0.09595588235294118 0.5431372549019607 0.04191176470588235 0.032679738562091505
3 0.45441176470588235 0.44640522875816996 0.013235294117647059 0.058823529411764705
0 0.09448529411764706 0.17973856209150327 0.04044117647058824 0.030065359477124184
0 0.35404411764705884 0.6209150326797386 0.019852941176470587 0.07320261437908497
3 0.5488970588235295 0.10784313725490197 0.022794117647058822 0.05620915032679739
0 0.5988970588235294 0.29869281045751633 0.01838235294117647 0.07450980392156863
0 0.606985294117647 0.20392156862745098 0.03161764705882353 0.06013071895424837
0 0.8959558823529412 0.10522875816993464 0.03602941176470588 0.02483660130718954
0 0.8599264705882353 0.1084967320261438 0.025735294117647058 0.02091503267973856
