0 0.5761029411764705 0.9104575163398693 0.05514705882352941 0.08758169934640522
0 0.5191176470588236 0.7647058823529411 0.051470588235294115 0.05228758169934641
0 0.45036764705882354 0.5803921568627451 0.04191176470588235 0.03398692810457516
0 0.18676470588235294 0.6529411764705882 0.026470588235294117 0.03790849673202614
0 0.15625 0.3954248366013072 0.019852941176470587 0.030065359477124184
1 0.24080882352941177 0.46078431372549017 0.028676470588235293 0.08235294117647059
1 0.2676470588235294 0.28823529411764703 0.014705882352941176 0.048366013071895426
1 0.24154411764705883 0.26209150326797387 0.0125 0.040522875816993466
1 0.2650735294117647 0.24509803921568626 0.011029411764705883 0.030065359477124184
1 0.3136029411764706 0.7405228758169935 0.09485294117647058 0.21830065359477124
0 0.47205882352941175 0.42549019607843136 0.014705882352941176 0.022222222222222223
0 0.4713235294117647 0.4117647058823529 0.022058823529411766 0.018300653594771243
0 0.46397058823529413 0.492156862745098 0.020588235294117647 0.027450980392156862
0 0.45625 0.5130718954248366 0.01838235294117647 0.032679738562091505
0 0.1849264705882353 0.32483660130718955 0.013970588235294118 0.022222222222222223
0 0.5790441176470589 0.7875816993464052 0.04632352941176471 0.0718954248366013
3 0.5246323529411765 0.711764705882353 0.04926470588235294 0.048366013071895426
0 0.5283088235294118 0.6875816993464052 0.05220588235294118 0.0392156862745098
0 0.35 0.6392156862745098 0.030882352941176472 0.0392156862745098
0 0.3426470588235294 0.5947712418300654 0.023529411764705882 0.036601307189542485
0 0.3290441176470588 0.561437908496732 0.03308823529411765 0.03790849673202614
0 0.4297794117647059 0.5163398692810458 0.021323529411764706 0.03137254901960784
0 0.34963235294117645 0.37516339869281046 0.013970588235294118 0.026143790849673203
0 0.33198529411764705 0.4503267973856209 0.015441176470588236 0.022222222222222223
0 0.31029411764705883 0.45555555555555555 0.016176470588235296 0.02483660130718954
0 0.3316176470588235 0.4797385620915033 0.022058823529411766 0.02875816993464052
3 0.3610294117647059 0.30718954248366015 0.016176470588235296 0.02875816993464052
0 0.24816176470588236 0.3196078431372549 0.009558823529411765 0.01699346405228758
0 0.2926470588235294 0.34248366013071896 0.008823529411764706 0.01568627450980392
0 0.29411764705882354 0.33137254901960783 0.010294117647058823 0.01437908496732026
3 0.32316176470588237 0.25947712418300656 0.008088235294117648 0.01437908496732026
0 0.33455882352941174 0.2529411764705882 0.007352941176470588 0.011764705882352941
0 0.22977941176470587 0.2633986928104575 0.008088235294117648 0.011764705882352941
0 0.2731617647058823 0.1980392156862745 0.005147058823529412 0.009150326797385621
0 0.2647058823529412 0.20261437908496732 0.0058823529411764705 0.00784313725490196
3 0.21654411764705883 0.25359477124183005 0.009558823529411765 0.018300653594771243
3 0.25625 0.1980392156862745 0.005147058823529412 0.009150326797385621
1 0.2893382352941177 0.20915032679738563 0.009558823529411765 0.026143790849673203
1 0.2889705882352941 0.20130718954248367 0.008823529411764706 0.026143790849673203
0 0.26286764705882354 0.18169934640522875 0.005147058823529412 0.00784313725490196
0 0.24595588235294116 0.17973856209150327 0.005147058823529412 0.009150326797385621
0 0.23529411764705882 0.17973856209150327 0.0058823529411764705 0.009150326797385621
0 0.23713235294117646 0.16732026143790849 0.006617647058823529 0.00784313725490196
0 0.2474264705882353 0.17320261437908496 0.005147058823529412 0.009150326797385621
1 0.1801470588235294 0.19215686274509805 0.020588235294117647 0.02091503267973856
