3 0.21764705882352942 0.7032679738562092 0.13823529411764707 0.1542483660130719
3 0.29191176470588237 0.5679738562091503 0.051470588235294115 0.13202614379084968
3 0.27205882352941174 0.46862745098039216 0.08088235294117647 0.07973856209150326
0 0.3650735294117647 0.17777777777777778 0.02426470588235294 0.04183006535947712
0 0.13713235294117648 0.27320261437908494 0.06102941176470588 0.05751633986928104
0 0.15514705882352942 0.28431372549019607 0.047058823529411764 0.05359477124183006
0 0.16875 0.18823529411764706 0.04044117647058824 0.044444444444444446
3 0.3628676470588235 0.13202614379084968 0.02426470588235294 0.04967320261437908
0 0.3886029411764706 0.15490196078431373 0.021323529411764706 0.03790849673202614
0 0.3871323529411765 0.11503267973856209 0.019852941176470587 0.03398692810457516
3 0.36801470588235297 0.10130718954248366 0.019852941176470587 0.03529411764705882
3 0.3720588235294118 0.07973856209150326 0.01764705882352941 0.03398692810457516
0 0.3735294117647059 0.06601307189542484 0.01764705882352941 0.027450980392156862
0 0.375 0.052941176470588235 0.01764705882352941 0.030065359477124184
3 0.37977941176470587 0.02287581699346405 0.015441176470588236 0.02483660130718954
3 0.3827205882352941 0.00784313725490196 0.013970588235294118 0.01568627450980392
3 0.4742647058823529 0.04379084967320261 0.013235294117647059 0.022222222222222223
3 0.4772058823529412 0.05555555555555555 0.016176470588235296 0.027450980392156862
0 0.4724264705882353 0.06993464052287582 0.016911764705882352 0.022222222222222223
3 0.46176470588235297 0.10261437908496732 0.01764705882352941 0.030065359477124184
3 0.48455882352941176 0.09477124183006536 0.01911764705882353 0.032679738562091505
0 0.5102941176470588 0.056862745098039215 0.029411764705882353 0.027450980392156862
0 0.5264705882352941 0.09019607843137255 0.01911764705882353 0.03398692810457516
0 0.5283088235294118 0.12352941176470589 0.03602941176470588 0.02483660130718954
0 0.5610294117647059 0.39673202614379083 0.0661764705882353 0.07973856209150326
0 0.5522058823529412 0.4777777777777778 0.05 0.08758169934640522
0 0.6426470588235295 0.41830065359477125 0.07941176470588235 0.06535947712418301
0 0.6658088235294117 0.19411764705882353 0.027205882352941177 0.03790849673202614
1 0.7411764705882353 0.16862745098039217 0.06470588235294118 0.07320261437908497
0 0.6227941176470588 0.6712418300653594 0.06323529411764706 0.12418300653594772
0 0.7224264705882353 0.6967320261437908 0.07720588235294118 0.13856209150326798
