0 0.0484375 0.9324074074074075 0.096875 0.12777777777777777
0 0.3046875 0.3490740740740741 0.021875 0.03518518518518519
1 0.32083333333333336 0.31851851851851853 0.03125 0.02962962962962963
0 0.3609375 0.2601851851851852 0.013541666666666667 0.027777777777777776
0 0.465625 0.5712962962962963 0.03958333333333333 0.06851851851851852
0 0.4244791666666667 0.2861111111111111 0.015625 0.024074074074074074
3 0.4375 0.23796296296296296 0.010416666666666666 0.024074074074074074
0 0.43802083333333336 0.225 0.009375 0.016666666666666666
0 0.47552083333333334 0.2953703703703704 0.017708333333333333 0.024074074074074074
0 0.47291666666666665 0.24074074074074073 0.0125 0.018518518518518517
0 0.49270833333333336 0.22777777777777777 0.010416666666666666 0.018518518518518517
3 0.43020833333333336 0.18611111111111112 0.008333333333333333 0.020370370370370372
0 0.6005208333333333 0.44074074074074077 0.030208333333333334 0.05185185185185185
