0 0.4319852941176471 0.9150326797385621 0.11838235294117647 0.13071895424836602
0 0.9099264705882353 0.8725490196078431 0.0875 0.13202614379084968
0 0.8411764705882353 0.6777777777777778 0.0661764705882353 0.09019607843137255
0 0.7977941176470589 0.7248366013071895 0.07205882352941176 0.1084967320261438
0 0.6415441176470589 0.44248366013071894 0.04485294117647059 0.05359477124183006
1 0.26838235294117646 0.31633986928104574 0.09852941176470588 0.08366013071895424
1 0.46691176470588236 0.3392156862745098 0.06323529411764706 0.09281045751633987
0 0.5158088235294118 0.3202614379084967 0.0375 0.047058823529411764
0 0.43933823529411764 0.01241830065359477 0.008088235294117648 0.01437908496732026
0 0.4430147058823529 0.025490196078431372 0.009558823529411765 0.01699346405228758
0 0.4496323529411765 0.047058823529411764 0.009558823529411765 0.01568627450980392
0 0.4702205882352941 0.10392156862745099 0.011029411764705883 0.01699346405228758
0 0.5375 0.16470588235294117 0.016176470588235296 0.023529411764705882
0 0.575 0.17712418300653596 0.01764705882352941 0.02483660130718954
0 0.5636029411764706 0.20326797385620915 0.016911764705882352 0.027450980392156862
0 0.6014705882352941 0.22549019607843138 0.020588235294117647 0.032679738562091505
0 0.6261029411764706 0.28104575163398693 0.02426470588235294 0.03398692810457516
1 0.47095588235294117 0.1934640522875817 0.01838235294117647 0.0392156862745098
1 0.5113970588235294 0.2235294117647059 0.02426470588235294 0.04183006535947712
0 0.5066176470588235 0.0784313725490196 0.010294117647058823 0.01568627450980392
0 0.5433823529411764 0.06274509803921569 0.01764705882352941 0.01568627450980392
0 0.50625 0.06470588235294118 0.011029411764705883 0.01699346405228758
3 0.5470588235294118 0.12941176470588237 0.014705882352941176 0.02875816993464052
3 0.5643382352941176 0.11568627450980393 0.0125 0.022222222222222223
3 0.48125 0.050980392156862744 0.011029411764705883 0.018300653594771243
2 0.5102941176470588 0.04379084967320261 0.01764705882352941 0.03529411764705882
1 0.4849264705882353 0.013071895424836602 0.011029411764705883 0.018300653594771243
3 0.8536764705882353 0.10588235294117647 0.01911764705882353 0.02091503267973856
0 0.8588235294117647 0.1130718954248366 0.020588235294117647 0.01437908496732026
0 0.8555147058823529 0.12745098039215685 0.030147058823529412 0.01699346405228758
0 0.86875 0.11503267973856209 0.021323529411764706 0.018300653594771243
0 0.8746323529411765 0.14183006535947712 0.027205882352941177 0.0196078431372549
3 0.8753676470588235 0.11960784313725491 0.022794117647058822 0.0196078431372549
0 0.8871323529411764 0.12418300653594772 0.028676470588235293 0.018300653594771243
0 0.90625 0.13790849673202615 0.027205882352941177 0.022222222222222223
0 0.8518382352941176 0.07254901960784314 0.016911764705882352 0.01437908496732026
0 0.8591911764705882 0.07450980392156863 0.021323529411764706 0.01568627450980392
0 0.8643382352941177 0.08104575163398693 0.022794117647058822 0.01568627450980392
3 0.8794117647058823 0.08627450980392157 0.020588235294117647 0.018300653594771243
0 0.8959558823529412 0.09411764705882353 0.016911764705882352 0.01568627450980392
0 0.9033088235294118 0.09477124183006536 0.022794117647058822 0.01699346405228758
0 0.9125 0.1 0.023529411764705882 0.01699346405228758
0 0.9235294117647059 0.16405228758169935 0.029411764705882353 0.0196078431372549
0 0.9161764705882353 0.15947712418300652 0.029411764705882353 0.02091503267973856
0 0.9823529411764705 0.1326797385620915 0.023529411764705882 0.0196078431372549
0 0.9676470588235294 0.1287581699346405 0.020588235294117647 0.022222222222222223
0 0.9595588235294118 0.12222222222222222 0.025 0.022222222222222223
