0 0.5703125 0.7092592592592593 0.06145833333333333 0.1111111111111111
0 0.31354166666666666 0.8037037037037037 0.0625 0.14444444444444443
0 0.49895833333333334 0.5083333333333333 0.035416666666666666 0.053703703703703705
0 0.525 0.44074074074074077 0.027083333333333334 0.044444444444444446
0 0.2947916666666667 0.5722222222222222 0.0375 0.07407407407407407
0 0.15416666666666667 0.6388888888888888 0.0375 0.07407407407407407
0 0.190625 0.649074074074074 0.035416666666666666 0.08333333333333333
0 0.36770833333333336 0.4842592592592593 0.03333333333333333 0.05
0 0.334375 0.48148148148148145 0.027083333333333334 0.040740740740740744
0 0.3921875 0.4074074074074074 0.017708333333333333 0.025925925925925925
3 0.32447916666666665 0.44351851851851853 0.042708333333333334 0.03518518518518519
3 0.33541666666666664 0.4361111111111111 0.04583333333333333 0.03518518518518519
0 0.3421875 0.4212962962962963 0.042708333333333334 0.03148148148148148
0 0.5984375 0.49074074074074076 0.028125 0.040740740740740744
0 0.575 0.4305555555555556 0.020833333333333332 0.03518518518518519
0 0.5625 0.4009259259259259 0.020833333333333332 0.03148148148148148
