0 0.5845588235294118 0.06797385620915032 0.007352941176470588 0.01045751633986928
0 0.5507352941176471 0.07124183006535947 0.008823529411764706 0.011764705882352941
0 0.5658088235294118 0.0673202614379085 0.006617647058823529 0.011764705882352941
0 0.5768382352941176 0.0784313725490196 0.006617647058823529 0.01045751633986928
0 0.5705882352941176 0.0934640522875817 0.008823529411764706 0.011764705882352941
3 0.5753676470588235 0.10980392156862745 0.009558823529411765 0.02091503267973856
0 0.600735294117647 0.1450980392156863 0.013235294117647059 0.023529411764705882
0 0.6268382352941176 0.35294117647058826 0.03455882352941177 0.054901960784313725
0 0.5485294117647059 0.13333333333333333 0.013235294117647059 0.02091503267973856
0 0.5518382352941177 0.14640522875816994 0.015441176470588236 0.023529411764705882
0 0.5536764705882353 0.16143790849673204 0.014705882352941176 0.030065359477124184
0 0.5514705882352942 0.1758169934640523 0.016176470588235296 0.02483660130718954
0 0.5536764705882353 0.1895424836601307 0.01764705882352941 0.02875816993464052
3 0.5540441176470589 0.2045751633986928 0.01838235294117647 0.043137254901960784
0 0.5558823529411765 0.22875816993464052 0.022058823529411766 0.036601307189542485
0 0.5496323529411765 0.24901960784313726 0.02426470588235294 0.0457516339869281
0 0.5474264705882353 0.28366013071895424 0.028676470588235293 0.047058823529411764
0 0.5518382352941177 0.31699346405228757 0.03161764705882353 0.06143790849673202
0 0.5459558823529411 0.365359477124183 0.03455882352941177 0.06143790849673202
0 0.5584558823529412 0.4189542483660131 0.03897058823529412 0.07450980392156863
3 0.5426470588235294 0.4627450980392157 0.04264705882352941 0.11241830065359477
0 0.5128676470588235 0.1934640522875817 0.019852941176470587 0.03137254901960784
0 0.49080882352941174 0.26209150326797387 0.027205882352941177 0.043137254901960784
0 0.5003676470588235 0.32483660130718955 0.030147058823529412 0.05620915032679739
0 0.48970588235294116 0.3660130718954248 0.03676470588235294 0.07581699346405228
0 0.4753676470588235 0.4437908496732026 0.04485294117647059 0.08758169934640522
0 0.7025735294117647 0.15490196078431373 0.015441176470588236 0.022222222222222223
0 0.6963235294117647 0.16470588235294117 0.029411764705882353 0.02091503267973856
3 0.7095588235294118 0.18888888888888888 0.014705882352941176 0.032679738562091505
0 0.7283088235294117 0.2111111111111111 0.022794117647058822 0.032679738562091505
3 0.9419117647058823 0.492156862745098 0.052941176470588235 0.1084967320261438
0 0.4522058823529412 0.1300653594771242 0.029411764705882353 0.01437908496732026
0 0.45 0.14705882352941177 0.029411764705882353 0.022222222222222223
0 0.4227941176470588 0.17450980392156862 0.03676470588235294 0.02483660130718954
0 0.42720588235294116 0.17058823529411765 0.030882352941176472 0.0196078431372549
0 0.39926470588235297 0.2222222222222222 0.029411764705882353 0.04183006535947712
0 0.3805147058823529 0.26862745098039215 0.03897058823529412 0.043137254901960784
3 0.22794117647058823 0.396078431372549 0.08970588235294118 0.09411764705882353
0 0.10955882352941176 0.6202614379084967 0.14705882352941177 0.12941176470588237
