3 0.5066176470588235 0.5058823529411764 0.04852941176470588 0.10980392156862745
3 0.47941176470588237 0.4045751633986928 0.030882352941176472 0.06405228758169934
3 0.3150735294117647 0.7915032679738562 0.05514705882352941 0.1607843137254902
3 0.20147058823529412 0.611764705882353 0.06911764705882353 0.1568627450980392
3 0.027941176470588237 0.5398692810457516 0.05588235294117647 0.0915032679738562
3 0.20477941176470588 0.1843137254901961 0.05220588235294118 0.04183006535947712
0 0.3316176470588235 0.37516339869281046 0.026470588235294117 0.06274509803921569
0 0.36323529411764705 0.1287581699346405 0.016176470588235296 0.027450980392156862
0 0.3897058823529412 0.11830065359477124 0.016176470588235296 0.027450980392156862
0 0.4363970588235294 0.1261437908496732 0.013970588235294118 0.02483660130718954
0 0.37279411764705883 0.06666666666666667 0.011764705882352941 0.01568627450980392
0 0.4091911764705882 0.07254901960784314 0.011029411764705883 0.01699346405228758
3 0.40845588235294117 0.09803921568627451 0.0125 0.023529411764705882
3 0.40625 0.048366013071895426 0.009558823529411765 0.018300653594771243
0 0.3477941176470588 0.04967320261437908 0.011764705882352941 0.01568627450980392
0 0.36875 0.03398692810457516 0.008088235294117648 0.01045751633986928
0 0.36066176470588235 0.02483660130718954 0.009558823529411765 0.01568627450980392
0 0.34852941176470587 0.022222222222222223 0.008823529411764706 0.01568627450980392
0 0.025 0.7450980392156863 0.05 0.10718954248366012
0 0.2661764705882353 0.09803921568627451 0.030882352941176472 0.02091503267973856
0 0.26801470588235293 0.07973856209150326 0.028676470588235293 0.018300653594771243
0 0.2783088235294118 0.06535947712418301 0.028676470588235293 0.018300653594771243
0 0.24669117647058825 0.07254901960784314 0.028676470588235293 0.0196078431372549
0 0.19375 0.29869281045751633 0.030147058823529412 0.048366013071895426
0 0.1536764705882353 0.3032679738562091 0.026470588235294117 0.0392156862745098
0 0.518014705882353 0.1 0.019852941176470587 0.0196078431372549
0 0.5029411764705882 0.0803921568627451 0.020588235294117647 0.0196078431372549
0 0.4863970588235294 0.047058823529411764 0.015441176470588236 0.01568627450980392
