0 0.9713235294117647 0.49607843137254903 0.057352941176470586 0.09803921568627451
3 0.14448529411764705 0.9588235294117647 0.11985294117647059 0.08235294117647059
0 0.5584558823529412 0.5967320261437908 0.09044117647058823 0.20784313725490197
0 0.6147058823529412 0.4588235294117647 0.041176470588235294 0.044444444444444446
0 0.6595588235294118 0.2980392156862745 0.12352941176470589 0.12810457516339868
0 0.47352941176470587 0.2235294117647059 0.09411764705882353 0.08104575163398693
0 0.5136029411764705 0.30915032679738563 0.11102941176470588 0.10326797385620914
0 0.8492647058823529 0.1718954248366013 0.07205882352941176 0.09019607843137255
0 0.7845588235294118 0.036601307189542485 0.04852941176470588 0.07058823529411765
0 0.7363970588235295 0.01895424836601307 0.04485294117647059 0.03790849673202614
0 0.2735294117647059 0.036601307189542485 0.0838235294117647 0.07058823529411765
