0 0.4432291666666667 0.018518518518518517 0.011458333333333333 0.022222222222222223
0 0.42864583333333334 0.022222222222222223 0.013541666666666667 0.02962962962962963
0 0.359375 0.06851851851851852 0.03333333333333333 0.02962962962962963
1 0.365625 0.11944444444444445 0.01875 0.05
0 0.28854166666666664 0.21481481481481482 0.04791666666666667 0.02962962962962963
0 0.2786458333333333 0.2388888888888889 0.04479166666666667 0.02962962962962963
3 0.2994791666666667 0.29907407407407405 0.053125 0.05
2 0.390625 0.24074074074074073 0.0375 0.11851851851851852
0 0.49635416666666665 0.5027777777777778 0.040625 0.09074074074074075
3 0.2546875 0.4351851851851852 0.06354166666666666 0.06296296296296296
0 0.21041666666666667 0.5222222222222223 0.09166666666666666 0.07407407407407407
0 0.24375 0.649074074074074 0.10208333333333333 0.08333333333333333
0 0.2916666666666667 0.8537037037037037 0.058333333333333334 0.18518518518518517
0 0.11302083333333333 0.9638888888888889 0.13229166666666667 0.07222222222222222
