0 0.015073529411764706 0.13856209150326798 0.030147058823529412 0.06535947712418301
0 0.15330882352941178 0.10588235294117647 0.08161764705882353 0.06013071895424837
0 0.5334558823529412 0.10457516339869281 0.0713235294117647 0.054901960784313725
0 0.5727941176470588 0.023529411764705882 0.0661764705882353 0.044444444444444446
0 0.7404411764705883 0.021568627450980392 0.06470588235294118 0.043137254901960784
0 0.8727941176470588 0.043137254901960784 0.0661764705882353 0.047058823529411764
0 0.8496323529411764 0.10326797385620914 0.06838235294117648 0.05228758169934641
0 0.9724264705882353 0.5549019607843138 0.05514705882352941 0.134640522875817
0 0.825 0.8117647058823529 0.10735294117647058 0.21176470588235294
0 0.32573529411764707 0.9065359477124183 0.07794117647058824 0.1843137254901961
