3 0.12389705882352942 0.03529411764705882 0.03161764705882353 0.036601307189542485
3 0.18713235294117647 0.03333333333333333 0.04632352941176471 0.032679738562091505
0 0.2363970588235294 0.03594771241830065 0.04338235294117647 0.03529411764705882
0 0.31580882352941175 0.04379084967320261 0.04191176470588235 0.03529411764705882
0 0.3863970588235294 0.011111111111111112 0.03897058823529412 0.022222222222222223
1 0.42169117647058824 0.03398692810457516 0.06397058823529411 0.04183006535947712
0 0.5305147058823529 0.05163398692810457 0.03897058823529412 0.032679738562091505
0 0.6713235294117647 0.01045751633986928 0.039705882352941174 0.02091503267973856
0 0.6698529411764705 0.044444444444444446 0.03676470588235294 0.02875816993464052
0 0.7272058823529411 0.02875816993464052 0.03823529411764706 0.02875816993464052
3 0.7235294117647059 0.058823529411764705 0.027941176470588237 0.0392156862745098
3 0.7095588235294118 0.009150326797385621 0.03676470588235294 0.018300653594771243
3 0.743014705882353 0.01045751633986928 0.03602941176470588 0.02091503267973856
3 0.7540441176470588 0.040522875816993466 0.03897058823529412 0.04183006535947712
0 0.775 0.00980392156862745 0.033823529411764704 0.0196078431372549
0 0.8183823529411764 0.011764705882352941 0.04411764705882353 0.023529411764705882
0 0.8286764705882353 0.03202614379084967 0.04411764705882353 0.030065359477124184
0 0.8088235294117647 0.06143790849673202 0.030882352941176472 0.02875816993464052
0 0.830514705882353 0.05751633986928104 0.03161764705882353 0.02875816993464052
0 0.8683823529411765 0.06405228758169934 0.03529411764705882 0.03137254901960784
0 0.8757352941176471 0.052941176470588235 0.05 0.03529411764705882
0 0.8727941176470588 0.013725490196078431 0.04411764705882353 0.02483660130718954
3 0.8977941176470589 0.041176470588235294 0.03823529411764706 0.03790849673202614
3 0.9158088235294117 0.013071895424836602 0.04338235294117647 0.026143790849673203
3 0.950735294117647 0.040522875816993466 0.051470588235294115 0.0392156862745098
0 0.9529411764705882 0.026143790849673203 0.03823529411764706 0.02875816993464052
0 0.9573529411764706 0.016339869281045753 0.04264705882352941 0.027450980392156862
0 0.9882352941176471 0.01437908496732026 0.023529411764705882 0.026143790849673203
