0 0.55625 0.6450980392156863 0.03161764705882353 0.05359477124183006
0 0.8459558823529412 0.6104575163398693 0.04338235294117647 0.05228758169934641
0 0.7713235294117647 0.5549019607843138 0.030882352941176472 0.05359477124183006
0 0.49411764705882355 0.4235294117647059 0.014705882352941176 0.02875816993464052
0 0.6279411764705882 0.4 0.03235294117647059 0.023529411764705882
3 0.6911764705882353 0.36993464052287583 0.033823529411764704 0.023529411764705882
3 0.6856617647058824 0.361437908496732 0.03161764705882353 0.022222222222222223
0 0.6801470588235294 0.3209150326797386 0.014705882352941176 0.01699346405228758
0 0.6613970588235294 0.3196078431372549 0.015441176470588236 0.01437908496732026
0 0.5466911764705882 0.3627450980392157 0.013970588235294118 0.0196078431372549
0 0.3503676470588235 0.4470588235294118 0.02426470588235294 0.036601307189542485
0 0.25625 0.5366013071895425 0.03161764705882353 0.0457516339869281
0 0.22058823529411764 0.4895424836601307 0.058823529411764705 0.040522875816993466
0 0.18382352941176472 0.5032679738562091 0.03529411764705882 0.036601307189542485
3 0.2099264705882353 0.4084967320261438 0.016911764705882352 0.032679738562091505
0 0.18639705882352942 0.42745098039215684 0.01838235294117647 0.036601307189542485
1 0.27426470588235297 0.44248366013071894 0.03529411764705882 0.03529411764705882
0 0.2893382352941177 0.43333333333333335 0.030147058823529412 0.027450980392156862
0 0.26875 0.4169934640522876 0.03161764705882353 0.026143790849673203
0 0.20772058823529413 0.3843137254901961 0.03455882352941177 0.023529411764705882
0 0.2783088235294118 0.39019607843137255 0.027205882352941177 0.02483660130718954
0 0.29926470588235293 0.37777777777777777 0.033823529411764704 0.02091503267973856
0 0.2746323529411765 0.34509803921568627 0.03161764705882353 0.018300653594771243
0 0.30625 0.36797385620915035 0.03161764705882353 0.0196078431372549
0 0.29154411764705884 0.3568627450980392 0.030147058823529412 0.018300653594771243
0 0.31213235294117647 0.3477124183006536 0.030147058823529412 0.018300653594771243
3 0.2908088235294118 0.32483660130718955 0.025735294117647058 0.0196078431372549
0 0.3058823529411765 0.3202614379084967 0.022058823529411766 0.018300653594771243
0 0.3625 0.42026143790849674 0.020588235294117647 0.027450980392156862
0 0.40661764705882353 0.33137254901960783 0.013235294117647059 0.022222222222222223
0 0.37279411764705883 0.3954248366013072 0.016176470588235296 0.02483660130718954
0 0.3610294117647059 0.3411764705882353 0.023529411764705882 0.01568627450980392
0 0.3573529411764706 0.3333333333333333 0.025 0.018300653594771243
0 0.36176470588235293 0.32679738562091504 0.025 0.01568627450980392
0 0.3654411764705882 0.32222222222222224 0.023529411764705882 0.01437908496732026
0 0.5205882352941177 0.3535947712418301 0.014705882352941176 0.0196078431372549
3 0.5389705882352941 0.34705882352941175 0.011764705882352941 0.02483660130718954
0 0.5345588235294118 0.33464052287581697 0.011764705882352941 0.018300653594771243
0 0.5150735294117647 0.3431372549019608 0.0125 0.0196078431372549
1 0.49522058823529413 0.39281045751633986 0.021323529411764706 0.040522875816993466
0 0.49779411764705883 0.36666666666666664 0.014705882352941176 0.0196078431372549
0 0.4944852941176471 0.35555555555555557 0.0125 0.018300653594771243
0 0.4933823529411765 0.34183006535947713 0.011764705882352941 0.01699346405228758
0 0.4919117647058823 0.33137254901960783 0.011764705882352941 0.01699346405228758
0 0.5161764705882353 0.330718954248366 0.011764705882352941 0.01568627450980392
0 0.49816176470588236 0.3111111111111111 0.022794117647058822 0.018300653594771243
0 0.4547794117647059 0.29150326797385623 0.009558823529411765 0.01568627450980392
0 0.44191176470588234 0.2869281045751634 0.008823529411764706 0.01437908496732026
0 0.4753676470588235 0.2751633986928105 0.009558823529411765 0.01437908496732026
0 0.44080882352941175 0.2738562091503268 0.011029411764705883 0.011764705882352941
0 0.3654411764705882 0.2758169934640523 0.011764705882352941 0.01568627450980392
3 0.39080882352941176 0.2725490196078431 0.011029411764705883 0.01437908496732026
3 0.3805147058823529 0.26862745098039215 0.011029411764705883 0.02483660130718954
0 0.3371323529411765 0.27908496732026145 0.0125 0.01699346405228758
3 0.3099264705882353 0.28366013071895424 0.016911764705882352 0.018300653594771243
3 0.3150735294117647 0.2797385620915033 0.016911764705882352 0.018300653594771243
0 0.3025735294117647 0.2758169934640523 0.008088235294117648 0.018300653594771243
2 0.5360294117647059 0.2673202614379085 0.011764705882352941 0.032679738562091505
0 0.5235294117647059 0.26862745098039215 0.007352941176470588 0.011764705882352941
0 0.5 0.20915032679738563 0.004411764705882353 0.01045751633986928
0 0.4970588235294118 0.20522875816993463 0.004411764705882353 0.01045751633986928
0 0.4783088235294118 0.23660130718954248 0.0125 0.013071895424836602
3 0.4768382352941177 0.22156862745098038 0.008088235294117648 0.011764705882352941
0 0.4764705882352941 0.2111111111111111 0.0058823529411764705 0.009150326797385621
0 0.643014705882353 0.37254901960784315 0.005147058823529412 0.02091503267973856
0 0.5852941176470589 0.3366013071895425 0.011764705882352941 0.0196078431372549
2 0.6183823529411765 0.33398692810457514 0.030882352941176472 0.03790849673202614
