3 0.8621323529411765 0.773202614379085 0.04485294117647059 0.1503267973856209
3 0.6823529411764706 0.7052287581699347 0.047058823529411764 0.13986928104575164
3 0.6834558823529412 0.6032679738562091 0.04338235294117647 0.09281045751633987
0 0.7213235294117647 0.45294117647058824 0.026470588235294117 0.050980392156862744
0 0.8040441176470589 0.39869281045751637 0.02426470588235294 0.0392156862745098
3 0.7525735294117647 0.4045751633986928 0.01838235294117647 0.040522875816993466
3 0.8393382352941177 0.42549019607843136 0.02426470588235294 0.048366013071895426
3 0.836764705882353 0.3934640522875817 0.020588235294117647 0.044444444444444446
0 0.7334558823529411 0.3235294117647059 0.019852941176470587 0.040522875816993466
1 0.9922794117647059 0.1326797385620915 0.015441176470588236 0.02483660130718954
1 0.955514705882353 0.16143790849673204 0.027205882352941177 0.043137254901960784
0 0.775 0.11699346405228758 0.008823529411764706 0.01437908496732026
3 0.6378676470588235 0.19477124183006536 0.025735294117647058 0.02091503267973856
0 0.6893382352941176 0.23333333333333334 0.030147058823529412 0.0196078431372549
0 0.7492647058823529 0.2111111111111111 0.027941176470588237 0.01699346405228758
0 0.7595588235294117 0.24183006535947713 0.033823529411764704 0.02091503267973856
0 0.8077205882352941 0.24183006535947713 0.03308823529411765 0.023529411764705882
