0 0.04007352941176471 0.9 0.08014705882352942 0.19477124183006536
0 0.11948529411764706 0.8947712418300654 0.08897058823529412 0.20261437908496732
0 0.2426470588235294 0.8908496732026144 0.08823529411764706 0.2130718954248366
0 0.3360294117647059 0.8477124183006536 0.07058823529411765 0.1843137254901961
3 0.4139705882352941 0.8437908496732026 0.08676470588235294 0.23137254901960785
0 0.48566176470588235 0.8156862745098039 0.08455882352941177 0.16993464052287582
0 0.5665441176470588 0.6437908496732027 0.11985294117647059 0.09803921568627451
0 0.8738970588235294 0.9058823529411765 0.1698529411764706 0.1830065359477124
0 0.7625 0.7294117647058823 0.1338235294117647 0.17516339869281045
0 0.8371323529411765 0.6901960784313725 0.08455882352941177 0.15947712418300652
0 0.9055147058823529 0.6692810457516339 0.09632352941176471 0.1803921568627451
0 0.9632352941176471 0.661437908496732 0.06911764705882353 0.1568627450980392
0 0.9113970588235294 0.4287581699346405 0.05073529411764706 0.08366013071895424
0 0.81875 0.3888888888888889 0.09338235294117647 0.07450980392156863
0 0.7511029411764706 0.3843137254901961 0.06544117647058824 0.07058823529411765
0 0.7091911764705883 0.3908496732026144 0.05661764705882353 0.07320261437908497
0 0.6613970588235294 0.39869281045751637 0.06838235294117648 0.0784313725490196
0 0.6055147058823529 0.41633986928104577 0.05955882352941176 0.07712418300653595
1 0.5397058823529411 0.42483660130718953 0.061764705882352944 0.09673202614379085
0 0.47205882352941175 0.4496732026143791 0.05 0.0915032679738562
0 0.4125 0.45359477124183006 0.058823529411764705 0.0915032679738562
0 0.3775735294117647 0.5078431372549019 0.06985294117647059 0.09803921568627451
0 0.31176470588235294 0.5032679738562091 0.05 0.10196078431372549
0 0.2338235294117647 0.4823529411764706 0.05 0.10196078431372549
0 0.15220588235294116 0.48366013071895425 0.05588235294117647 0.09673202614379085
