0 0.6154411764705883 0.4549019607843137 0.10294117647058823 0.09411764705882353
0 0.8757352941176471 0.3915032679738562 0.061764705882352944 0.09803921568627451
0 0.9816176470588235 0.1450980392156863 0.03676470588235294 0.05751633986928104
0 0.9540441176470589 0.10784313725490197 0.05955882352941176 0.05620915032679739
3 0.8970588235294118 0.10718954248366012 0.04264705882352941 0.06013071895424837
0 0.8709558823529412 0.058823529411764705 0.03455882352941177 0.05228758169934641
0 0.7636029411764705 0.09803921568627451 0.0375 0.05751633986928104
0 0.7084558823529412 0.1084967320261438 0.03602941176470588 0.054901960784313725
0 0.6841911764705882 0.01437908496732026 0.027205882352941177 0.02875816993464052
0 0.6257352941176471 0.15294117647058825 0.03235294117647059 0.07058823529411765
0 0.4172794117647059 0.038562091503267976 0.04926470588235294 0.043137254901960784
0 0.48823529411764705 0.006535947712418301 0.022058823529411766 0.013071895424836602
3 0.4849264705882353 0.05032679738562092 0.025735294117647058 0.058823529411764705
0 0.47757352941176473 0.2372549019607843 0.03308823529411765 0.08235294117647059
3 0.37977941176470587 0.13398692810457516 0.0625 0.06143790849673202
0 0.3724264705882353 0.17908496732026144 0.0713235294117647 0.06013071895424837
0 0.3827205882352941 0.28431372549019607 0.08308823529411764 0.06405228758169934
0 0.19117647058823528 0.050980392156862744 0.058823529411764705 0.06013071895424837
0 0.18676470588235294 0.21437908496732025 0.07058823529411765 0.14901960784313725
0 0.21691176470588236 0.2607843137254902 0.029411764705882353 0.03529411764705882
0 0.4933823529411765 0.757516339869281 0.058823529411764705 0.1895424836601307
0 0.42169117647058824 0.6699346405228758 0.06102941176470588 0.1843137254901961
0 0.40147058823529413 0.8777777777777778 0.07647058823529412 0.24444444444444444
3 0.30073529411764705 0.5104575163398692 0.12941176470588237 0.1111111111111111
