0 0.81875 0.5843137254901961 0.11985294117647059 0.09411764705882353
1 0.56875 0.538562091503268 0.10808823529411765 0.10457516339869281
3 0.5522058823529412 0.38562091503267976 0.1 0.0915032679738562
3 0.4547794117647059 0.38823529411764707 0.09191176470588236 0.08888888888888889
0 0.05073529411764706 0.17712418300653596 0.09117647058823529 0.06928104575163399
0 0.18308823529411763 0.1718954248366013 0.06911764705882353 0.0718954248366013
0 0.48933823529411763 0.14313725490196078 0.06985294117647059 0.05359477124183006
0 0.8466911764705882 0.1300653594771242 0.06544117647058824 0.05359477124183006
0 0.3084558823529412 0.011111111111111112 0.06397058823529411 0.022222222222222223
0 0.9297794117647059 0.02483660130718954 0.04485294117647059 0.047058823529411764
