0 0.7970588235294118 0.040522875816993466 0.041176470588235294 0.036601307189542485
0 0.7672794117647059 0.10261437908496732 0.025735294117647058 0.050980392156862744
0 0.7783088235294118 0.18758169934640523 0.05220588235294118 0.0457516339869281
0 0.9441176470588235 0.5130718954248366 0.06323529411764706 0.06143790849673202
0 0.8047794117647059 0.5490196078431373 0.06544117647058824 0.06535947712418301
0 0.6672794117647058 0.5398692810457516 0.0625 0.06797385620915032
0 0.6871323529411765 0.46797385620915033 0.06397058823529411 0.054901960784313725
0 0.9790441176470588 0.9647058823529412 0.04191176470588235 0.07058823529411765
3 0.5613970588235294 0.6601307189542484 0.08602941176470588 0.08104575163398693
2 0.4573529411764706 0.5071895424836601 0.10294117647058823 0.17516339869281045
3 0.3952205882352941 0.7660130718954249 0.05955882352941176 0.07320261437908497
0 0.17536764705882352 0.7248366013071895 0.07720588235294118 0.08235294117647059
0 0.02536764705882353 0.6202614379084967 0.05073529411764706 0.06405228758169934
0 0.01911764705882353 0.8 0.03823529411764706 0.06797385620915032
0 0.7099264705882353 0.10326797385620914 0.025735294117647058 0.05228758169934641
0 0.6621323529411764 0.10196078431372549 0.027205882352941177 0.06274509803921569
0 0.625 0.0673202614379085 0.041176470588235294 0.040522875816993466
0 0.6378676470588235 0.09281045751633987 0.028676470588235293 0.04967320261437908
0 0.5779411764705882 0.011764705882352941 0.029411764705882353 0.023529411764705882
0 0.43051470588235297 0.16601307189542483 0.027205882352941177 0.06274509803921569
0 0.35294117647058826 0.3137254901960784 0.008823529411764706 0.02875816993464052
0 0.3536764705882353 0.09803921568627451 0.026470588235294117 0.06013071895424837
0 0.2827205882352941 0.08300653594771241 0.022794117647058822 0.058823529411764705
0 0.2878676470588235 0.01764705882352941 0.019852941176470587 0.03529411764705882
0 0.04485294117647059 0.40980392156862744 0.06911764705882353 0.050980392156862744
0 0.16323529411764706 0.29673202614379085 0.051470588235294115 0.04967320261437908
0 0.09044117647058823 0.3686274509803922 0.061764705882352944 0.04967320261437908
