3 0.3110294117647059 0.1261437908496732 0.07205882352941176 0.06143790849673202
0 0.4400735294117647 0.15098039215686274 0.07426470588235294 0.05359477124183006
0 0.5474264705882353 0.13137254901960785 0.06838235294117648 0.05359477124183006
3 0.5540441176470589 0.19411764705882353 0.06102941176470588 0.06405228758169934
3 0.43014705882352944 0.20326797385620915 0.07794117647058824 0.06405228758169934
0 0.513235294117647 0.2627450980392157 0.08088235294117647 0.06797385620915032
0 0.6018382352941176 0.33986928104575165 0.09191176470588236 0.07320261437908497
1 0.5121323529411764 0.4398692810457516 0.10220588235294117 0.10326797385620914
0 0.74375 0.6888888888888889 0.13014705882352942 0.10980392156862745
0 0.6488970588235294 0.1934640522875817 0.07573529411764705 0.04967320261437908
0 0.819485294117647 0.1450980392156863 0.06397058823529411 0.047058823529411764
3 0.9316176470588236 0.40065359477124185 0.09558823529411764 0.07973856209150326
0 0.8588235294117647 0.24836601307189543 0.08088235294117647 0.06274509803921569
0 0.9856617647058824 0.4 0.028676470588235293 0.07581699346405228
0 0.8169117647058823 0.009150326797385621 0.058823529411764705 0.018300653594771243
0 0.5676470588235294 0.016339869281045753 0.051470588235294115 0.032679738562091505
