1 0.12426470588235294 0.5751633986928104 0.05 0.07581699346405228
1 0.19963235294117648 0.30196078431372547 0.05220588235294118 0.09411764705882353
3 0.20661764705882352 0.16013071895424835 0.020588235294117647 0.07712418300653595
0 0.4386029411764706 0.8202614379084967 0.028676470588235293 0.07450980392156863
0 0.4591911764705882 0.6450980392156863 0.016911764705882352 0.06666666666666667
0 0.48566176470588235 0.6529411764705882 0.016911764705882352 0.06666666666666667
0 0.49301470588235297 0.5104575163398692 0.016911764705882352 0.06666666666666667
3 0.4602941176470588 0.22941176470588234 0.016176470588235296 0.06143790849673202
0 0.5202205882352942 0.4973856209150327 0.016911764705882352 0.06666666666666667
0 0.5261029411764706 0.6581699346405229 0.019852941176470587 0.06405228758169934
0 0.5558823529411765 0.7339869281045751 0.03676470588235294 0.043137254901960784
0 0.5591911764705882 0.7993464052287582 0.03897058823529412 0.048366013071895426
0 0.5525735294117647 0.4496732026143791 0.04338235294117647 0.04967320261437908
0 0.5588235294117647 0.5882352941176471 0.04411764705882353 0.03398692810457516
0 0.5227941176470589 0.3241830065359477 0.025 0.06535947712418301
0 0.3897058823529412 0.269281045751634 0.03823529411764706 0.03398692810457516
0 0.55 0.2261437908496732 0.03823529411764706 0.036601307189542485
0 0.4922794117647059 0.04183006535947712 0.015441176470588236 0.05751633986928104
3 0.5235294117647059 0.08300653594771241 0.016176470588235296 0.06143790849673202
0 0.4566176470588235 0.036601307189542485 0.016176470588235296 0.05751633986928104
0 0.3889705882352941 0.592156862745098 0.04264705882352941 0.03398692810457516
0 0.763235294117647 0.47320261437908495 0.039705882352941174 0.036601307189542485
0 0.7599264705882353 0.515032679738562 0.0375 0.036601307189542485
0 0.7584558823529411 0.6287581699346405 0.03897058823529412 0.03398692810457516
0 0.8161764705882353 0.48104575163398694 0.020588235294117647 0.06535947712418301
0 0.8378676470588236 0.4823529411764706 0.021323529411764706 0.06535947712418301
0 0.8808823529411764 0.4934640522875817 0.022058823529411766 0.0718954248366013
0 0.9014705882352941 0.48627450980392156 0.01911764705882353 0.06535947712418301
0 0.9253676470588236 0.48169934640522877 0.019852941176470587 0.0718954248366013
0 0.9764705882352941 0.48823529411764705 0.020588235294117647 0.06666666666666667
0 0.8036764705882353 0.6679738562091503 0.020588235294117647 0.06274509803921569
0 0.8286764705882353 0.6620915032679738 0.020588235294117647 0.06143790849673202
0 0.8702205882352941 0.6522875816993464 0.019852941176470587 0.06274509803921569
1 0.8955882352941177 0.6509803921568628 0.020588235294117647 0.06797385620915032
3 0.8033088235294118 0.5771241830065359 0.03455882352941177 0.030065359477124184
3 0.8511029411764706 0.6588235294117647 0.019852941176470587 0.054901960784313725
0 0.5536764705882353 0.11045751633986928 0.03235294117647059 0.03790849673202614
2 0.5136029411764705 0.9777777777777777 0.027205882352941177 0.044444444444444446
