0 0.4834558823529412 0.1895424836601307 0.009558823529411765 0.01568627450980392
0 0.4547794117647059 0.2084967320261438 0.011029411764705883 0.01699346405228758
0 0.4253676470588235 0.22026143790849673 0.0125 0.022222222222222223
0 0.48933823529411763 0.30130718954248364 0.016911764705882352 0.030065359477124184
0 0.4496323529411765 0.26666666666666666 0.015441176470588236 0.023529411764705882
0 0.4113970588235294 0.24901960784313726 0.02426470588235294 0.022222222222222223
0 0.3849264705882353 0.3176470588235294 0.016911764705882352 0.03137254901960784
0 0.4238970588235294 0.3712418300653595 0.021323529411764706 0.0392156862745098
0 0.5735294117647058 0.2477124183006536 0.026470588235294117 0.022222222222222223
0 0.5158088235294118 0.28627450980392155 0.016911764705882352 0.023529411764705882
0 0.5147058823529411 0.2549019607843137 0.014705882352941176 0.026143790849673203
0 0.5742647058823529 0.26405228758169935 0.025 0.02091503267973856
0 0.5724264705882353 0.27450980392156865 0.021323529411764706 0.02091503267973856
0 0.58125 0.2869281045751634 0.021323529411764706 0.022222222222222223
3 0.5827205882352942 0.29477124183006537 0.016911764705882352 0.030065359477124184
0 0.5882352941176471 0.3176470588235294 0.023529411764705882 0.02875816993464052
0 0.6202205882352941 0.3084967320261438 0.0375 0.02875816993464052
0 0.5294117647058824 0.4915032679738562 0.026470588235294117 0.05228758169934641
0 0.6334558823529411 0.42745098039215684 0.030147058823529412 0.0392156862745098
0 0.6536764705882353 0.4725490196078431 0.03676470588235294 0.048366013071895426
0 0.7080882352941177 0.5352941176470588 0.08088235294117647 0.05620915032679739
0 0.7886029411764706 0.6405228758169934 0.07867647058823529 0.07320261437908497
3 0.7654411764705882 0.7509803921568627 0.06470588235294118 0.134640522875817
0 0.8481617647058823 0.9450980392156862 0.09338235294117647 0.10980392156862745
0 0.5606617647058824 0.7333333333333333 0.05367647058823529 0.11241830065359477
0 0.4176470588235294 0.7398692810457517 0.052941176470588235 0.10980392156862745
0 0.3816176470588235 0.20326797385620915 0.01911764705882353 0.01437908496732026
0 0.3849264705882353 0.21241830065359477 0.011029411764705883 0.01437908496732026
0 0.3775735294117647 0.21895424836601307 0.016911764705882352 0.01437908496732026
0 0.35294117647058826 0.2411764705882353 0.020588235294117647 0.022222222222222223
0 0.35110294117647056 0.2581699346405229 0.016911764705882352 0.022222222222222223
0 0.36875 0.23202614379084968 0.013970588235294118 0.0196078431372549
0 0.3275735294117647 0.28823529411764703 0.021323529411764706 0.027450980392156862
0 0.3154411764705882 0.3045751633986928 0.022058823529411766 0.03137254901960784
0 0.2746323529411765 0.3156862745098039 0.04338235294117647 0.030065359477124184
0 0.29044117647058826 0.3405228758169935 0.025 0.030065359477124184
0 0.2863970588235294 0.35947712418300654 0.027205882352941177 0.036601307189542485
0 0.2540441176470588 0.3915032679738562 0.03455882352941177 0.040522875816993466
0 0.07757352941176471 0.42810457516339867 0.06544117647058824 0.048366013071895426
0 0.11470588235294117 0.49019607843137253 0.08823529411764706 0.054901960784313725
0 0.04154411764705882 0.6738562091503268 0.08014705882352942 0.10588235294117647
0 0.3573529411764706 0.3758169934640523 0.026470588235294117 0.03790849673202614
