0 0.3125 0.6993464052287581 0.07058823529411765 0.16993464052287582
0 0.4261029411764706 0.807843137254902 0.1036764705882353 0.1803921568627451
0 0.4970588235294118 0.9575163398692811 0.10147058823529412 0.08496732026143791
0 0.8463235294117647 0.5470588235294118 0.10882352941176471 0.08496732026143791
0 0.8558823529411764 0.6104575163398693 0.11323529411764706 0.0915032679738562
0 0.9731617647058823 0.5856209150326798 0.05367647058823529 0.08104575163398693
0 0.35294117647058826 0.396078431372549 0.03529411764705882 0.07581699346405228
0 0.49264705882352944 0.3607843137254902 0.03676470588235294 0.06013071895424837
0 0.3275735294117647 0.22418300653594772 0.025735294117647058 0.043137254901960784
3 0.3503676470588235 0.15751633986928104 0.016911764705882352 0.032679738562091505
0 0.39375 0.12483660130718954 0.021323529411764706 0.032679738562091505
0 0.3985294117647059 0.1522875816993464 0.020588235294117647 0.03529411764705882
0 0.31875 0.1261437908496732 0.016911764705882352 0.032679738562091505
0 0.25735294117647056 0.19869281045751633 0.045588235294117645 0.03398692810457516
3 0.30367647058823527 0.16732026143790849 0.01911764705882353 0.04183006535947712
0 0.26948529411764705 0.15490196078431373 0.04044117647058824 0.03529411764705882
3 0.29007352941176473 0.12352941176470589 0.016911764705882352 0.048366013071895426
0 0.2727941176470588 0.07254901960784314 0.03235294117647059 0.02483660130718954
0 0.28566176470588234 0.08235294117647059 0.030147058823529412 0.02091503267973856
0 0.33051470588235293 0.05947712418300653 0.0125 0.022222222222222223
3 0.5345588235294118 0.3261437908496732 0.05 0.05359477124183006
0 0.5349264705882353 0.28627450980392155 0.05955882352941176 0.044444444444444446
0 0.5426470588235294 0.27058823529411763 0.051470588235294115 0.04183006535947712
0 0.5150735294117647 0.25359477124183005 0.04926470588235294 0.0392156862745098
0 0.4963235294117647 0.2457516339869281 0.045588235294117645 0.0392156862745098
0 0.4860294117647059 0.22156862745098038 0.05 0.03529411764705882
0 0.4919117647058823 0.19477124183006536 0.045588235294117645 0.036601307189542485
0 0.4801470588235294 0.1718954248366013 0.047058823529411764 0.030065359477124184
0 0.4658088235294118 0.16339869281045752 0.03897058823529412 0.026143790849673203
0 0.8128676470588235 0.45359477124183006 0.08897058823529412 0.05751633986928104
3 0.9672794117647059 0.45098039215686275 0.06544117647058824 0.0784313725490196
0 0.45845588235294116 0.13071895424836602 0.027205882352941177 0.026143790849673203
0 0.44448529411764703 0.10261437908496732 0.027205882352941177 0.022222222222222223
0 0.43308823529411766 0.08496732026143791 0.029411764705882353 0.02091503267973856
0 0.4183823529411765 0.06405228758169934 0.025 0.02091503267973856
0 0.4198529411764706 0.04379084967320261 0.01911764705882353 0.01437908496732026
0 0.4147058823529412 0.044444444444444446 0.022058823529411766 0.01568627450980392
0 0.4022058823529412 0.04183006535947712 0.020588235294117647 0.01568627450980392
3 0.3698529411764706 0.034640522875816995 0.008823529411764706 0.0196078431372549
0 0.35404411764705884 0.036601307189542485 0.009558823529411765 0.018300653594771243
0 0.31066176470588236 0.060784313725490195 0.021323529411764706 0.0196078431372549
