0 0.7411764705882353 0.8013071895424837 0.07205882352941176 0.08366013071895424
0 0.625 0.7568627450980392 0.03823529411764706 0.08366013071895424
0 0.6150735294117647 0.6673202614379085 0.03455882352941177 0.06666666666666667
0 0.3941176470588235 0.526797385620915 0.030882352941176472 0.05751633986928104
0 0.4117647058823529 0.47581699346405226 0.027941176470588237 0.044444444444444446
0 0.43051470588235297 0.43594771241830066 0.027205882352941177 0.03529411764705882
0 0.5856617647058824 0.5869281045751634 0.05808823529411765 0.06274509803921569
0 0.5801470588235295 0.4647058823529412 0.025 0.040522875816993466
0 0.5698529411764706 0.4241830065359477 0.039705882352941174 0.043137254901960784
0 0.4944852941176471 0.30130718954248364 0.015441176470588236 0.027450980392156862
0 0.3003676470588235 0.6633986928104575 0.06691176470588235 0.07450980392156863
0 0.0661764705882353 0.8679738562091504 0.11911764705882352 0.10718954248366012
0 0.04632352941176471 0.949673202614379 0.09264705882352942 0.09803921568627451
0 0.9272058823529412 0.9522875816993464 0.09852941176470588 0.09281045751633987
0 0.5904411764705882 0.550326797385621 0.054411764705882354 0.06013071895424837
0 0.5878676470588236 0.515686274509804 0.04926470588235294 0.05359477124183006
0 0.6099264705882353 0.35947712418300654 0.019852941176470587 0.03137254901960784
0 0.5742647058823529 0.37516339869281046 0.025 0.03398692810457516
0 0.5738970588235294 0.35490196078431374 0.01838235294117647 0.027450980392156862
0 0.5676470588235294 0.32941176470588235 0.01911764705882353 0.0392156862745098
0 0.580514705882353 0.3045751633986928 0.03602941176470588 0.02875816993464052
0 0.56875 0.2901960784313726 0.01838235294117647 0.02875816993464052
0 0.47352941176470587 0.234640522875817 0.014705882352941176 0.022222222222222223
0 0.4294117647058823 0.39869281045751637 0.026470588235294117 0.0392156862745098
1 0.4577205882352941 0.25555555555555554 0.02426470588235294 0.05359477124183006
1 0.40551470588235294 0.3411764705882353 0.04779411764705882 0.04967320261437908
3 0.6102941176470589 0.17058823529411765 0.01764705882352941 0.01699346405228758
