0 0.37279411764705883 0.6836601307189543 0.045588235294117645 0.13071895424836602
0 0.040808823529411765 0.38235294117647056 0.08161764705882353 0.06666666666666667
0 0.05625 0.34248366013071896 0.07720588235294118 0.04967320261437908
3 0.08345588235294117 0.30196078431372547 0.08602941176470588 0.07581699346405228
0 0.21176470588235294 0.08431372549019608 0.04852941176470588 0.03790849673202614
0 0.26066176470588237 0.009150326797385621 0.04191176470588235 0.018300653594771243
3 0.6113970588235295 0.9281045751633987 0.04926470588235294 0.13594771241830064
0 0.5448529411764705 0.369281045751634 0.029411764705882353 0.07450980392156863
0 0.48970588235294116 0.31699346405228757 0.027941176470588237 0.05620915032679739
1 0.4198529411764706 0.046405228758169936 0.025 0.05620915032679739
3 0.525 0.09803921568627451 0.01911764705882353 0.047058823529411764
