0 0.8260416666666667 0.9342592592592592 0.125 0.13148148148148148
0 0.2390625 0.600925925925926 0.08229166666666667 0.06851851851851852
0 0.1203125 0.5555555555555556 0.08229166666666667 0.06296296296296296
0 0.014583333333333334 0.4527777777777778 0.029166666666666667 0.08333333333333333
0 0.5 0.4935185185185185 0.0375 0.08333333333333333
0 0.484375 0.30185185185185187 0.029166666666666667 0.06666666666666667
1 0.5729166666666666 0.2564814814814815 0.03333333333333333 0.07962962962962963
1 0.5369791666666667 0.28055555555555556 0.019791666666666666 0.05740740740740741
0 0.9625 0.5453703703703704 0.075 0.07222222222222222
3 0.8723958333333334 0.5546296296296296 0.06979166666666667 0.06481481481481481
0 0.7984375 0.4444444444444444 0.053125 0.05555555555555555
0 0.846875 0.3277777777777778 0.027083333333333334 0.025925925925925925
0 0.8598958333333333 0.30185185185185187 0.03854166666666667 0.037037037037037035
0 0.521875 0.17407407407407408 0.01875 0.040740740740740744
0 0.4739583333333333 0.10277777777777777 0.016666666666666666 0.03518518518518519
0 0.34270833333333334 0.18055555555555555 0.020833333333333332 0.053703703703703705
0 0.30885416666666665 0.20555555555555555 0.021875 0.05185185185185185
