0 0.32683823529411765 0.8921568627450981 0.07720588235294118 0.19477124183006536
0 0.5055147058823529 0.7169934640522876 0.07426470588235294 0.11895424836601307
0 0.7849264705882353 0.6150326797385621 0.07426470588235294 0.08235294117647059
2 0.15845588235294117 0.4725490196078431 0.08602941176470588 0.134640522875817
0 0.19522058823529412 0.39215686274509803 0.05073529411764706 0.04183006535947712
0 0.10441176470588236 0.3326797385620915 0.04264705882352941 0.03529411764705882
0 0.2375 0.3392156862745098 0.05 0.03790849673202614
0 0.2911764705882353 0.32287581699346407 0.025 0.03137254901960784
0 0.5397058823529411 0.3738562091503268 0.023529411764705882 0.0392156862745098
0 0.7183823529411765 0.5352941176470588 0.060294117647058824 0.06928104575163399
0 0.6720588235294118 0.4542483660130719 0.03529411764705882 0.0457516339869281
0 0.6485294117647059 0.41241830065359475 0.029411764705882353 0.040522875816993466
0 0.631985294117647 0.38169934640522873 0.03161764705882353 0.044444444444444446
3 0.6220588235294118 0.3437908496732026 0.022058823529411766 0.04183006535947712
3 0.6014705882352941 0.3156862745098039 0.01911764705882353 0.03529411764705882
0 0.43970588235294117 0.3032679738562091 0.01911764705882353 0.03137254901960784
0 0.4319852941176471 0.2647058823529412 0.016911764705882352 0.02483660130718954
0 0.5165441176470589 0.2901960784313726 0.01838235294117647 0.026143790849673203
0 0.5117647058823529 0.2633986928104575 0.016176470588235296 0.027450980392156862
0 0.47352941176470587 0.23790849673202613 0.013235294117647059 0.02091503267973856
0 0.41911764705882354 0.20784313725490197 0.011764705882352941 0.01568627450980392
0 0.42426470588235293 0.18758169934640523 0.008823529411764706 0.01699346405228758
0 0.4338235294117647 0.169281045751634 0.013235294117647059 0.01437908496732026
0 0.43823529411764706 0.1568627450980392 0.008823529411764706 0.013071895424836602
0 0.5102941176470588 0.23594771241830065 0.011764705882352941 0.022222222222222223
0 0.5036764705882353 0.20392156862745098 0.010294117647058823 0.01568627450980392
0 0.4970588235294118 0.17320261437908496 0.007352941176470588 0.011764705882352941
0 0.46544117647058825 0.15947712418300652 0.013235294117647059 0.013071895424836602
0 0.4852941176470588 0.15816993464052287 0.007352941176470588 0.013071895424836602
0 0.48970588235294116 0.14640522875816994 0.0058823529411764705 0.01045751633986928
0 0.47463235294117645 0.14967320261437908 0.006617647058823529 0.009150326797385621
0 0.47610294117647056 0.1450980392156863 0.006617647058823529 0.01045751633986928
0 0.475 0.1392156862745098 0.0058823529411764705 0.009150326797385621
0 0.45992647058823527 0.1261437908496732 0.011029411764705883 0.009150326797385621
1 0.475 0.13398692810457516 0.0058823529411764705 0.009150326797385621
0 0.47463235294117645 0.12941176470588237 0.005147058823529412 0.00784313725490196
0 0.48455882352941176 0.12483660130718954 0.0058823529411764705 0.009150326797385621
0 0.4772058823529412 0.11895424836601307 0.004411764705882353 0.00784313725490196
0 0.3694852941176471 0.19019607843137254 0.016911764705882352 0.01699346405228758
0 0.38566176470588237 0.18823529411764706 0.011029411764705883 0.01568627450980392
0 0.3801470588235294 0.20130718954248367 0.011764705882352941 0.01568627450980392
0 0.37022058823529413 0.20980392156862746 0.0125 0.01699346405228758
0 0.3397058823529412 0.20326797385620915 0.01764705882352941 0.01699346405228758
0 0.3338235294117647 0.22875816993464052 0.026470588235294117 0.018300653594771243
0 0.32830882352941176 0.27124183006535946 0.01838235294117647 0.022222222222222223
0 0.3246323529411765 0.26209150326797387 0.03602941176470588 0.022222222222222223
0 0.3386029411764706 0.2503267973856209 0.016911764705882352 0.01699346405228758
0 0.5845588235294118 0.2830065359477124 0.016176470588235296 0.027450980392156862
3 0.5753676470588235 0.26405228758169935 0.0125 0.026143790849673203
0 0.5720588235294117 0.238562091503268 0.023529411764705882 0.0196078431372549
0 0.5591911764705882 0.22745098039215686 0.011029411764705883 0.01568627450980392
0 0.5389705882352941 0.1934640522875817 0.011764705882352941 0.01568627450980392
0 0.5319852941176471 0.17908496732026144 0.0125 0.013071895424836602
