0 0.31323529411764706 0.8418300653594771 0.07941176470588235 0.20392156862745098
0 0.3650735294117647 0.9405228758169935 0.06985294117647059 0.11895424836601307
0 0.34852941176470587 0.6568627450980392 0.06323529411764706 0.1607843137254902
0 0.3724264705882353 0.5287581699346405 0.04779411764705882 0.10588235294117647
0 0.38676470588235295 0.43856209150326797 0.04411764705882353 0.08758169934640522
0 0.35257352941176473 0.32679738562091504 0.04632352941176471 0.05751633986928104
0 0.4128676470588235 0.2954248366013072 0.03308823529411765 0.06535947712418301
3 0.42205882352941176 0.23921568627450981 0.023529411764705882 0.054901960784313725
0 0.43014705882352944 0.21372549019607842 0.025 0.0457516339869281
3 0.43823529411764706 0.14052287581699346 0.023529411764705882 0.048366013071895426
0 0.44485294117647056 0.11830065359477124 0.01911764705882353 0.040522875816993466
0 0.44926470588235295 0.08823529411764706 0.01911764705882353 0.032679738562091505
0 0.44816176470588237 0.04771241830065359 0.015441176470588236 0.02483660130718954
0 0.6253676470588235 0.5424836601307189 0.04926470588235294 0.0915032679738562
0 0.6294117647058823 0.45751633986928103 0.041176470588235294 0.07581699346405228
0 0.6165441176470589 0.396078431372549 0.03455882352941177 0.05751633986928104
0 0.6580882352941176 0.665359477124183 0.08970588235294118 0.09673202614379085
0 0.7227941176470588 0.4888888888888889 0.08823529411764706 0.07320261437908497
0 0.6871323529411765 0.7843137254901961 0.07426470588235294 0.16209150326797386
0 0.5768382352941176 0.19738562091503267 0.021323529411764706 0.036601307189542485
0 0.538235294117647 0.15555555555555556 0.026470588235294117 0.03398692810457516
0 0.5202205882352942 0.13333333333333333 0.019852941176470587 0.03398692810457516
0 0.5191176470588236 0.10784313725490197 0.020588235294117647 0.027450980392156862
0 0.5172794117647059 0.07124183006535947 0.01838235294117647 0.02483660130718954
0 0.5077205882352941 0.05359477124183006 0.016911764705882352 0.02875816993464052
0 0.5213235294117647 0.034640522875816995 0.027941176470588237 0.022222222222222223
0 0.49963235294117647 0.040522875816993466 0.016911764705882352 0.026143790849673203
0 0.49080882352941174 0.030065359477124184 0.013970588235294118 0.02091503267973856
0 0.4797794117647059 0.016339869281045753 0.016911764705882352 0.0196078431372549
0 0.5540441176470589 0.07777777777777778 0.01838235294117647 0.030065359477124184
0 0.4650735294117647 0.006535947712418301 0.016911764705882352 0.013071895424836602
