0 0.16770833333333332 0.7287037037037037 0.06875 0.1425925925925926
3 0.08697916666666666 0.9546296296296296 0.08645833333333333 0.09074074074074075
0 0.5442708333333334 0.7814814814814814 0.046875 0.14074074074074075
0 0.66875 0.8148148148148148 0.10625 0.08518518518518518
3 0.6916666666666667 0.6694444444444444 0.06666666666666667 0.12777777777777777
0 0.6260416666666667 0.7296296296296296 0.075 0.07407407407407407
3 0.6067708333333334 0.6518518518518519 0.08020833333333334 0.08888888888888889
3 0.6135416666666667 0.5712962962962963 0.08125 0.07962962962962963
3 0.6703125 0.5074074074074074 0.053125 0.08888888888888889
0 0.7572916666666667 0.45092592592592595 0.04791666666666667 0.08703703703703704
0 0.6046875 0.5166666666666667 0.08020833333333334 0.06666666666666667
0 0.6020833333333333 0.4666666666666667 0.07291666666666667 0.05555555555555555
1 0.6588541666666666 0.40925925925925927 0.040625 0.09259259259259259
0 0.30572916666666666 0.42592592592592593 0.057291666666666664 0.07407407407407407
0 0.38958333333333334 0.3888888888888889 0.03333333333333333 0.07037037037037037
0 0.4088541666666667 0.27314814814814814 0.026041666666666668 0.053703703703703705
0 0.1578125 0.37407407407407406 0.065625 0.044444444444444446
0 0.1703125 0.34444444444444444 0.06145833333333333 0.037037037037037035
1 0.5817708333333333 0.32685185185185184 0.06145833333333333 0.053703703703703705
1 0.5796875 0.2935185185185185 0.065625 0.046296296296296294
3 0.5677083333333334 0.27037037037037037 0.04583333333333333 0.040740740740740744
0 0.5838541666666667 0.25555555555555554 0.04895833333333333 0.037037037037037035
1 0.5671875 0.2361111111111111 0.053125 0.04259259259259259
1 0.5833333333333334 0.1712962962962963 0.05416666666666667 0.04259259259259259
3 0.2755208333333333 0.3851851851851852 0.03854166666666667 0.07777777777777778
0 0.30104166666666665 0.29814814814814816 0.035416666666666666 0.05555555555555555
0 0.3302083333333333 0.2361111111111111 0.03125 0.05
2 0.23645833333333333 0.29444444444444445 0.05416666666666667 0.11851851851851852
0 0.1828125 0.3111111111111111 0.059375 0.044444444444444446
0 0.19427083333333334 0.2861111111111111 0.06145833333333333 0.046296296296296294
0 0.2125 0.26481481481481484 0.05625 0.040740740740740744
1 0.22083333333333333 0.2212962962962963 0.06458333333333334 0.05740740740740741
1 0.33645833333333336 0.17962962962962964 0.027083333333333334 0.05925925925925926
0 0.3729166666666667 0.16018518518518518 0.041666666666666664 0.027777777777777776
3 0.6479166666666667 0.1537037037037037 0.020833333333333332 0.04814814814814815
0 0.5255208333333333 0.17777777777777778 0.017708333333333333 0.040740740740740744
0 0.5270833333333333 0.14537037037037037 0.01875 0.03148148148148148
0 0.5588541666666667 0.11574074074074074 0.03854166666666667 0.03518518518518519
0 0.6140625 0.06111111111111111 0.015625 0.025925925925925925
0 0.6234375 0.04814814814814815 0.028125 0.025925925925925925
0 0.5203125 0.11296296296296296 0.015625 0.025925925925925925
3 0.5223958333333333 0.09074074074074075 0.013541666666666667 0.025925925925925925
0 0.42864583333333334 0.12037037037037036 0.017708333333333333 0.03333333333333333
0 0.41354166666666664 0.08888888888888889 0.016666666666666666 0.03333333333333333
0 0.38385416666666666 0.08888888888888889 0.019791666666666666 0.03333333333333333
0 0.359375 0.14629629629629629 0.03958333333333333 0.037037037037037035
0 0.4401041666666667 0.06666666666666667 0.015625 0.02962962962962963
0 0.42291666666666666 0.06666666666666667 0.014583333333333334 0.02962962962962963
0 0.38229166666666664 0.06296296296296296 0.016666666666666666 0.03333333333333333
0 0.49270833333333336 0.040740740740740744 0.022916666666666665 0.025925925925925925
0 0.44375 0.03333333333333333 0.014583333333333334 0.025925925925925925
3 0.3609375 0.03888888888888889 0.026041666666666668 0.02962962962962963
0 0.020833333333333332 0.31851851851851853 0.041666666666666664 0.044444444444444446
0 0.026041666666666668 0.287962962962963 0.052083333333333336 0.04259259259259259
0 0.04375 0.26944444444444443 0.05625 0.03888888888888889
0 0.05677083333333333 0.25 0.053125 0.037037037037037035
0 0.07864583333333333 0.2351851851851852 0.053125 0.040740740740740744
0 0.10416666666666667 0.20277777777777778 0.05 0.03518518518518519
0 0.19427083333333334 0.2037037037037037 0.034375 0.040740740740740744
0 0.17604166666666668 0.19537037037037036 0.0375 0.046296296296296294
0 0.39895833333333336 0.013888888888888888 0.014583333333333334 0.024074074074074074
0 0.4276041666666667 0.012037037037037037 0.013541666666666667 0.024074074074074074
0 0.44635416666666666 0.014814814814814815 0.013541666666666667 0.018518518518518517
0 0.471875 0.008333333333333333 0.0125 0.016666666666666666
0 0.3572916666666667 0.03611111111111111 0.03125 0.024074074074074074
