0 0.03529411764705882 0.2222222222222222 0.03823529411764706 0.023529411764705882
0 0.04301470588235294 0.20326797385620915 0.03161764705882353 0.02483660130718954
0 0.05 0.18758169934640523 0.023529411764705882 0.0196078431372549
0 0.17941176470588235 0.9588235294117647 0.045588235294117645 0.08235294117647059
0 0.24558823529411763 0.7294117647058823 0.03676470588235294 0.08627450980392157
0 0.2639705882352941 0.5575163398692811 0.04852941176470588 0.03790849673202614
3 0.27205882352941174 0.4300653594771242 0.03823529411764706 0.0392156862745098
3 0.2485294117647059 0.3941176470588235 0.022058823529411766 0.05359477124183006
0 0.2783088235294118 0.3908496732026144 0.022794117647058822 0.047058823529411764
0 0.3371323529411765 0.24705882352941178 0.015441176470588236 0.03398692810457516
0 0.3602941176470588 0.25163398692810457 0.01764705882352941 0.030065359477124184
0 0.3477941176470588 0.29215686274509806 0.020588235294117647 0.040522875816993466
3 0.3360294117647059 0.3359477124183007 0.01764705882352941 0.04183006535947712
0 0.3246323529411765 0.3908496732026144 0.019852941176470587 0.0392156862745098
0 0.4716911764705882 0.6320261437908496 0.021323529411764706 0.06143790849673202
3 0.8172794117647059 0.7241830065359477 0.05220588235294118 0.04967320261437908
2 0.4959558823529412 0.4084967320261438 0.028676470588235293 0.10588235294117647
0 0.4702205882352941 0.1758169934640523 0.013970588235294118 0.030065359477124184
0 0.5022058823529412 0.13202614379084968 0.011764705882352941 0.023529411764705882
0 0.6636029411764706 0.1084967320261438 0.0125 0.023529411764705882
0 0.6845588235294118 0.1980392156862745 0.016176470588235296 0.032679738562091505
0 0.6602941176470588 0.054901960784313725 0.013235294117647059 0.02091503267973856
0 0.6786764705882353 0.056862745098039215 0.013235294117647059 0.022222222222222223
0 0.6930147058823529 0.05816993464052288 0.011029411764705883 0.0196078431372549
0 0.5772058823529411 0.052941176470588235 0.010294117647058823 0.0196078431372549
0 0.5772058823529411 0.03790849673202614 0.010294117647058823 0.018300653594771243
3 0.5202205882352942 0.02483660130718954 0.009558823529411765 0.02091503267973856
3 0.5073529411764706 0.00980392156862745 0.010294117647058823 0.0196078431372549
0 0.3952205882352941 0.08954248366013072 0.0125 0.022222222222222223
