1 0.34010416666666665 0.16111111111111112 0.015625 0.014814814814814815
1 0.38125 0.18287037037037038 0.009375 0.019444444444444445
0 0.35052083333333334 0.3699074074074074 0.04479166666666667 0.030555555555555555
1 0.3307291666666667 0.8453703703703703 0.084375 0.21666666666666667
0 0.8802083333333334 0.7097222222222223 0.096875 0.06759259259259259
3 0.7697916666666667 0.6199074074074075 0.0625 0.075
0 0.6765625 0.6393518518518518 0.052083333333333336 0.075
0 0.6361979166666667 0.5430555555555555 0.04010416666666667 0.05648148148148148
2 0.41380208333333335 0.46064814814814814 0.04739583333333333 0.125
0 0.46432291666666664 0.4981481481481482 0.025520833333333333 0.04814814814814815
0 0.5026041666666666 0.5592592592592592 0.030208333333333334 0.05555555555555555
0 0.44166666666666665 0.3199074074074074 0.016666666666666666 0.03611111111111111
0 0.528125 0.42407407407407405 0.022916666666666665 0.044444444444444446
0 0.6572916666666667 0.4356481481481482 0.03333333333333333 0.041666666666666664
0 0.6424479166666667 0.412962962962963 0.024479166666666666 0.03148148148148148
0 0.5078125 0.24027777777777778 0.010416666666666666 0.017592592592592594
0 0.5104166666666666 0.2564814814814815 0.009375 0.014814814814814815
1 0.4518229166666667 0.2740740740740741 0.015104166666666667 0.044444444444444446
1 0.4583333333333333 0.25277777777777777 0.013541666666666667 0.037037037037037035
1 0.4630208333333333 0.2222222222222222 0.010416666666666666 0.018518518518518517
