0 0.6661764705882353 0.7627450980392156 0.08235294117647059 0.18169934640522875
0 0.4036764705882353 0.40980392156862744 0.04411764705882353 0.08758169934640522
0 0.41323529411764703 0.3235294117647059 0.033823529411764704 0.06405228758169934
0 0.25698529411764703 0.11437908496732026 0.030147058823529412 0.043137254901960784
0 0.32941176470588235 0.07647058823529412 0.025 0.03529411764705882
3 0.15330882352941178 0.04379084967320261 0.03161764705882353 0.050980392156862744
0 0.2639705882352941 0.018300653594771243 0.025 0.03137254901960784
3 0.47941176470588237 0.05228758169934641 0.01911764705882353 0.04183006535947712
0 0.15588235294117647 0.011764705882352941 0.033823529411764704 0.023529411764705882
0 0.1827205882352941 0.021568627450980392 0.025735294117647058 0.030065359477124184
