0 0.6080882352941176 0.1718954248366013 0.022058823529411766 0.03790849673202614
0 0.5897058823529412 0.1718954248366013 0.026470588235294117 0.03790849673202614
0 0.5654411764705882 0.17712418300653596 0.026470588235294117 0.043137254901960784
0 0.5246323529411765 0.12745098039215685 0.03308823529411765 0.02483660130718954
0 0.506985294117647 0.2261437908496732 0.019852941176470587 0.036601307189542485
0 0.5272058823529412 0.17712418300653596 0.022058823529411766 0.032679738562091505
0 0.5441176470588235 0.21568627450980393 0.03823529411764706 0.026143790849673203
0 0.5305147058823529 0.24052287581699347 0.019852941176470587 0.03398692810457516
0 0.5514705882352942 0.29869281045751633 0.057352941176470586 0.030065359477124184
0 0.5551470588235294 0.3183006535947712 0.051470588235294115 0.040522875816993466
0 0.5408088235294117 0.34183006535947713 0.05220588235294118 0.043137254901960784
0 0.5466911764705882 0.37973856209150325 0.0375 0.05359477124183006
0 0.5680147058823529 0.4725490196078431 0.030147058823529412 0.06666666666666667
0 0.5636029411764706 0.5287581699346405 0.05808823529411765 0.07973856209150326
0 0.569485294117647 0.5908496732026144 0.07867647058823529 0.08366013071895424
0 0.5816176470588236 0.7084967320261438 0.0661764705882353 0.10457516339869281
0 0.6161764705882353 0.7816993464052288 0.07205882352941176 0.11503267973856209
0 0.6941176470588235 0.8169934640522876 0.08970588235294118 0.11241830065359477
3 0.7316176470588235 0.9013071895424837 0.11764705882352941 0.09803921568627451
3 0.5735294117647058 0.13529411764705881 0.033823529411764704 0.030065359477124184
0 0.5669117647058823 0.12745098039215685 0.033823529411764704 0.027450980392156862
0 0.5125 0.14575163398692811 0.03823529411764706 0.027450980392156862
3 0.4808823529411765 0.12287581699346405 0.039705882352941174 0.02875816993464052
0 0.39191176470588235 0.12091503267973856 0.01911764705882353 0.030065359477124184
0 0.40808823529411764 0.11568627450980393 0.016176470588235296 0.032679738562091505
0 0.37426470588235294 0.1718954248366013 0.01911764705882353 0.03790849673202614
0 0.35955882352941176 0.18888888888888888 0.03676470588235294 0.040522875816993466
0 0.38198529411764703 0.20588235294117646 0.022794117647058822 0.040522875816993466
0 0.3588235294117647 0.21633986928104576 0.04411764705882353 0.032679738562091505
0 0.3522058823529412 0.23137254901960785 0.051470588235294115 0.03398692810457516
0 0.3360294117647059 0.257516339869281 0.054411764705882354 0.036601307189542485
0 0.4455882352941177 0.27124183006535946 0.020588235294117647 0.0457516339869281
0 0.40441176470588236 0.2856209150326797 0.025 0.048366013071895426
0 0.37169117647058825 0.3 0.03897058823529412 0.0457516339869281
0 0.3698529411764706 0.34444444444444444 0.05588235294117647 0.03790849673202614
0 0.3911764705882353 0.40326797385620916 0.033823529411764704 0.05620915032679739
0 0.35294117647058826 0.3941176470588235 0.027941176470588237 0.05359477124183006
0 0.35551470588235295 0.4477124183006536 0.06544117647058824 0.0457516339869281
1 0.34595588235294117 0.4849673202614379 0.08455882352941177 0.054901960784313725
3 0.34044117647058825 0.5130718954248366 0.07205882352941176 0.06143790849673202
0 0.36580882352941174 0.5712418300653594 0.08308823529411764 0.08366013071895424
0 0.3161764705882353 0.6718954248366014 0.09117647058823529 0.06274509803921569
0 0.30183823529411763 0.761437908496732 0.08014705882352942 0.13202614379084968
0 0.3261029411764706 0.8849673202614379 0.09191176470588236 0.12810457516339868
0 0.2867647058823529 0.9509803921568627 0.08088235294117647 0.09803921568627451
0 0.31176470588235294 0.29673202614379085 0.052941176470588235 0.0392156862745098
0 0.3003676470588235 0.2797385620915033 0.05367647058823529 0.03398692810457516
0 0.2761029411764706 0.2326797385620915 0.04338235294117647 0.03398692810457516
3 0.2735294117647059 0.2496732026143791 0.047058823529411764 0.04967320261437908
3 0.2577205882352941 0.15947712418300652 0.019852941176470587 0.04183006535947712
0 0.2797794117647059 0.16470588235294117 0.01838235294117647 0.02875816993464052
0 0.23161764705882354 0.2169934640522876 0.04411764705882353 0.036601307189542485
0 0.25073529411764706 0.12549019607843137 0.01911764705882353 0.018300653594771243
