0 0.9919117647058824 0.3503267973856209 0.016176470588235296 0.03137254901960784
0 0.9808823529411764 0.31437908496732025 0.03823529411764706 0.032679738562091505
0 0.9474264705882353 0.3006535947712418 0.025735294117647058 0.036601307189542485
0 0.9790441176470588 0.2411764705882353 0.030147058823529412 0.030065359477124184
0 0.9176470588235294 0.2928104575163399 0.045588235294117645 0.03137254901960784
3 0.8915441176470589 0.3137254901960784 0.021323529411764706 0.044444444444444446
3 0.8738970588235294 0.2934640522875817 0.04191176470588235 0.03790849673202614
0 0.8584558823529411 0.31437908496732025 0.025735294117647058 0.03790849673202614
3 0.8639705882352942 0.27647058823529413 0.039705882352941174 0.027450980392156862
3 0.8169117647058823 0.29673202614379085 0.022058823529411766 0.044444444444444446
0 0.8139705882352941 0.2647058823529412 0.039705882352941174 0.032679738562091505
0 0.788235294117647 0.29411764705882354 0.01911764705882353 0.026143790849673203
0 0.7658088235294118 0.2568627450980392 0.03308823529411765 0.022222222222222223
0 0.74375 0.2830065359477124 0.019852941176470587 0.030065359477124184
0 0.7441176470588236 0.25163398692810457 0.027941176470588237 0.022222222222222223
0 0.7172794117647059 0.24705882352941178 0.027205882352941177 0.026143790849673203
0 0.7018382352941176 0.24052287581699347 0.022794117647058822 0.023529411764705882
0 0.7058823529411765 0.2758169934640523 0.023529411764705882 0.036601307189542485
0 0.6808823529411765 0.27320261437908494 0.01911764705882353 0.026143790849673203
0 0.6863970588235294 0.2529411764705882 0.03161764705882353 0.027450980392156862
0 0.6639705882352941 0.29411764705882354 0.023529411764705882 0.03137254901960784
0 0.6654411764705882 0.29411764705882354 0.026470588235294117 0.03398692810457516
0 0.6580882352941176 0.26601307189542484 0.023529411764705882 0.032679738562091505
0 0.680514705882353 0.23986928104575164 0.019852941176470587 0.022222222222222223
0 0.7330882352941176 0.21045751633986928 0.026470588235294117 0.018300653594771243
0 0.7224264705882353 0.21437908496732025 0.03602941176470588 0.02875816993464052
0 0.6867647058823529 0.2111111111111111 0.029411764705882353 0.022222222222222223
0 0.6463235294117647 0.2496732026143791 0.020588235294117647 0.036601307189542485
0 0.6242647058823529 0.2934640522875817 0.03529411764705882 0.027450980392156862
0 0.6290441176470588 0.26601307189542484 0.022794117647058822 0.02483660130718954
0 0.6235294117647059 0.2529411764705882 0.022058823529411766 0.030065359477124184
0 0.6033088235294117 0.28888888888888886 0.025735294117647058 0.02875816993464052
0 0.6080882352941176 0.25620915032679736 0.023529411764705882 0.026143790849673203
0 0.6029411764705882 0.2522875816993464 0.026470588235294117 0.026143790849673203
0 0.5801470588235295 0.2568627450980392 0.020588235294117647 0.022222222222222223
0 0.6198529411764706 0.22941176470588234 0.026470588235294117 0.022222222222222223
0 0.5996323529411764 0.21895424836601307 0.021323529411764706 0.022222222222222223
0 0.575 0.2803921568627451 0.030882352941176472 0.030065359477124184
0 0.5536764705882353 0.2784313725490196 0.03235294117647059 0.026143790849673203
0 0.5738970588235294 0.24836601307189543 0.02426470588235294 0.026143790849673203
0 0.5566176470588236 0.2437908496732026 0.022058823529411766 0.022222222222222223
0 0.5452205882352941 0.25947712418300656 0.03308823529411765 0.027450980392156862
0 0.5286764705882353 0.2738562091503268 0.029411764705882353 0.027450980392156862
0 0.50625 0.2673202614379085 0.027205882352941177 0.027450980392156862
0 0.575 0.22156862745098038 0.023529411764705882 0.02483660130718954
0 0.5566176470588236 0.22287581699346407 0.020588235294117647 0.0196078431372549
0 0.5419117647058823 0.2281045751633987 0.026470588235294117 0.02483660130718954
0 0.5169117647058824 0.22745098039215686 0.022058823529411766 0.02091503267973856
0 0.4970588235294118 0.22875816993464052 0.027941176470588237 0.023529411764705882
0 0.4753676470588235 0.22875816993464052 0.027205882352941177 0.02091503267973856
0 0.4536764705882353 0.234640522875817 0.027941176470588237 0.022222222222222223
1 0.4672794117647059 0.2503267973856209 0.025735294117647058 0.030065359477124184
0 0.43970588235294117 0.238562091503268 0.03235294117647059 0.02483660130718954
3 0.7602941176470588 0.14640522875816994 0.013235294117647059 0.013071895424836602
0 0.7485294117647059 0.14705882352941177 0.01764705882352941 0.01437908496732026
0 0.7246323529411764 0.15359477124183007 0.016911764705882352 0.011764705882352941
0 0.7150735294117647 0.15490196078431373 0.009558823529411765 0.01437908496732026
0 0.6757352941176471 0.16339869281045752 0.01911764705882353 0.01568627450980392
0 0.7029411764705882 0.1437908496732026 0.010294117647058823 0.01045751633986928
3 0.7018382352941176 0.1542483660130719 0.0125 0.02091503267973856
0 0.6507352941176471 0.1542483660130719 0.01764705882352941 0.013071895424836602
0 0.6724264705882353 0.1477124183006536 0.009558823529411765 0.01045751633986928
0 0.5930147058823529 0.16601307189542483 0.016911764705882352 0.013071895424836602
0 0.5577205882352941 0.1718954248366013 0.01838235294117647 0.01437908496732026
2 0.1786764705882353 0.1437908496732026 0.047058823529411764 0.02875816993464052
2 0.15955882352941175 0.14052287581699346 0.029411764705882353 0.027450980392156862
2 0.14816176470588235 0.13725490196078433 0.03161764705882353 0.02875816993464052
2 0.1349264705882353 0.13594771241830064 0.03308823529411765 0.02875816993464052
2 0.12941176470588237 0.1326797385620915 0.03676470588235294 0.030065359477124184
2 0.11727941176470588 0.13333333333333333 0.03602941176470588 0.02875816993464052
2 0.04154411764705882 0.12026143790849673 0.04044117647058824 0.023529411764705882
2 0.01948529411764706 0.11699346405228758 0.03455882352941177 0.022222222222222223
