3 0.30661764705882355 0.7522875816993464 0.12794117647058822 0.22875816993464052
0 0.4202205882352941 0.5738562091503268 0.15073529411764705 0.13333333333333333
0 0.9680147058823529 0.34444444444444444 0.06397058823529411 0.09542483660130718
0 0.944485294117647 0.12026143790849673 0.0875 0.10457516339869281
0 0.8238970588235294 0.2065359477124183 0.09044117647058823 0.11764705882352941
0 0.6908088235294118 0.2980392156862745 0.1125 0.12549019607843137
0 0.6963235294117647 0.02875816993464052 0.010294117647058823 0.05751633986928104
0 0.7077205882352942 0.029411764705882353 0.028676470588235293 0.048366013071895426
0 0.7147058823529412 0.0869281045751634 0.08088235294117647 0.08235294117647059
3 0.6316176470588235 0.07058823529411765 0.125 0.1411764705882353
3 0.2647058823529412 0.03725490196078431 0.08088235294117647 0.07450980392156863
3 0.14227941176470588 0.06862745098039216 0.05808823529411765 0.09803921568627451
