3 0.22604166666666667 0.03333333333333333 0.029166666666666667 0.06666666666666667
0 0.14635416666666667 0.0787037037037037 0.026041666666666668 0.046296296296296294
0 0.175 0.17685185185185184 0.06666666666666667 0.053703703703703705
0 0.1953125 0.2 0.051041666666666666 0.044444444444444446
3 0.14114583333333333 0.23055555555555557 0.040625 0.08703703703703704
3 0.2046875 0.2212962962962963 0.06145833333333333 0.053703703703703705
3 0.190625 0.26666666666666666 0.07083333333333333 0.05555555555555555
0 0.19322916666666667 0.30925925925925923 0.078125 0.06666666666666667
3 0.12395833333333334 0.337037037037037 0.04375 0.0962962962962963
0 0.04479166666666667 0.32592592592592595 0.041666666666666664 0.08148148148148149
1 0.10520833333333333 0.4546296296296296 0.05416666666666667 0.12407407407407407
0 0.19270833333333334 0.35555555555555557 0.07916666666666666 0.06666666666666667
1 0.20052083333333334 0.5472222222222223 0.10729166666666666 0.10185185185185185
1 0.19895833333333332 0.6305555555555555 0.125 0.11666666666666667
3 0.21927083333333333 0.7037037037037037 0.10104166666666667 0.1111111111111111
0 0.17760416666666667 0.8101851851851852 0.115625 0.13148148148148148
1 0.21822916666666667 0.8675925925925926 0.134375 0.13148148148148148
0 0.2671875 0.009259259259259259 0.034375 0.018518518518518517
3 0.23958333333333334 0.11203703703703703 0.03125 0.06111111111111111
0 0.25104166666666666 0.17777777777777778 0.03125 0.06296296296296296
0 0.38125 0.44351851851851853 0.03958333333333333 0.10185185185185185
0 0.3619791666666667 0.9120370370370371 0.06770833333333333 0.17592592592592593
0 0.5557291666666667 0.7092592592592593 0.06979166666666667 0.15185185185185185
0 0.34375 0.01574074074074074 0.022916666666666665 0.03148148148148148
3 0.4395833333333333 0.07314814814814814 0.029166666666666667 0.046296296296296294
0 0.4734375 0.13796296296296295 0.034375 0.046296296296296294
0 0.5848958333333333 0.12685185185185185 0.051041666666666666 0.04259259259259259
0 0.5697916666666667 0.10740740740740741 0.04583333333333333 0.044444444444444446
1 0.5609375 0.09166666666666666 0.046875 0.05
0 0.55 0.07592592592592592 0.04375 0.037037037037037035
0 0.6171875 0.08796296296296297 0.028125 0.046296296296296294
0 0.6520833333333333 0.011111111111111112 0.03958333333333333 0.022222222222222223
0 0.6635416666666667 0.017592592592592594 0.041666666666666664 0.03518518518518519
0 0.671875 0.03518518518518519 0.041666666666666664 0.03333333333333333
0 0.6557291666666667 0.0824074074074074 0.036458333333333336 0.04259259259259259
0 0.675 0.1 0.041666666666666664 0.04814814814814815
3 0.7296875 0.15648148148148147 0.046875 0.046296296296296294
0 0.7458333333333333 0.17685185185185184 0.05416666666666667 0.05
3 0.7864583333333334 0.21574074074074073 0.05 0.05
0 0.684375 0.28888888888888886 0.06458333333333334 0.05555555555555555
0 0.7484375 0.35833333333333334 0.059375 0.05740740740740741
0 0.7796875 0.40555555555555556 0.065625 0.07777777777777778
0 0.8958333333333334 0.5814814814814815 0.08958333333333333 0.08888888888888889
0 0.9723958333333333 0.5787037037037037 0.05520833333333333 0.11296296296296296
1 0.7182291666666667 0.9444444444444444 0.08229166666666667 0.1111111111111111
1 0.8395833333333333 0.8240740740740741 0.13958333333333334 0.21481481481481482
1 0.8807291666666667 0.7481481481481481 0.11145833333333334 0.18888888888888888
0 0.7072916666666667 0.6314814814814815 0.09583333333333334 0.11481481481481481
0 0.6380208333333334 0.46111111111111114 0.057291666666666664 0.0962962962962963
3 0.5651041666666666 0.32222222222222224 0.040625 0.07407407407407407
0 0.8453125 0.23796296296296296 0.059375 0.06111111111111111
0 0.8921875 0.28055555555555556 0.059375 0.05740740740740741
0 0.9395833333333333 0.31296296296296294 0.06875 0.06666666666666667
0 0.9640625 0.3490740740740741 0.06354166666666666 0.05740740740740741
0 0.9796875 0.3787037037037037 0.040625 0.06851851851851852
