0 0.9621323529411765 0.7320261437908496 0.07426470588235294 0.13594771241830064
0 0.8775735294117647 0.6725490196078432 0.14926470588235294 0.1084967320261438
0 0.8742647058823529 0.6124183006535948 0.12352941176470589 0.08235294117647059
0 0.7595588235294117 0.5607843137254902 0.08823529411764706 0.09411764705882353
0 0.2639705882352941 0.27647058823529413 0.026470588235294117 0.043137254901960784
0 0.2672794117647059 0.17516339869281045 0.01838235294117647 0.026143790849673203
0 0.3029411764705882 0.13071895424836602 0.013235294117647059 0.018300653594771243
0 0.30330882352941174 0.09803921568627451 0.009558823529411765 0.01568627450980392
0 0.29375 0.09215686274509804 0.009558823529411765 0.01437908496732026
0 0.31323529411764706 0.08823529411764706 0.010294117647058823 0.01437908496732026
0 0.30625 0.0718954248366013 0.006617647058823529 0.01045751633986928
0 0.31838235294117645 0.06928104575163399 0.007352941176470588 0.01045751633986928
0 0.31029411764705883 0.06535947712418301 0.0058823529411764705 0.01045751633986928
0 0.31433823529411764 0.05947712418300653 0.005147058823529412 0.009150326797385621
0 0.3235294117647059 0.05816993464052288 0.0058823529411764705 0.009150326797385621
0 0.3338235294117647 0.06797385620915032 0.0058823529411764705 0.01045751633986928
0 0.33198529411764705 0.0738562091503268 0.006617647058823529 0.011764705882352941
0 0.32941176470588235 0.08235294117647059 0.007352941176470588 0.013071895424836602
0 0.32941176470588235 0.0934640522875817 0.008823529411764706 0.01437908496732026
0 0.3301470588235294 0.10196078431372549 0.007352941176470588 0.013071895424836602
0 0.34191176470588236 0.09738562091503268 0.008823529411764706 0.01437908496732026
0 0.3551470588235294 0.08758169934640522 0.008823529411764706 0.01568627450980392
0 0.3452205882352941 0.08366013071895424 0.006617647058823529 0.01045751633986928
0 0.3375 0.07777777777777778 0.0058823529411764705 0.011764705882352941
0 0.36176470588235293 0.10457516339869281 0.008823529411764706 0.018300653594771243
0 0.048161764705882355 0.21176470588235294 0.04779411764705882 0.04183006535947712
0 0.3452205882352941 0.11960784313725491 0.009558823529411765 0.01699346405228758
0 0.3246323529411765 0.19673202614379084 0.01838235294117647 0.027450980392156862
0 0.325 0.1607843137254902 0.016176470588235296 0.02091503267973856
0 0.34705882352941175 0.16797385620915034 0.014705882352941176 0.02483660130718954
0 0.375 0.19934640522875818 0.016176470588235296 0.030065359477124184
3 0.41213235294117645 0.08888888888888889 0.022794117647058822 0.023529411764705882
3 0.42867647058823527 0.12222222222222222 0.022058823529411766 0.0196078431372549
0 0.47316176470588234 0.169281045751634 0.015441176470588236 0.02483660130718954
3 0.4797794117647059 0.1869281045751634 0.016911764705882352 0.03137254901960784
0 0.4974264705882353 0.2045751633986928 0.030147058823529412 0.027450980392156862
3 0.5547794117647059 0.3254901960784314 0.03897058823529412 0.06274509803921569
3 0.47352941176470587 0.32679738562091504 0.030882352941176472 0.054901960784313725
0 0.5889705882352941 0.4241830065359477 0.03529411764705882 0.06143790849673202
