0 0.7099264705882353 0.024183006535947713 0.03602941176470588 0.040522875816993466
2 0.6661764705882353 0.052941176470588235 0.07941176470588235 0.09281045751633987
0 0.6966911764705882 0.09019607843137255 0.0375 0.044444444444444446
0 0.555514705882353 0.09281045751633987 0.04338235294117647 0.036601307189542485
0 0.5680147058823529 0.18823529411764706 0.05220588235294118 0.05751633986928104
0 0.6540441176470588 0.32222222222222224 0.08014705882352942 0.09281045751633987
0 0.6150735294117647 0.3738562091503268 0.07573529411764705 0.07320261437908497
0 0.5073529411764706 0.4993464052287582 0.08823529411764706 0.07058823529411765
1 0.48161764705882354 0.5405228758169934 0.125 0.134640522875817
0 0.4411764705882353 0.6431372549019608 0.08970588235294118 0.10457516339869281
3 0.4077205882352941 0.30392156862745096 0.0625 0.08496732026143791
0 0.43933823529411764 0.14967320261437908 0.05073529411764706 0.06405228758169934
0 0.37463235294117647 0.7529411764705882 0.11838235294117647 0.11503267973856209
0 0.33198529411764705 0.8372549019607843 0.13014705882352942 0.10588235294117647
0 0.028676470588235293 0.42483660130718953 0.041176470588235294 0.07581699346405228
0 0.18566176470588236 0.31176470588235294 0.07426470588235294 0.06666666666666667
0 0.25330882352941175 0.27058823529411763 0.07279411764705883 0.05751633986928104
