0 0.47095588235294117 0.4947712418300654 0.09926470588235294 0.134640522875817
0 0.600735294117647 0.3457516339869281 0.06911764705882353 0.10588235294117647
0 0.8165441176470588 0.46405228758169936 0.11838235294117647 0.08888888888888889
0 0.8735294117647059 0.3758169934640523 0.10882352941176471 0.07450980392156863
0 0.9422794117647059 0.3026143790849673 0.09485294117647058 0.08758169934640522
3 0.3911764705882353 0.2908496732026144 0.12205882352941176 0.12156862745098039
0 0.46948529411764706 0.28954248366013075 0.08014705882352942 0.0718954248366013
3 0.022794117647058822 0.3359477124183007 0.045588235294117645 0.09411764705882353
0 0.6080882352941176 0.13594771241830064 0.058823529411764705 0.054901960784313725
3 0.6268382352941176 0.1111111111111111 0.06102941176470588 0.06535947712418301
0 0.6470588235294118 0.09019607843137255 0.058823529411764705 0.054901960784313725
0 0.6827205882352941 0.06013071895424837 0.05808823529411765 0.05228758169934641
0 0.7069852941176471 0.0542483660130719 0.05073529411764706 0.043137254901960784
0 0.7139705882352941 0.04183006535947712 0.057352941176470586 0.04183006535947712
0 0.7345588235294118 0.02875816993464052 0.061764705882352944 0.044444444444444446
0 0.7705882352941177 0.01568627450980392 0.054411764705882354 0.03137254901960784
0 0.9165441176470588 0.2627450980392157 0.09926470588235294 0.06797385620915032
0 0.9595588235294118 0.24444444444444444 0.08088235294117647 0.07320261437908497
0 0.9621323529411765 0.18235294117647058 0.07573529411764705 0.050980392156862744
0 0.9702205882352941 0.14313725490196078 0.05955882352941176 0.0457516339869281
0 0.9143382352941176 0.06013071895424837 0.03602941176470588 0.044444444444444446
