1 0.346875 0.7166666666666667 0.19166666666666668 0.5666666666666667
0 0.44427083333333334 0.6824074074074075 0.046875 0.14629629629629629
0 0.5145833333333333 0.43703703703703706 0.0375 0.1037037037037037
1 0.4786458333333333 0.2898148148148148 0.042708333333333334 0.18333333333333332
0 0.4083333333333333 0.27870370370370373 0.058333333333333334 0.05740740740740741
3 0.3770833333333333 0.18703703703703703 0.027083333333333334 0.05185185185185185
1 0.5125 0.040740740740740744 0.025 0.05925925925925926
0 0.63125 0.08425925925925926 0.04583333333333333 0.04259259259259259
1 0.6046875 0.14166666666666666 0.057291666666666664 0.05740740740740741
1 0.6057291666666667 0.1685185185185185 0.06354166666666666 0.05555555555555555
0 0.35052083333333334 0.19444444444444445 0.023958333333333335 0.05185185185185185
