0 0.73125 0.9679738562091503 0.06691176470588235 0.06405228758169934
3 0.5808823529411765 0.8281045751633986 0.029411764705882353 0.08496732026143791
0 0.5044117647058823 0.9150326797385621 0.03529411764705882 0.12026143790849673
0 0.5602941176470588 0.6431372549019608 0.022058823529411766 0.06274509803921569
0 0.6327205882352941 0.38300653594771245 0.03308823529411765 0.03137254901960784
0 0.6253676470588235 0.3176470588235294 0.03602941176470588 0.02875816993464052
0 0.60625 0.2934640522875817 0.028676470588235293 0.022222222222222223
3 0.32279411764705884 0.9764705882352941 0.075 0.047058823529411764
0 0.33492647058823527 0.9104575163398693 0.08014705882352942 0.06405228758169934
0 0.36433823529411763 0.788235294117647 0.0625 0.06274509803921569
0 0.4345588235294118 0.7320261437908496 0.03235294117647059 0.09673202614379085
0 0.48419117647058824 0.7509803921568627 0.025735294117647058 0.09019607843137255
0 0.40625 0.5725490196078431 0.04632352941176471 0.036601307189542485
0 0.40808823529411764 0.5418300653594771 0.04411764705882353 0.032679738562091505
0 0.51875 0.6705882352941176 0.025735294117647058 0.08104575163398693
0 0.4878676470588235 0.6313725490196078 0.02426470588235294 0.07320261437908497
0 0.4915441176470588 0.5444444444444444 0.019852941176470587 0.058823529411764705
0 0.5231617647058824 0.5777777777777777 0.022794117647058822 0.07058823529411765
0 0.5143382352941176 0.3980392156862745 0.019852941176470587 0.043137254901960784
0 0.5584558823529412 0.4620915032679739 0.01838235294117647 0.043137254901960784
0 0.45992647058823527 0.2928104575163399 0.03161764705882353 0.023529411764705882
0 0.46433823529411766 0.2679738562091503 0.03455882352941177 0.026143790849673203
0 0.46544117647058825 0.2503267973856209 0.033823529411764704 0.0196078431372549
0 0.4988970588235294 0.30522875816993467 0.022794117647058822 0.040522875816993466
0 0.6481617647058824 0.15816993464052287 0.015441176470588236 0.02091503267973856
0 0.6205882352941177 0.1503267973856209 0.022058823529411766 0.02091503267973856
0 0.5235294117647059 0.08562091503267974 0.008823529411764706 0.0196078431372549
0 0.5849264705882353 0.22418300653594772 0.013970588235294118 0.022222222222222223
0 0.5330882352941176 0.1287581699346405 0.010294117647058823 0.022222222222222223
0 0.5422794117647058 0.11960784313725491 0.006617647058823529 0.0196078431372549
0 0.5389705882352941 0.08627450980392157 0.010294117647058823 0.01568627450980392
0 0.5352941176470588 0.10784313725490197 0.008823529411764706 0.022222222222222223
0 0.5996323529411764 0.12745098039215685 0.019852941176470587 0.01437908496732026
0 0.5988970588235294 0.11764705882352941 0.021323529411764706 0.013071895424836602
0 0.5955882352941176 0.11045751633986928 0.020588235294117647 0.01699346405228758
0 0.5573529411764706 0.25359477124183005 0.011764705882352941 0.023529411764705882
0 0.5595588235294118 0.28104575163398693 0.014705882352941176 0.026143790849673203
