0 0.5746323529411764 0.38235294117647056 0.025735294117647058 0.0196078431372549
0 0.6073529411764705 0.39019607843137255 0.01764705882352941 0.01699346405228758
0 0.6095588235294118 0.373202614379085 0.022058823529411766 0.01437908496732026
0 0.6352941176470588 0.3862745098039216 0.020588235294117647 0.01699346405228758
0 0.6470588235294118 0.3581699346405229 0.010294117647058823 0.01568627450980392
0 0.6474264705882353 0.34967320261437906 0.009558823529411765 0.011764705882352941
0 0.6621323529411764 0.36470588235294116 0.016911764705882352 0.01568627450980392
0 0.6757352941176471 0.3686274509803922 0.01764705882352941 0.01568627450980392
0 0.6731617647058824 0.3843137254901961 0.021323529411764706 0.01568627450980392
0 0.7194852941176471 0.38823529411764707 0.01838235294117647 0.01568627450980392
