0 0.7072916666666667 0.29907407407407405 0.01875 0.012962962962962963
0 0.7463541666666667 0.3314814814814815 0.019791666666666666 0.018518518518518517
0 0.7817708333333333 0.31851851851851853 0.019791666666666666 0.011111111111111112
0 0.8052083333333333 0.325 0.016666666666666666 0.012962962962962963
0 0.7817708333333333 0.2953703703703704 0.017708333333333333 0.012962962962962963
0 0.859375 0.29074074074074074 0.014583333333333334 0.011111111111111112
0 0.8734375 0.29074074074074074 0.013541666666666667 0.011111111111111112
0 0.8911458333333333 0.2898148148148148 0.015625 0.012962962962962963
0 0.565625 0.3138888888888889 0.01875 0.012962962962962963
0 0.3885416666666667 0.6666666666666666 0.025 0.05185185185185185
0 0.0265625 0.8703703703703703 0.053125 0.0962962962962963
0 0.23229166666666667 0.7092592592592593 0.035416666666666666 0.06666666666666667
0 0.29635416666666664 0.5222222222222223 0.019791666666666666 0.03333333333333333
3 0.4479166666666667 0.3138888888888889 0.016666666666666666 0.016666666666666666
3 0.42552083333333335 0.30648148148148147 0.011458333333333333 0.016666666666666666
0 0.4161458333333333 0.4564814814814815 0.013541666666666667 0.024074074074074074
0 0.38125 0.3888888888888889 0.020833333333333332 0.018518518518518517
0 0.359375 0.2861111111111111 0.008333333333333333 0.012962962962962963
0 0.3625 0.25092592592592594 0.008333333333333333 0.009259259259259259
0 0.37916666666666665 0.2564814814814815 0.008333333333333333 0.009259259259259259
0 0.40729166666666666 0.25092592592592594 0.00625 0.009259259259259259
0 0.4197916666666667 0.24722222222222223 0.00625 0.009259259259259259
0 0.390625 0.24814814814814815 0.00625 0.007407407407407408
0 0.44114583333333335 0.25555555555555554 0.013541666666666667 0.011111111111111112
0 0.44479166666666664 0.24814814814814815 0.00625 0.007407407407407408
0 0.4 0.25925925925925924 0.00625 0.011111111111111112
0 0.3958333333333333 0.275 0.008333333333333333 0.009259259259259259
0 0.3921875 0.2851851851851852 0.007291666666666667 0.011111111111111112
0 0.38958333333333334 0.31203703703703706 0.008333333333333333 0.012962962962962963
0 0.40989583333333335 0.27685185185185185 0.007291666666666667 0.009259259259259259
0 0.3671875 0.32037037037037036 0.009375 0.014814814814814815
0 0.39114583333333336 0.33425925925925926 0.011458333333333333 0.012962962962962963
1 0.4088541666666667 0.3194444444444444 0.007291666666666667 0.012962962962962963
3 0.40729166666666666 0.30925925925925923 0.00625 0.018518518518518517
0 0.40260416666666665 0.29814814814814816 0.007291666666666667 0.011111111111111112
