0 0.47610294117647056 0.20522875816993463 0.006617647058823529 0.01045751633986928
3 0.49558823529411766 0.2065359477124183 0.0058823529411764705 0.00784313725490196
0 0.4948529411764706 0.2111111111111111 0.0058823529411764705 0.009150326797385621
0 0.4988970588235294 0.21568627450980393 0.006617647058823529 0.01045751633986928
3 0.5007352941176471 0.22026143790849673 0.007352941176470588 0.01437908496732026
0 0.5025735294117647 0.22679738562091503 0.006617647058823529 0.011764705882352941
0 0.5040441176470588 0.23071895424836603 0.008088235294117648 0.011764705882352941
0 0.5088235294117647 0.23921568627450981 0.010294117647058823 0.01568627450980392
0 0.5110294117647058 0.2457516339869281 0.010294117647058823 0.01045751633986928
0 0.5117647058823529 0.2529411764705882 0.010294117647058823 0.01437908496732026
0 0.5238970588235294 0.2751633986928105 0.015441176470588236 0.022222222222222223
0 0.47610294117647056 0.22745098039215686 0.008088235294117648 0.013071895424836602
0 0.4922794117647059 0.25620915032679736 0.011029411764705883 0.018300653594771243
0 0.4974264705882353 0.2908496732026144 0.013970588235294118 0.0196078431372549
0 0.48125 0.27712418300653596 0.0125 0.02091503267973856
0 0.4602941176470588 0.27320261437908494 0.013235294117647059 0.023529411764705882
0 0.44191176470588234 0.27320261437908494 0.011764705882352941 0.02091503267973856
0 0.4485294117647059 0.25947712418300656 0.011764705882352941 0.01699346405228758
0 0.43970588235294117 0.23921568627450981 0.010294117647058823 0.01568627450980392
0 0.42316176470588235 0.2849673202614379 0.009558823529411765 0.01568627450980392
0 0.42169117647058824 0.29673202614379085 0.016911764705882352 0.026143790849673203
3 0.41102941176470587 0.3300653594771242 0.027941176470588237 0.03790849673202614
3 0.05183823529411765 0.5725490196078431 0.09044117647058823 0.08104575163398693
1 0.2349264705882353 0.4777777777777778 0.0625 0.08235294117647059
1 0.30514705882352944 0.361437908496732 0.03823529411764706 0.0718954248366013
0 0.22573529411764706 0.3941176470588235 0.05588235294117647 0.03790849673202614
0 0.24448529411764705 0.3843137254901961 0.05220588235294118 0.03398692810457516
0 0.24301470588235294 0.3686274509803922 0.04926470588235294 0.03398692810457516
3 0.22904411764705881 0.2928104575163399 0.03455882352941177 0.023529411764705882
0 0.2783088235294118 0.2627450980392157 0.02426470588235294 0.02091503267973856
0 0.33492647058823527 0.2758169934640523 0.02426470588235294 0.023529411764705882
0 0.34816176470588234 0.26862745098039215 0.027205882352941177 0.01699346405228758
0 0.34816176470588234 0.2607843137254902 0.02426470588235294 0.01699346405228758
0 0.3003676470588235 0.238562091503268 0.011029411764705883 0.01437908496732026
3 0.34191176470588236 0.20784313725490197 0.007352941176470588 0.013071895424836602
0 0.3180147058823529 0.24183006535947713 0.011029411764705883 0.01568627450980392
0 0.32316176470588237 0.2529411764705882 0.0125 0.01699346405228758
0 0.32941176470588235 0.24313725490196078 0.011764705882352941 0.01568627450980392
3 0.3573529411764706 0.21895424836601307 0.011764705882352941 0.0196078431372549
0 0.5316176470588235 0.3 0.011764705882352941 0.0196078431372549
0 0.5169117647058824 0.30392156862745096 0.020588235294117647 0.02483660130718954
0 0.5386029411764706 0.3156862745098039 0.013970588235294118 0.02483660130718954
0 0.5227941176470589 0.32222222222222224 0.03529411764705882 0.027450980392156862
0 0.4875 0.34705882352941175 0.01911764705882353 0.032679738562091505
0 0.49117647058823527 0.37254901960784315 0.023529411764705882 0.036601307189542485
3 0.4922794117647059 0.39869281045751637 0.019852941176470587 0.04183006535947712
0 0.5143382352941176 0.4895424836601307 0.03308823529411765 0.05620915032679739
0 0.6246323529411765 0.5352941176470588 0.04191176470588235 0.0718954248366013
0 0.5680147058823529 0.3993464052287582 0.025735294117647058 0.03790849673202614
0 0.5621323529411765 0.37777777777777777 0.022794117647058822 0.03137254901960784
0 0.549264705882353 0.34444444444444444 0.027941176470588237 0.02483660130718954
0 0.799264705882353 0.4496732026143791 0.05588235294117647 0.04967320261437908
1 0.94375 0.7496732026143791 0.10220588235294117 0.24705882352941178
1 0.7018382352941176 0.4 0.05514705882352941 0.09411764705882353
