0 0.21433823529411763 0.4130718954248366 0.05955882352941176 0.11241830065359477
0 0.8143382352941176 0.8745098039215686 0.09632352941176471 0.25098039215686274
3 0.7121323529411765 0.43529411764705883 0.05367647058823529 0.1411764705882353
3 0.7922794117647058 0.4954248366013072 0.06397058823529411 0.16732026143790849
0 0.7125 0.29934640522875816 0.04264705882352941 0.08366013071895424
0 0.7797794117647059 0.3241830065359477 0.04632352941176471 0.09934640522875816
0 0.7095588235294118 0.20065359477124184 0.03676470588235294 0.06666666666666667
0 0.7735294117647059 0.21437908496732025 0.04411764705882353 0.07581699346405228
0 0.7716911764705883 0.15098039215686274 0.0375 0.06405228758169934
3 0.7643382352941176 0.08627450980392157 0.028676470588235293 0.05751633986928104
3 0.7544117647058823 0.05228758169934641 0.025 0.044444444444444446
0 0.9753676470588235 0.17973856209150327 0.04926470588235294 0.050980392156862744
0 0.9591911764705883 0.16470588235294117 0.06985294117647059 0.05228758169934641
0 0.9422794117647059 0.12810457516339868 0.06985294117647059 0.047058823529411764
0 0.9257352941176471 0.05751633986928104 0.060294117647058824 0.036601307189542485
0 0.9033088235294118 0.04183006535947712 0.04926470588235294 0.03137254901960784
0 0.9246323529411765 0.03202614379084967 0.06985294117647059 0.032679738562091505
