3 0.03785714285714286 0.15428571428571428 0.03 0.045714285714285714
2 0.25035714285714283 0.03190476190476191 0.02642857142857143 0.04476190476190476
3 0.24857142857142858 0.08428571428571428 0.018571428571428572 0.03333333333333333
0 0.22714285714285715 0.07285714285714286 0.014285714285714285 0.018095238095238095
0 0.25535714285714284 0.06952380952380953 0.013571428571428571 0.015238095238095238
3 0.2292857142857143 0.03761904761904762 0.024285714285714285 0.039047619047619046
3 0.2689285714285714 0.011904761904761904 0.020714285714285713 0.023809523809523808
0 0.285 0.004285714285714286 0.014285714285714285 0.008571428571428572
0 0.08392857142857142 0.4471428571428571 0.039285714285714285 0.04666666666666667
0 0.12392857142857143 0.5747619047619048 0.04071428571428572 0.06571428571428571
0 0.5846428571428571 0.8038095238095239 0.075 0.049523809523809526
0 0.6089285714285714 0.5995238095238096 0.05357142857142857 0.058095238095238096
3 0.5 0.6066666666666667 0.06285714285714286 0.045714285714285714
3 0.6692857142857143 0.5266666666666666 0.04428571428571428 0.09142857142857143
3 0.5910714285714286 0.4580952380952381 0.05071428571428571 0.047619047619047616
0 0.42964285714285716 0.43333333333333335 0.05071428571428571 0.02857142857142857
0 0.5432142857142858 0.24619047619047618 0.04071428571428572 0.025714285714285714
3 0.5742857142857143 0.14952380952380953 0.017142857142857144 0.030476190476190476
3 0.5603571428571429 0.3038095238095238 0.045 0.030476190476190476
0 0.5335714285714286 0.18619047619047618 0.03428571428571429 0.02
0 0.52 0.1442857142857143 0.027142857142857142 0.021904761904761906
0 0.5285714285714286 0.17333333333333334 0.03571428571428571 0.017142857142857144
0 0.5235714285714286 0.16285714285714287 0.03 0.017142857142857144
0 0.52 0.13333333333333333 0.02857142857142857 0.017142857142857144
0 0.5164285714285715 0.11761904761904762 0.02857142857142857 0.02
3 0.4664285714285714 0.023333333333333334 0.011428571428571429 0.02
3 0.5560714285714285 0.024761904761904763 0.017857142857142856 0.017142857142857144
3 0.5092857142857142 0.02142857142857143 0.018571428571428572 0.023809523809523808
0 0.4157142857142857 0.08047619047619048 0.025714285714285714 0.014285714285714285
0 0.415 0.07238095238095238 0.022857142857142857 0.011428571428571429
0 0.41464285714285715 0.05952380952380952 0.023571428571428573 0.012380952380952381
0 0.4142857142857143 0.05333333333333334 0.022857142857142857 0.013333333333333334
0 0.4135714285714286 0.04904761904761905 0.02142857142857143 0.012380952380952381
0 0.41714285714285715 0.03666666666666667 0.022857142857142857 0.014285714285714285
0 0.5642857142857143 0.006190476190476191 0.02 0.012380952380952381
3 0.8153571428571429 0.8895238095238095 0.09357142857142857 0.06285714285714286
3 0.8703571428571428 0.9614285714285714 0.12785714285714286 0.07333333333333333
