0 0.6730167014613778 0.7532467532467533 0.0662839248434238 0.09090909090909091
0 0.6497912317327766 0.6906307977736549 0.06784968684759916 0.07142857142857142
0 0.6349164926931107 0.6247680890538033 0.06210855949895616 0.0862708719851577
0 0.6283924843423799 0.5111317254174397 0.05010438413361169 0.06307977736549165
0 0.6213465553235908 0.475417439703154 0.042275574112734866 0.05287569573283859
0 0.6203027139874739 0.42207792207792205 0.04749478079331942 0.059369202226345084
0 0.7199895615866388 0.40120593692022266 0.043319415448851775 0.06029684601113173
0 0.7270354906054279 0.44990723562152135 0.04488517745302714 0.059369202226345084
0 0.738517745302714 0.4865491651205937 0.05636743215031315 0.0640074211502783
0 0.7617432150313153 0.5871985157699443 0.04540709812108559 0.07421150278293136
0 0.7813152400835073 0.7119666048237476 0.06263048016701461 0.07884972170686456
0 0.8079331941544885 0.7871057513914657 0.06889352818371608 0.08441558441558442
0 0.6933716075156576 0.28061224489795916 0.03914405010438413 0.04916512059369202
0 0.6041231732776617 0.24860853432282004 0.02244258872651357 0.03525046382189239
0 0.6748434237995825 0.161873840445269 0.03653444676409186 0.039888682745825604
0 0.6636221294363257 0.1414656771799629 0.031837160751565764 0.026901669758812616
0 0.5934237995824635 0.1349721706864564 0.032359081419624215 0.0287569573283859
0 0.5913361169102297 0.11595547309833024 0.030271398747390398 0.02411873840445269
0 0.5829853862212944 0.022727272727272728 0.028183716075156576 0.023191094619666047
0 0.5816805845511482 0.012523191094619666 0.02661795407098121 0.017625231910946195
0 0.5835073068893528 0.0055658627087198514 0.022964509394572025 0.011131725417439703
1 0.48643006263048016 0.04359925788497217 0.013569937369519834 0.03339517625231911
0 0.4671189979123173 0.17532467532467533 0.017745302713987474 0.03525046382189239
3 0.46842379958246344 0.24211502782931354 0.019311064718162838 0.04267161410018553
2 0.4856471816283925 0.5681818181818182 0.04018789144050104 0.1345083487940631
0 0.42379958246346555 0.3038033395176252 0.03653444676409186 0.05102040816326531
3 0.3752609603340292 0.06029684601113173 0.014613778705636743 0.03710575139146568
