0 0.2057142857142857 0.03426395939086294 0.032857142857142856 0.017766497461928935
0 0.18464285714285714 0.2436548223350254 0.03642857142857143 0.027918781725888325
0 0.17857142857142858 0.26903553299492383 0.02857142857142857 0.02284263959390863
0 0.17607142857142857 0.3197969543147208 0.035 0.03299492385786802
0 0.027142857142857142 0.4467005076142132 0.018571428571428572 0.050761421319796954
1 0.029642857142857144 0.7772842639593909 0.05928571428571429 0.05203045685279188
0 0.020714285714285713 0.833756345177665 0.041428571428571426 0.04314720812182741
0 0.5864285714285714 0.9720812182741116 0.04 0.04314720812182741
0 0.5671428571428572 0.9105329949238579 0.045714285714285714 0.03680203045685279
3 0.6342857142857142 0.9029187817258884 0.045714285714285714 0.031725888324873094
0 0.6582142857142858 0.9581218274111675 0.04214285714285714 0.03553299492385787
0 0.6992857142857143 0.9086294416243654 0.04 0.03807106598984772
0 0.7182142857142857 0.9619289340101523 0.045 0.03553299492385787
3 0.38321428571428573 0.7144670050761421 0.020714285714285713 0.08375634517766498
3 0.4125 0.6446700507614214 0.020714285714285713 0.07868020304568528
0 0.4107142857142857 0.12055837563451777 0.012857142857142857 0.0532994923857868
1 0.40714285714285714 0.31725888324873097 0.022857142857142857 0.18527918781725888
0 0.3821428571428571 0.4739847715736041 0.017142857142857144 0.06218274111675127
