0 0.4878571428571429 0.6533333333333333 0.11571428571428571 0.08571428571428572
0 0.825 0.5971428571428572 0.05285714285714286 0.1180952380952381
0 0.89 0.6109523809523809 0.05714285714285714 0.13047619047619047
0 0.9639285714285715 0.6076190476190476 0.060714285714285714 0.1180952380952381
0 0.9414285714285714 0.8266666666666667 0.11428571428571428 0.09142857142857143
0 0.5182142857142857 0.42238095238095236 0.04642857142857143 0.08285714285714285
0 0.5685714285714286 0.5638095238095238 0.09 0.09904761904761905
0 0.4903571428571429 0.5428571428571428 0.09071428571428572 0.08761904761904762
0 0.3628571428571429 0.5533333333333333 0.09857142857142857 0.08
0 0.3157142857142857 0.52 0.09857142857142857 0.08571428571428572
0 0.23535714285714285 0.4942857142857143 0.09071428571428572 0.06476190476190476
0 0.1367857142857143 0.4857142857142857 0.09785714285714285 0.05714285714285714
0 0.029642857142857144 0.47 0.05928571428571429 0.06761904761904762
0 0.031785714285714285 0.3680952380952381 0.062142857142857146 0.07333333333333333
0 0.065 0.37761904761904763 0.06714285714285714 0.06952380952380953
0 0.10964285714285714 0.38142857142857145 0.06642857142857143 0.06761904761904762
0 0.16071428571428573 0.3852380952380952 0.06428571428571428 0.07142857142857142
0 0.2032142857142857 0.38476190476190475 0.06642857142857143 0.07238095238095238
0 0.24892857142857142 0.39380952380952383 0.05071428571428571 0.07333333333333333
0 0.2914285714285714 0.39380952380952383 0.05857142857142857 0.07714285714285714
0 0.3385714285714286 0.3980952380952381 0.05857142857142857 0.07428571428571429
0 0.38535714285714284 0.40523809523809523 0.05928571428571429 0.07714285714285714
0 0.4282142857142857 0.4119047619047619 0.045 0.08095238095238096
0 0.4689285714285714 0.41714285714285715 0.04214285714285714 0.08571428571428572
