0 0.026071428571428572 0.7471428571428571 0.052142857142857144 0.040952380952380955
0 0.0425 0.6914285714285714 0.05928571428571429 0.030476190476190476
3 0.7467857142857143 0.9480952380952381 0.07071428571428572 0.06380952380952382
0 0.5975 0.7376190476190476 0.029285714285714286 0.06952380952380953
0 0.7492857142857143 0.7395238095238095 0.032857142857142856 0.06571428571428571
0 0.6389285714285714 0.6476190476190476 0.047857142857142855 0.02857142857142857
0 0.6414285714285715 0.6761904761904762 0.04857142857142857 0.030476190476190476
1 0.6360714285714286 0.7366666666666667 0.03214285714285714 0.07523809523809524
0 0.5575 0.44761904761904764 0.03642857142857143 0.024761904761904763
0 0.5625 0.42523809523809525 0.03785714285714286 0.021904761904761906
0 0.6778571428571428 0.5328571428571428 0.047142857142857146 0.029523809523809525
0 0.5467857142857143 0.2652380952380952 0.029285714285714286 0.023809523809523808
0 0.6146428571428572 0.259047619047619 0.02214285714285714 0.01904761904761905
0 0.42428571428571427 0.4033333333333333 0.018571428571428572 0.03333333333333333
0 0.5021428571428571 0.16095238095238096 0.012857142857142857 0.022857142857142857
0 0.2332142857142857 0.1676190476190476 0.025 0.015238095238095238
0 0.2932142857142857 0.17809523809523808 0.025 0.015238095238095238
0 0.2975 0.16952380952380952 0.02642857142857143 0.013333333333333334
3 0.3132142857142857 0.14904761904761904 0.02214285714285714 0.01619047619047619
1 0.2032142857142857 0.21142857142857144 0.029285714285714286 0.017142857142857144
0 0.21285714285714286 0.19428571428571428 0.027142857142857142 0.017142857142857144
1 0.18607142857142858 0.2509523809523809 0.045 0.023809523809523808
1 0.21071428571428572 0.3 0.027142857142857142 0.01904761904761905
3 0.11321428571428571 0.3319047619047619 0.03214285714285714 0.025714285714285714
0 0.21071428571428572 0.33666666666666667 0.02857142857142857 0.01619047619047619
3 0.3092857142857143 0.12904761904761905 0.02 0.018095238095238095
