0 0.2525 0.9528571428571428 0.085 0.05238095238095238
0 0.3514285714285714 0.8628571428571429 0.07857142857142857 0.09523809523809523
3 0.5021428571428571 0.6647619047619048 0.03428571428571429 0.08190476190476191
0 0.7842857142857143 0.7 0.07 0.08190476190476191
0 0.7507142857142857 0.9433333333333334 0.08285714285714285 0.058095238095238096
1 0.7942857142857143 0.8595238095238096 0.12571428571428572 0.07142857142857142
3 0.9460714285714286 0.919047619047619 0.09928571428571428 0.06095238095238095
0 0.9757142857142858 0.7057142857142857 0.04857142857142857 0.09714285714285714
0 0.9385714285714286 0.7171428571428572 0.047142857142857146 0.09714285714285714
0 0.4882142857142857 0.5471428571428572 0.03214285714285714 0.08666666666666667
1 0.4467857142857143 0.4980952380952381 0.035 0.11619047619047619
0 0.5153571428571428 0.024285714285714285 0.055 0.035238095238095235
3 0.5189285714285714 0.04904761904761905 0.052142857142857144 0.04666666666666667
0 0.5539285714285714 0.07047619047619047 0.05357142857142857 0.03619047619047619
0 0.5285714285714286 0.12523809523809523 0.05714285714285714 0.040952380952380955
0 0.46 0.07142857142857142 0.022857142857142857 0.05523809523809524
0 0.46 0.12666666666666668 0.025714285714285714 0.05904761904761905
3 0.43714285714285717 0.2061904761904762 0.025714285714285714 0.06190476190476191
3 0.475 0.28285714285714286 0.025714285714285714 0.07047619047619047
3 0.4060714285714286 0.18 0.027857142857142858 0.08571428571428572
