0 0.01107142857142857 0.3676190476190476 0.02214285714285714 0.047619047619047616
0 0.0375 0.38476190476190475 0.04214285714285714 0.05333333333333334
0 0.07821428571428571 0.38857142857142857 0.04214285714285714 0.05333333333333334
3 0.15464285714285714 0.3628571428571429 0.030714285714285715 0.05333333333333334
3 0.205 0.3547619047619048 0.03428571428571429 0.04857142857142857
3 0.2760714285714286 0.35285714285714287 0.047857142857142855 0.03333333333333333
0 0.30142857142857143 0.31476190476190474 0.04857142857142857 0.02761904761904762
0 0.40785714285714286 0.0919047619047619 0.02857142857142857 0.018095238095238095
3 0.9210714285714285 0.056666666666666664 0.013571428571428571 0.018095238095238095
2 0.7735714285714286 0.07 0.022857142857142857 0.058095238095238096
1 0.9510714285714286 0.10095238095238095 0.027857142857142858 0.05142857142857143
2 0.8546428571428571 0.22380952380952382 0.04357142857142857 0.09714285714285714
0 0.4014285714285714 0.3142857142857143 0.04428571428571428 0.02857142857142857
0 0.3975 0.3914285714285714 0.04642857142857143 0.030476190476190476
0 0.38142857142857145 0.4514285714285714 0.05285714285714286 0.03428571428571429
0 0.37285714285714283 0.4847619047619048 0.05285714285714286 0.04
0 0.165 0.6361904761904762 0.06714285714285714 0.049523809523809526
0 0.14392857142857143 0.6785714285714286 0.065 0.054285714285714284
