0 0.5371428571428571 0.4776190476190476 0.04 0.04476190476190476
0 0.4135714285714286 0.5876190476190476 0.09714285714285714 0.11047619047619048
0 0.1467857142857143 0.5471428571428572 0.135 0.10571428571428572
0 0.33535714285714285 0.48333333333333334 0.075 0.06190476190476191
0 0.29178571428571426 0.47095238095238096 0.06928571428571428 0.04857142857142857
0 0.36214285714285716 0.4142857142857143 0.06 0.03238095238095238
0 0.46714285714285714 0.3942857142857143 0.024285714285714285 0.024761904761904763
0 0.45285714285714285 0.38285714285714284 0.018571428571428572 0.02095238095238095
2 0.49714285714285716 0.36047619047619045 0.03571428571428571 0.039047619047619046
0 0.5382142857142858 0.3404761904761905 0.009285714285714286 0.012380952380952381
0 0.5242857142857142 0.3585714285714286 0.011428571428571429 0.012380952380952381
0 0.5175 0.33666666666666667 0.012142857142857143 0.012380952380952381
0 0.5235714285714286 0.3523809523809524 0.01 0.013333333333333334
0 0.6167857142857143 0.3647619047619048 0.009285714285714286 0.015238095238095238
