0 0.415 0.638095238095238 0.08142857142857143 0.14095238095238094
0 0.4342857142857143 0.5147619047619048 0.06428571428571428 0.08857142857142856
0 0.2835714285714286 0.4642857142857143 0.06428571428571428 0.08857142857142856
0 0.23714285714285716 0.44142857142857145 0.07714285714285714 0.08857142857142856
0 0.13428571428571429 0.42095238095238097 0.08285714285714285 0.07809523809523809
0 0.18464285714285714 0.4357142857142857 0.075 0.07523809523809524
0 0.6189285714285714 0.5466666666666666 0.04928571428571429 0.10857142857142857
0 0.7875 0.5852380952380952 0.047857142857142855 0.1
0 0.8478571428571429 0.6019047619047619 0.055714285714285716 0.10857142857142857
0 0.9175 0.6204761904761905 0.06785714285714285 0.12476190476190477
0 0.8185714285714286 0.7476190476190476 0.06571428571428571 0.1619047619047619
0 0.9014285714285715 0.77 0.07428571428571429 0.16476190476190475
0 0.6775 0.5738095238095238 0.04071428571428572 0.10761904761904761
0 0.5475 0.6685714285714286 0.06642857142857143 0.1523809523809524
3 0.29714285714285715 0.6 0.08285714285714285 0.13333333333333333
0 0.8771428571428571 0.4638095238095238 0.10142857142857142 0.06857142857142857
3 0.28 0.3304761904761905 0.07714285714285714 0.06285714285714286
1 0.9775 0.6390476190476191 0.045 0.17714285714285713
