0 0.26 0.8996666666666666 0.03 0.042
0 0.325 0.7833333333333333 0.03 0.04933333333333333
0 0.421 0.7313333333333333 0.025 0.042666666666666665
0 0.4755 0.6993333333333334 0.027 0.03866666666666667
0 0.5535 0.5033333333333333 0.015 0.025333333333333333
0 0.588 0.43233333333333335 0.016 0.016666666666666666
0 0.63475 0.413 0.0145 0.019333333333333334
0 0.61475 0.369 0.0125 0.015333333333333332
0 0.5905 0.399 0.013 0.015333333333333332
0 0.65675 0.4493333333333333 0.0135 0.02
0 0.685 0.31533333333333335 0.008 0.014666666666666666
0 0.69675 0.3463333333333333 0.0115 0.011333333333333334
0 0.67125 0.252 0.0065 0.012
0 0.714 0.22833333333333333 0.005 0.008666666666666666
0 0.72075 0.21166666666666667 0.0055 0.006
0 0.60325 0.32033333333333336 0.0105 0.012666666666666666
0 0.5855 0.34933333333333333 0.009 0.013333333333333334
0 0.59225 0.3373333333333333 0.0105 0.014666666666666666
0 0.578 0.362 0.013 0.013333333333333334
0 0.56675 0.37966666666666665 0.0125 0.014
0 0.5575 0.3943333333333333 0.013 0.016666666666666666
0 0.5425 0.42033333333333334 0.013 0.018
0 0.675 0.5196666666666667 0.013 0.019333333333333334
0 0.681 0.5023333333333333 0.014 0.016666666666666666
0 0.68075 0.4846666666666667 0.0125 0.017333333333333333
0 0.688 0.4703333333333333 0.018 0.020666666666666667
0 0.692 0.45266666666666666 0.017 0.018666666666666668
0 0.69375 0.43666666666666665 0.0145 0.012
0 0.69825 0.42433333333333334 0.0135 0.015333333333333332
0 0.70075 0.412 0.0115 0.016
0 0.2915 0.835 0.037 0.05533333333333333
0 0.37 0.7073333333333334 0.027 0.04
0 0.5235 0.45066666666666666 0.013 0.018666666666666668
0 0.51375 0.4683333333333333 0.0145 0.016666666666666666
0 0.50125 0.483 0.0135 0.018
0 0.492 0.49933333333333335 0.014 0.02
0 0.6025 0.844 0.025 0.048
0 0.5945 0.901 0.026 0.05266666666666667
0 0.57625 0.966 0.0225 0.052
0 0.645 0.7396666666666667 0.032 0.04066666666666666
0 0.714 0.344 0.007 0.010666666666666666
0 0.71 0.36766666666666664 0.008 0.011333333333333334
0 0.70825 0.37833333333333335 0.0065 0.012666666666666666
0 0.70575 0.38766666666666666 0.0075 0.012666666666666666
0 0.7355 0.25566666666666665 0.006 0.01
0 0.73425 0.2633333333333333 0.0065 0.008
0 0.73275 0.272 0.0065 0.009333333333333334
0 0.731 0.2793333333333333 0.006 0.008
0 0.7285 0.29133333333333333 0.006 0.009333333333333334
0 0.72575 0.298 0.0065 0.010666666666666666
0 0.725 0.30466666666666664 0.007 0.012
0 0.74275 0.22666666666666666 0.0075 0.009333333333333334
0 0.74025 0.237 0.0055 0.007333333333333333
0 0.73925 0.24166666666666667 0.0065 0.01
0 0.75275 0.18433333333333332 0.0055 0.01
0 0.73475 0.18966666666666668 0.0055 0.007333333333333333
0 0.715 0.203 0.006 0.007333333333333333
0 0.695 0.20533333333333334 0.005 0.006666666666666667
0 0.69225 0.19733333333333333 0.0045 0.006666666666666667
0 0.68975 0.202 0.0045 0.008
0 0.70125 0.19566666666666666 0.0055 0.006
0 0.7455 0.141 0.004 0.004666666666666667
0 0.74025 0.139 0.0025 0.004666666666666667
0 0.73775 0.14633333333333334 0.0045 0.004666666666666667
0 0.73675 0.121 0.0035 0.004666666666666667
0 0.7265 0.13166666666666665 0.003 0.004666666666666667
0 0.73275 0.13066666666666665 0.0035 0.005333333333333333
0 0.7315 0.13766666666666666 0.004 0.004666666666666667
0 0.73575 0.13433333333333333 0.0035 0.004666666666666667
0 0.72125 0.14266666666666666 0.0035 0.005333333333333333
0 0.716 0.152 0.004 0.005333333333333333
0 0.72225 0.15066666666666667 0.0035 0.005333333333333333
0 0.7125 0.159 0.004 0.006
0 0.71925 0.15933333333333333 0.0035 0.005333333333333333
0 0.7155 0.167 0.005 0.007333333333333333
0 0.70575 0.172 0.0045 0.006666666666666667
0 0.708 0.16533333333333333 0.004 0.005333333333333333
0 0.70875 0.16866666666666666 0.0055 0.006666666666666667
0 0.709 0.17766666666666667 0.004 0.006
0 0.708 0.181 0.005 0.007333333333333333
0 0.70625 0.18433333333333332 0.0045 0.006
0 0.7045 0.188 0.005 0.006666666666666667
2 0.6995 0.18133333333333335 0.008 0.013333333333333334
2 0.71775 0.19566666666666666 0.0195 0.016666666666666666
2 0.68 0.22166666666666668 0.01 0.018
2 0.75675 0.11733333333333333 0.0045 0.009333333333333334
0 0.7535 0.115 0.003 0.004666666666666667
0 0.751 0.122 0.003 0.004
0 0.75 0.126 0.003 0.004
0 0.75325 0.12833333333333333 0.0035 0.004666666666666667
3 0.74825 0.13033333333333333 0.0035 0.004666666666666667
0 0.73875 0.11533333333333333 0.0055 0.004
0 0.69675 0.157 0.0045 0.006
0 0.695 0.16133333333333333 0.004 0.005333333333333333
0 0.69325 0.16733333333333333 0.0045 0.006666666666666667
0 0.71225 0.139 0.0035 0.004666666666666667
0 0.7065 0.14766666666666667 0.004 0.004666666666666667
2 0.63325 0.2663333333333333 0.0145 0.022
0 0.62675 0.2796666666666667 0.0075 0.01
0 0.655 0.23333333333333334 0.006 0.008
0 0.65325 0.238 0.0055 0.008
0 0.65025 0.242 0.0065 0.008
0 0.64675 0.24833333333333332 0.0065 0.007333333333333333
0 0.644 0.253 0.006 0.007333333333333333
0 0.64125 0.25766666666666665 0.0055 0.008666666666666666
0 0.67225 0.19933333333333333 0.0055 0.006666666666666667
0 0.67275 0.205 0.0055 0.007333333333333333
0 0.671 0.21066666666666667 0.006 0.008
0 0.66675 0.21366666666666667 0.0055 0.007333333333333333
0 0.66425 0.21866666666666668 0.0065 0.008
0 0.6625 0.22166666666666668 0.007 0.007333333333333333
0 0.65925 0.22733333333333333 0.0065 0.009333333333333334
1 0.9385 0.45866666666666667 0.053 0.042666666666666665
