0 0.43925 0.38066666666666665 0.0185 0.021333333333333333
0 0.47875 0.36 0.0145 0.016
3 0.49925 0.37466666666666665 0.0155 0.025333333333333333
3 0.496 0.35933333333333334 0.015 0.018666666666666668
3 0.49575 0.35033333333333333 0.0125 0.018
0 0.49025 0.344 0.0145 0.016
0 0.46725 0.331 0.0105 0.008666666666666666
0 0.45175 0.33466666666666667 0.0105 0.014666666666666666
0 0.43475 0.346 0.0185 0.014666666666666666
1 0.47525 0.3233333333333333 0.0095 0.016
0 0.45825 0.31866666666666665 0.0085 0.009333333333333334
0 0.486 0.319 0.009 0.01
