0 0.8685714285714285 0.6971428571428572 0.11 0.049523809523809526
0 0.8553571428571428 0.6728571428571428 0.08928571428571429 0.03142857142857143
0 0.8296428571428571 0.6561904761904762 0.075 0.03238095238095238
0 0.765 0.6342857142857142 0.06714285714285714 0.03619047619047619
0 0.5664285714285714 0.5933333333333334 0.02142857142857143 0.02666666666666667
0 0.34035714285714286 0.5842857142857143 0.03642857142857143 0.025714285714285714
2 0.4175 0.5514285714285714 0.047857142857142855 0.03238095238095238
0 0.4907142857142857 0.5442857142857143 0.015714285714285715 0.014285714285714285
0 0.5971428571428572 0.5352380952380953 0.01 0.009523809523809525
0 0.16035714285714286 0.6157142857142858 0.062142857142857146 0.039047619047619046
0 0.2835714285714286 0.5457142857142857 0.027142857142857142 0.011428571428571429
0 0.2985714285714286 0.5457142857142857 0.02142857142857143 0.013333333333333334
0 0.14357142857142857 0.7552380952380953 0.12 0.06857142857142857
0 0.6164285714285714 0.5352380952380953 0.01 0.011428571428571429
