2 0.2792857142857143 0.5818527918781726 0.1757142857142857 0.12563451776649745
3 0.6846428571428571 0.3597715736040609 0.056428571428571425 0.04949238578680203
0 0.6046428571428571 0.3737309644670051 0.056428571428571425 0.04187817258883249
0 0.5242857142857142 0.37817258883248733 0.054285714285714284 0.03807106598984772
3 0.62 0.29949238578680204 0.05142857142857143 0.04060913705583756
2 0.5096428571428572 0.3020304568527919 0.075 0.050761421319796954
0 0.30714285714285716 0.3553299492385787 0.05 0.03299492385786802
2 0.2175 0.2620558375634518 0.11071428571428571 0.07487309644670051
0 0.10357142857142858 0.18718274111675126 0.015714285714285715 0.021573604060913704
0 0.20107142857142857 0.19923857868020303 0.016428571428571428 0.030456852791878174
0 0.19464285714285715 0.18591370558375633 0.015 0.024111675126903553
0 0.18642857142857142 0.17893401015228427 0.012857142857142857 0.02030456852791878
0 0.17857142857142858 0.17195431472081218 0.015714285714285715 0.021573604060913704
0 0.1707142857142857 0.16307106598984772 0.014285714285714285 0.024111675126903553
0 0.16142857142857142 0.15545685279187818 0.015714285714285715 0.021573604060913704
0 0.1442857142857143 0.15101522842639595 0.02142857142857143 0.02284263959390863
