0 0.3421189979123173 0.7782931354359925 0.03392484342379958 0.07050092764378478
0 0.2586116910229645 0.7300556586270872 0.027661795407098122 0.06307977736549165
0 0.42562630480167013 0.7142857142857143 0.02661795407098121 0.05380333951762523
0 0.7586116910229646 0.9443413729128015 0.061064718162839246 0.08163265306122448
0 0.31941544885177453 0.5960111317254174 0.025052192066805846 0.04916512059369202
0 0.17745302713987474 0.3747680890538033 0.018789144050104383 0.03153988868274583
0 0.22025052192066805 0.35992578849721707 0.016701461377870562 0.025974025974025976
0 0.24791231732776617 0.3979591836734694 0.013569937369519834 0.027829313543599257
0 0.4538100208768267 0.4772727272727273 0.03392484342379958 0.03432282003710575
0 0.3564718162839248 0.9805194805194806 0.030271398747390398 0.03710575139146568
0 0.22468684759916493 0.29313543599257885 0.014091858037578288 0.02411873840445269
0 0.18293319415448853 0.21057513914656772 0.010960334029227558 0.014842300556586271
0 0.19963465553235907 0.19434137291280149 0.012004175365344467 0.017625231910946195
0 0.18058455114822547 0.150278293135436 0.009394572025052192 0.012987012987012988
0 0.1336116910229645 0.1284786641929499 0.009394572025052192 0.017625231910946195
0 0.17588726513569938 0.12291280148423006 0.008350730688935281 0.01020408163265306
3 0.16022964509394572 0.12059369202226346 0.009394572025052192 0.02040816326530612
0 0.12813152400835073 0.07884972170686456 0.007828810020876827 0.011131725417439703
0 0.16544885177453028 0.07653061224489796 0.007306889352818371 0.012059369202226345
0 0.15788100208768266 0.05287569573283859 0.007828810020876827 0.014842300556586271
0 0.12186847599164927 0.05473098330241188 0.007828810020876827 0.011131725417439703
0 0.13100208768267224 0.04359925788497217 0.007306889352818371 0.011131725417439703
0 0.1469206680584551 0.030612244897959183 0.005741127348643006 0.00927643784786642
0 0.15187891440501045 0.013914656771799629 0.005219206680584551 0.00927643784786642
0 0.1174321503131524 0.022263450834879406 0.005219206680584551 0.011131725417439703
0 0.2974947807933194 0.3014842300556586 0.013569937369519834 0.02411873840445269
0 0.3444676409185804 0.3144712430426716 0.026096033402922755 0.01855287569573284
0 0.3113256784968685 0.2569573283858998 0.024530271398747392 0.02040816326530612
0 0.30741127348643005 0.2453617810760668 0.028183716075156576 0.013914656771799629
0 0.30245302713987476 0.23840445269016697 0.02244258872651357 0.01855287569573284
0 0.2653966597077244 0.20500927643784786 0.010960334029227558 0.016697588126159554
0 0.29201461377870563 0.15769944341372913 0.019311064718162838 0.012987012987012988
0 0.2690501043841336 0.16280148423005567 0.02035490605427975 0.012059369202226345
0 0.3945720250521921 0.4327458256029685 0.032359081419624215 0.026901669758812616
3 0.3862212943632568 0.4025974025974026 0.025052192066805846 0.03153988868274583
3 0.36664926931106473 0.35714285714285715 0.03288100208768267 0.029684601113172542
3 0.35020876826722336 0.3320964749536178 0.025052192066805846 0.025974025974025976
3 0.30349686847599167 0.2166048237476809 0.019311064718162838 0.01948051948051948
0 0.29566805845511485 0.21428571428571427 0.01722338204592902 0.016697588126159554
0 0.278705636743215 0.18181818181818182 0.021920668058455117 0.012987012987012988
0 0.27792275574112735 0.1767161410018553 0.02035490605427975 0.012059369202226345
3 0.2319937369519833 0.1266233766233766 0.006784968684759917 0.017625231910946195
3 0.24425887265135698 0.11734693877551021 0.014613778705636743 0.013914656771799629
0 0.20694154488517746 0.0575139146567718 0.006784968684759917 0.011131725417439703
0 0.19598121085594988 0.03293135435992579 0.006784968684759917 0.01020408163265306
0 0.18397703549060543 0.0287569573283859 0.005741127348643006 0.00927643784786642
1 0.4992171189979123 0.5589053803339518 0.031837160751565764 0.038033395176252316
