0 0.542 0.8103333333333333 0.055 0.04066666666666666
0 0.53125 0.7543333333333333 0.0475 0.035333333333333335
0 0.65625 0.7523333333333333 0.0345 0.07133333333333333
0 0.5195 0.72 0.047 0.04133333333333333
0 0.51825 0.6846666666666666 0.0465 0.04133333333333333
0 0.4955 0.5683333333333334 0.043 0.038
0 0.4785 0.494 0.042 0.034666666666666665
0 0.461 0.427 0.044 0.028666666666666667
0 0.50725 0.26033333333333336 0.0365 0.03133333333333333
0 0.49575 0.217 0.0315 0.026
0 0.434 0.27666666666666667 0.039 0.029333333333333333
0 0.421 0.21966666666666668 0.037 0.026
0 0.47975 0.16433333333333333 0.0315 0.026
0 0.41175 0.17366666666666666 0.0315 0.026
0 0.41025 0.15566666666666668 0.0315 0.026
0 0.46825 0.13033333333333333 0.0315 0.026
0 0.46225 0.105 0.0315 0.026
0 0.40275 0.056 0.0215 0.02
0 0.4525 0.06433333333333334 0.029 0.019333333333333334
0 0.44625 0.049666666666666665 0.0295 0.019333333333333334
0 0.3835 0.037333333333333336 0.024 0.021333333333333333
0 0.4385 0.025333333333333333 0.027 0.02
0 0.43625 0.008 0.0255 0.016
0 0.3775 0.013333333333333334 0.026 0.018666666666666668
0 0.9205 0.5916666666666667 0.039 0.058
0 0.866 0.4806666666666667 0.035 0.048
0 0.73925 0.313 0.0285 0.038
0 0.72875 0.4003333333333333 0.0275 0.04733333333333333
1 0.639 0.19766666666666666 0.032 0.048666666666666664
1 0.7195 0.19533333333333333 0.072 0.11466666666666667
1 0.97025 0.312 0.0435 0.04933333333333333
1 0.6065 0.11433333333333333 0.031 0.056666666666666664
1 0.6005 0.02266666666666667 0.021 0.034666666666666665
