0 0.09321428571428571 0.2219047619047619 0.03214285714285714 0.022857142857142857
0 0.06464285714285714 0.22428571428571428 0.030714285714285715 0.025714285714285714
0 0.01107142857142857 0.19857142857142857 0.02214285714285714 0.023809523809523808
3 0.29178571428571426 0.17523809523809525 0.03642857142857143 0.024761904761904763
0 0.2864285714285714 0.13666666666666666 0.02142857142857143 0.02
0 0.26857142857142857 0.13523809523809524 0.015714285714285715 0.01904761904761905
0 0.35535714285714287 0.1376190476190476 0.012142857142857143 0.02
0 0.5264285714285715 0.2733333333333333 0.02857142857142857 0.03238095238095238
0 0.5121428571428571 0.24285714285714285 0.03 0.03619047619047619
0 0.6228571428571429 0.46476190476190476 0.05142857142857143 0.06476190476190476
1 0.395 0.16142857142857142 0.02 0.035238095238095235
3 0.48464285714285715 0.1761904761904762 0.02642857142857143 0.03238095238095238
0 0.4710714285714286 0.15904761904761905 0.016428571428571428 0.022857142857142857
0 0.4575 0.13238095238095238 0.015 0.01904761904761905
0 0.465 0.14333333333333334 0.014285714285714285 0.02
0 0.42714285714285716 0.1680952380952381 0.017142857142857144 0.021904761904761906
0 0.45035714285714284 0.11952380952380952 0.015 0.01619047619047619
0 0.4928571428571429 0.3761904761904762 0.02857142857142857 0.045714285714285714
0 0.4757142857142857 0.6604761904761904 0.011428571428571429 0.02761904761904762
0 0.49142857142857144 0.6623809523809524 0.01 0.023809523809523808
0 0.5596428571428571 0.3433333333333333 0.035 0.04285714285714286
0 0.5542857142857143 0.1419047619047619 0.02142857142857143 0.01904761904761905
0 0.445 0.08 0.02142857142857143 0.013333333333333334
