0 0.7882142857142858 0.9223809523809524 0.052142857142857144 0.06761904761904762
0 0.285 0.7476190476190476 0.054285714285714284 0.030476190476190476
0 0.32107142857142856 0.6828571428571428 0.03785714285714286 0.02095238095238095
0 0.31142857142857144 0.6804761904761905 0.03857142857142857 0.021904761904761906
0 0.3003571428571429 0.6771428571428572 0.03785714285714286 0.02095238095238095
0 0.29464285714285715 0.6704761904761904 0.03785714285714286 0.02095238095238095
0 0.27071428571428574 0.6542857142857142 0.03571428571428571 0.02095238095238095
3 0.28035714285714286 0.660952380952381 0.039285714285714285 0.022857142857142857
0 0.25142857142857145 0.6514285714285715 0.02857142857142857 0.01904761904761905
0 0.24607142857142858 0.6457142857142857 0.027857142857142858 0.017142857142857144
0 0.24142857142857144 0.6423809523809524 0.032857142857142856 0.018095238095238095
0 0.23285714285714285 0.6371428571428571 0.032857142857142856 0.017142857142857144
0 0.22714285714285715 0.6319047619047619 0.032857142857142856 0.018095238095238095
0 0.22035714285714286 0.6276190476190476 0.03357142857142857 0.017142857142857144
0 0.21535714285714286 0.6247619047619047 0.03357142857142857 0.017142857142857144
0 0.21107142857142858 0.6214285714285714 0.03357142857142857 0.018095238095238095
0 0.22357142857142856 0.7195238095238096 0.054285714285714284 0.025714285714285714
0 0.21071428571428572 0.7142857142857143 0.045714285714285714 0.02666666666666667
0 0.2075 0.7042857142857143 0.04928571428571429 0.025714285714285714
0 0.19464285714285715 0.6966666666666667 0.04928571428571429 0.025714285714285714
0 0.18928571428571428 0.6857142857142857 0.041428571428571426 0.022857142857142857
0 0.19142857142857142 0.6819047619047619 0.041428571428571426 0.022857142857142857
0 0.19 0.6761904761904762 0.041428571428571426 0.022857142857142857
0 0.10678571428571429 0.6638095238095238 0.03785714285714286 0.01904761904761905
0 0.10071428571428571 0.6595238095238095 0.03857142857142857 0.01619047619047619
0 0.10142857142857142 0.6528571428571428 0.03857142857142857 0.01619047619047619
0 0.09964285714285714 0.6490476190476191 0.039285714285714285 0.01619047619047619
0 0.12821428571428573 0.6385714285714286 0.039285714285714285 0.01619047619047619
0 0.12678571428571428 0.6338095238095238 0.039285714285714285 0.01619047619047619
0 0.12214285714285714 0.6328571428571429 0.03857142857142857 0.01619047619047619
0 0.12 0.6271428571428571 0.03857142857142857 0.01619047619047619
0 0.1175 0.6233333333333333 0.039285714285714285 0.01619047619047619
0 0.11357142857142857 0.6204761904761905 0.03857142857142857 0.01619047619047619
0 0.11 0.6166666666666667 0.03857142857142857 0.01619047619047619
0 0.10678571428571429 0.6147619047619047 0.039285714285714285 0.01619047619047619
0 0.10285714285714286 0.6109523809523809 0.03571428571428571 0.01619047619047619
0 0.17964285714285713 0.6085714285714285 0.027857142857142858 0.015238095238095238
0 0.1707142857142857 0.6009523809523809 0.02142857142857143 0.013333333333333334
0 0.06571428571428571 0.6223809523809524 0.03142857142857143 0.014285714285714285
0 0.065 0.6166666666666667 0.027142857142857142 0.014285714285714285
0 0.04107142857142857 0.5885714285714285 0.023571428571428573 0.009523809523809525
0 0.0675 0.5847619047619048 0.025 0.011428571428571429
0 0.03857142857142857 0.5852380952380952 0.022857142857142857 0.012380952380952381
0 0.03857142857142857 0.5804761904761905 0.022857142857142857 0.012380952380952381
0 0.03428571428571429 0.5766666666666667 0.022857142857142857 0.012380952380952381
0 0.03142857142857143 0.5747619047619048 0.022857142857142857 0.012380952380952381
0 0.029285714285714286 0.5728571428571428 0.022857142857142857 0.012380952380952381
0 0.027857142857142858 0.57 0.022857142857142857 0.012380952380952381
0 0.06607142857142857 0.5785714285714286 0.02214285714285714 0.010476190476190476
0 0.061785714285714284 0.5785714285714286 0.02214285714285714 0.010476190476190476
0 0.05964285714285714 0.5761904761904761 0.02214285714285714 0.011428571428571429
0 0.05785714285714286 0.5742857142857143 0.022857142857142857 0.011428571428571429
0 0.054285714285714284 0.570952380952381 0.018571428571428572 0.010476190476190476
0 0.05285714285714286 0.569047619047619 0.018571428571428572 0.010476190476190476
0 0.13071428571428573 0.5819047619047619 0.02142857142857143 0.009523809523809525
0 0.12642857142857142 0.5795238095238096 0.02142857142857143 0.010476190476190476
0 0.12357142857142857 0.5776190476190476 0.02142857142857143 0.010476190476190476
0 0.12142857142857143 0.5761904761904761 0.02142857142857143 0.009523809523809525
0 0.11928571428571429 0.5742857142857143 0.02142857142857143 0.009523809523809525
0 0.11285714285714285 0.57 0.02142857142857143 0.010476190476190476
0 0.115 0.5714285714285714 0.02142857142857143 0.009523809523809525
0 0.10642857142857143 0.5666666666666667 0.02142857142857143 0.009523809523809525
0 0.10857142857142857 0.5676190476190476 0.02142857142857143 0.009523809523809525
0 0.09821428571428571 0.5628571428571428 0.015 0.009523809523809525
0 0.09464285714285714 0.56 0.015 0.009523809523809525
0 0.09107142857142857 0.5580952380952381 0.015 0.009523809523809525
0 0.08821428571428572 0.5571428571428572 0.015 0.009523809523809525
0 0.08607142857142858 0.5552380952380952 0.015 0.009523809523809525
0 0.08392857142857142 0.5533333333333333 0.015 0.009523809523809525
0 0.08035714285714286 0.5523809523809524 0.015 0.009523809523809525
0 0.01607142857142857 0.6042857142857143 0.013571428571428571 0.010476190476190476
0 0.01607142857142857 0.6114285714285714 0.013571428571428571 0.011428571428571429
0 0.03357142857142857 0.6428571428571429 0.017142857142857144 0.017142857142857144
0 0.0032142857142857142 0.6547619047619048 0.0064285714285714285 0.02
0 0.05035714285714286 0.8495238095238096 0.04071428571428572 0.049523809523809526
