0 0.898 0.9686666666666667 0.082 0.06266666666666666
0 0.90475 0.8413333333333334 0.0515 0.06666666666666667
0 0.816 0.7876666666666666 0.068 0.058
0 0.6885 0.8173333333333334 0.063 0.06
0 0.73625 0.7396666666666667 0.0595 0.05533333333333333
0 0.661 0.6926666666666667 0.055 0.04666666666666667
0 0.625 0.7706666666666667 0.053 0.06266666666666666
0 0.56525 0.734 0.0545 0.05466666666666667
0 0.627 0.6026666666666667 0.031 0.034666666666666665
0 0.70325 0.564 0.0465 0.032
0 0.5005 0.602 0.041 0.032
0 0.465 0.665 0.044 0.04066666666666666
0 0.60325 0.533 0.0345 0.03
0 0.6145 0.5176666666666667 0.036 0.027333333333333334
0 0.6815 0.5316666666666666 0.025 0.026
0 0.70225 0.47333333333333333 0.0235 0.02666666666666667
0 0.69275 0.44733333333333336 0.0305 0.025333333333333333
0 0.712 0.43333333333333335 0.033 0.02266666666666667
0 0.72225 0.426 0.0325 0.02266666666666667
0 0.73 0.42 0.028 0.02
0 0.74225 0.416 0.0245 0.021333333333333333
0 0.75275 0.41233333333333333 0.0275 0.019333333333333334
0 0.4605 0.5763333333333334 0.038 0.03133333333333333
0 0.4155 0.5516666666666666 0.034 0.028666666666666667
0 0.361 0.5893333333333334 0.038 0.03333333333333333
0 0.327 0.564 0.036 0.029333333333333333
0 0.295 0.539 0.026 0.035333333333333335
0 0.31475 0.49333333333333335 0.0265 0.021333333333333333
0 0.292 0.479 0.025 0.020666666666666667
0 0.3815 0.5316666666666666 0.032 0.027333333333333334
0 0.29175 0.437 0.0295 0.019333333333333334
0 0.256 0.44166666666666665 0.015 0.020666666666666667
0 0.26675 0.52 0.0165 0.024
0 0.983 0.89 0.034 0.048
0 0.79725 0.38966666666666666 0.0265 0.019333333333333334
0 0.818 0.375 0.022 0.012666666666666666
1 0.7475 0.4543333333333333 0.033 0.03933333333333333
1 0.76125 0.47733333333333333 0.0175 0.02266666666666667
0 0.3175 0.246 0.017 0.012
0 0.3365 0.24566666666666667 0.013 0.007333333333333333
0 0.36925 0.26033333333333336 0.0105 0.01
0 0.35125 0.25266666666666665 0.0065 0.010666666666666666
0 0.354 0.26366666666666666 0.01 0.007333333333333333
0 0.30225 0.263 0.0105 0.008666666666666666
0 0.30825 0.37733333333333335 0.0185 0.014666666666666666
0 0.322 0.37233333333333335 0.014 0.014
0 0.35625 0.35933333333333334 0.0185 0.012
0 0.3685 0.355 0.014 0.012666666666666666
0 0.33025 0.34 0.0165 0.013333333333333334
0 0.57075 0.29233333333333333 0.0175 0.01
0 0.5765 0.29 0.016 0.009333333333333334
0 0.585 0.2876666666666667 0.017 0.008666666666666666
0 0.589 0.284 0.016 0.009333333333333334
0 0.58325 0.27566666666666667 0.0135 0.008666666666666666
0 0.57575 0.2743333333333333 0.0145 0.01
0 0.79025 0.26033333333333336 0.0135 0.012666666666666666
