0 0.5931628392484343 0.37569573283859 0.0767223382045929 0.08719851576994433
3 0.5639352818371608 0.23469387755102042 0.07045929018789145 0.09647495361781076
3 0.43997912317327764 0.19573283858998144 0.06784968684759916 0.08348794063079777
1 0.05793319415448852 0.09230055658627087 0.06680584551148225 0.06586270871985157
0 0.1484864300626305 0.12198515769944342 0.06837160751565761 0.07142857142857142
0 0.3048016701461378 0.1679035250463822 0.07828810020876827 0.08905380333951762
0 0.26461377870563674 0.03942486085343228 0.05636743215031315 0.041743970315398886
0 0.3585594989561587 0.05983302411873841 0.059498956158663886 0.05287569573283859
0 0.4462421711899791 0.0839517625231911 0.06680584551148225 0.05287569573283859
0 0.5169624217118998 0.10018552875695733 0.07150313152400835 0.055658627087198514
0 0.6983298538622129 0.11270871985157699 0.06263048016701461 0.075139146567718
