0 0.18678571428571428 0.7561904761904762 0.07071428571428572 0.047619047619047616
2 0.1442857142857143 0.06476190476190476 0.008571428571428572 0.013333333333333334
0 0.1792857142857143 0.09095238095238095 0.008571428571428572 0.010476190476190476
0 0.17035714285714285 0.10142857142857142 0.007857142857142858 0.010476190476190476
0 0.1382142857142857 0.0980952380952381 0.012142857142857143 0.007619047619047619
0 0.1367857142857143 0.10809523809523809 0.013571428571428571 0.006666666666666667
0 0.13857142857142857 0.11619047619047619 0.011428571428571429 0.005714285714285714
0 0.13892857142857143 0.12666666666666668 0.009285714285714286 0.007619047619047619
0 0.1382142857142857 0.14 0.0064285714285714285 0.009523809523809525
0 0.17214285714285715 0.1361904761904762 0.008571428571428572 0.009523809523809525
0 0.17214285714285715 0.20952380952380953 0.01 0.013333333333333334
0 0.17607142857142857 0.16952380952380952 0.007857142857142858 0.013333333333333334
0 0.13392857142857142 0.19952380952380952 0.009285714285714286 0.012380952380952381
0 0.054285714285714284 0.2057142857142857 0.004285714285714286 0.007619047619047619
0 0.06785714285714285 0.20666666666666667 0.005714285714285714 0.007619047619047619
0 0.11035714285714286 0.21857142857142858 0.017857142857142856 0.008571428571428572
0 0.11107142857142857 0.22904761904761906 0.02214285714285714 0.012380952380952381
0 0.10892857142857143 0.2338095238095238 0.02214285714285714 0.012380952380952381
0 0.11035714285714286 0.24619047619047618 0.02214285714285714 0.012380952380952381
0 0.10285714285714286 0.2695238095238095 0.025714285714285714 0.017142857142857144
0 0.10357142857142858 0.28 0.024285714285714285 0.015238095238095238
0 0.10178571428571428 0.29333333333333333 0.029285714285714286 0.015238095238095238
0 0.10071428571428571 0.3028571428571429 0.02857142857142857 0.013333333333333334
0 0.10178571428571428 0.31142857142857144 0.025 0.013333333333333334
0 0.12464285714285714 0.3261904761904762 0.012142857142857143 0.01619047619047619
0 0.11 0.2523809523809524 0.027142857142857142 0.015238095238095238
3 0.12035714285714286 0.34809523809523807 0.02642857142857143 0.023809523809523808
0 0.061785714285714284 0.4195238095238095 0.03785714285714286 0.021904761904761906
0 0.07785714285714286 0.4023809523809524 0.02142857142857143 0.014285714285714285
0 0.07535714285714286 0.38761904761904764 0.020714285714285713 0.015238095238095238
0 0.10964285714285714 0.38666666666666666 0.02214285714285714 0.015238095238095238
0 0.15357142857142858 0.7123809523809523 0.06714285714285714 0.04380952380952381
3 0.22 0.5157142857142857 0.02 0.040952380952380955
0 0.18857142857142858 0.23 0.014285714285714285 0.02
0 0.18928571428571428 0.15857142857142856 0.011428571428571429 0.012380952380952381
0 0.18535714285714286 0.13380952380952382 0.009285714285714286 0.012380952380952381
0 0.21142857142857144 0.049523809523809526 0.004285714285714286 0.005714285714285714
0 0.20607142857142857 0.03333333333333333 0.0035714285714285713 0.007619047619047619
0 0.2025 0.023809523809523808 0.0035714285714285713 0.005714285714285714
0 0.24142857142857144 0.13238095238095238 0.007142857142857143 0.009523809523809525
0 0.25642857142857145 0.11333333333333333 0.005714285714285714 0.007619047619047619
0 0.2546428571428571 0.16952380952380952 0.009285714285714286 0.011428571428571429
0 0.2739285714285714 0.22476190476190477 0.007857142857142858 0.009523809523809525
0 0.28035714285714286 0.2361904761904762 0.009285714285714286 0.011428571428571429
0 0.28714285714285714 0.25761904761904764 0.008571428571428572 0.014285714285714285
0 0.2932142857142857 0.2723809523809524 0.010714285714285714 0.015238095238095238
0 0.3003571428571429 0.29095238095238096 0.012142857142857143 0.01619047619047619
0 0.3067857142857143 0.31047619047619046 0.013571428571428571 0.01904761904761905
0 0.3217857142857143 0.34904761904761905 0.016428571428571428 0.02
0 0.32857142857142857 0.36952380952380953 0.017142857142857144 0.02095238095238095
0 0.33785714285714286 0.39 0.015714285714285715 0.02
0 0.37285714285714283 0.48428571428571426 0.02142857142857143 0.03333333333333333
0 0.3653571428571429 0.97 0.04214285714285714 0.06
0 0.3917857142857143 0.5861904761904762 0.04357142857142857 0.037142857142857144
0 0.4328571428571429 0.4604761904761905 0.022857142857142857 0.03142857142857143
0 0.48214285714285715 0.6314285714285715 0.05142857142857143 0.0419047619047619
0 0.6142857142857143 0.7366666666666667 0.03142857142857143 0.06761904761904762
0 0.5907142857142857 0.5952380952380952 0.04857142857142857 0.03619047619047619
3 0.6185714285714285 0.56 0.03857142857142857 0.03238095238095238
0 0.6032142857142857 0.42523809523809525 0.029285714285714286 0.025714285714285714
0 0.6275 0.43952380952380954 0.035 0.023809523809523808
0 0.6810714285714285 0.6966666666666667 0.023571428571428573 0.054285714285714284
0 0.7653571428571428 0.670952380952381 0.02214285714285714 0.04285714285714286
0 0.7542857142857143 0.549047619047619 0.05142857142857143 0.035238095238095235
0 0.8092857142857143 0.5290476190476191 0.04857142857142857 0.03142857142857143
0 0.8992857142857142 0.46095238095238095 0.05 0.02666666666666667
0 0.8739285714285714 0.5095238095238095 0.04357142857142857 0.03238095238095238
0 0.95 0.48142857142857143 0.04 0.02761904761904762
0 0.9614285714285714 0.44285714285714284 0.047142857142857146 0.030476190476190476
0 0.9585714285714285 0.37285714285714283 0.012857142857142857 0.01619047619047619
