0 0.49178571428571427 0.49952380952380954 0.019285714285714285 0.040952380952380955
0 0.4810714285714286 0.24 0.012142857142857143 0.02095238095238095
0 0.4617857142857143 0.21523809523809523 0.012142857142857143 0.01904761904761905
0 0.5310714285714285 0.18619047619047618 0.023571428571428573 0.018095238095238095
0 0.5192857142857142 0.13952380952380952 0.02 0.01619047619047619
0 0.46214285714285713 0.08904761904761904 0.007142857142857143 0.010476190476190476
0 0.46964285714285714 0.1376190476190476 0.007857142857142858 0.014285714285714285
0 0.455 0.12380952380952381 0.007142857142857143 0.007619047619047619
0 0.525 0.02857142857142857 0.007142857142857143 0.009523809523809525
0 0.5371428571428571 0.020476190476190478 0.011428571428571429 0.008571428571428572
0 0.4607142857142857 0.19 0.011428571428571429 0.018095238095238095
0 0.4714285714285714 0.1523809523809524 0.01 0.015238095238095238
0 0.475 0.08904761904761904 0.011428571428571429 0.012380952380952381
0 0.5146428571428572 0.03 0.007857142857142858 0.010476190476190476
0 0.5225 0.017142857142857144 0.0064285714285714285 0.009523809523809525
0 0.36642857142857144 0.012857142857142857 0.007142857142857143 0.010476190476190476
1 0.4639285714285714 0.23238095238095238 0.013571428571428571 0.02857142857142857
1 0.4575 0.15095238095238095 0.017857142857142856 0.054285714285714284
1 0.4514285714285714 0.10761904761904761 0.01 0.024761904761904763
1 0.45107142857142857 0.08476190476190476 0.010714285714285714 0.022857142857142857
1 0.44035714285714284 0.0380952380952381 0.02214285714285714 0.01904761904761905
3 0.49964285714285717 0.028095238095238097 0.007857142857142858 0.012380952380952381
3 0.5078571428571429 0.02857142857142857 0.007142857142857143 0.009523809523809525
3 0.5414285714285715 0.02857142857142857 0.005714285714285714 0.009523809523809525
0 0.5339285714285714 0.029047619047619048 0.0064285714285714285 0.008571428571428572
