0 0.2385 0.05633333333333333 0.016 0.007333333333333333
0 0.33425 0.06366666666666666 0.0145 0.008666666666666666
0 0.39075 0.03266666666666666 0.0045 0.006666666666666667
0 0.41675 0.043333333333333335 0.0055 0.006666666666666667
0 0.394 0.04733333333333333 0.006 0.008
0 0.39475 0.056 0.0065 0.008
1 0.41375 0.058333333333333334 0.0085 0.012666666666666666
0 0.5005 0.036 0.014 0.008
3 0.533 0.036333333333333336 0.011 0.01
0 0.6475 0.058333333333333334 0.011 0.008666666666666666
0 0.636 0.06866666666666667 0.012 0.012
0 0.60975 0.06333333333333334 0.0105 0.009333333333333334
0 0.4125 0.07433333333333333 0.008 0.01
0 0.3995 0.09633333333333334 0.008 0.011333333333333334
0 0.41525 0.09266666666666666 0.0075 0.010666666666666666
0 0.41675 0.103 0.0085 0.008666666666666666
1 0.41775 0.114 0.0115 0.018666666666666668
0 0.39925 0.116 0.0105 0.014666666666666666
0 0.4165 0.13166666666666665 0.01 0.012666666666666666
0 0.4 0.13766666666666666 0.011 0.015333333333333332
3 0.425 0.171 0.011 0.019333333333333334
3 0.40275 0.20633333333333334 0.0165 0.038
3 0.407 0.2876666666666667 0.017 0.038
3 0.41525 0.4146666666666667 0.0205 0.050666666666666665
0 0.41025 0.528 0.0285 0.06533333333333333
0 0.47775 0.5586666666666666 0.0345 0.06533333333333333
0 0.54125 0.669 0.0425 0.07266666666666667
0 0.03225 0.741 0.0645 0.05533333333333333
3 0.2145 0.014 0.009 0.006666666666666667
0 0.282 0.0036666666666666666 0.007 0.004666666666666667
