0 0.4525052192066806 0.5899814471243042 0.04488517745302714 0.06493506493506493
0 0.4809498956158664 0.5204081632653061 0.04018789144050104 0.059369202226345084
0 0.4230167014613779 0.5282931354359925 0.04018789144050104 0.05473098330241188
0 0.5780271398747391 0.3803339517625232 0.031837160751565764 0.04823747680890538
0 0.5237473903966597 0.3965677179962894 0.03392484342379958 0.05287569573283859
0 0.5044363256784968 0.41465677179962895 0.037056367432150315 0.04823747680890538
0 0.48512526096033404 0.43089053803339517 0.04123173277661795 0.04916512059369202
0 0.46868475991649267 0.4707792207792208 0.04384133611691023 0.03432282003710575
0 0.4110125260960334 0.49907235621521334 0.044363256784968684 0.05194805194805195
0 0.36769311064718163 0.45408163265306123 0.042275574112734866 0.05102040816326531
3 0.3530793319415449 0.42764378478664195 0.037056367432150315 0.055658627087198514
3 0.3389874739039666 0.4007421150278293 0.038100208768267224 0.05009276437847866
0 0.2797494780793319 0.5371057513914657 0.03653444676409186 0.05380333951762523
0 0.3115866388308977 0.5936920222634509 0.037578288100208766 0.06679035250463822
0 0.1617954070981211 0.9545454545454546 0.04801670146137787 0.08905380333951762
0 0.19859081419624217 0.924860853432282 0.04749478079331942 0.09833024118738404
0 0.2502609603340292 0.8311688311688312 0.06002087682672234 0.09276437847866419
0 0.3126304801670146 0.7671614100185529 0.05219206680584551 0.08905380333951762
0 0.19937369519832984 0.2481447124304267 0.025052192066805846 0.039888682745825604
3 0.1677974947807933 0.187847866419295 0.01722338204592902 0.041743970315398886
0 0.9125782881002088 0.036178107606679034 0.01826722338204593 0.029684601113172542
3 0.9877348643006263 0.011595547309833023 0.01722338204592902 0.023191094619666047
0 0.8319415448851775 0.07374768089053803 0.018789144050104383 0.0287569573283859
3 0.6568371607515657 0.09090909090909091 0.0255741127348643 0.03339517625231911
0 0.6589248434237995 0.05333951762523191 0.029749478079331943 0.0287569573283859
0 0.6291753653444676 0.07931354359925788 0.029749478079331943 0.032467532467532464
0 0.6049060542797495 0.07884972170686456 0.028183716075156576 0.027829313543599257
0 0.5370563674321504 0.10992578849721707 0.030271398747390398 0.039888682745825604
0 0.5044363256784968 0.09044526901669758 0.029749478079331943 0.030612244897959183
0 0.47494780793319413 0.06957328385899815 0.028183716075156576 0.03339517625231911
0 0.5135699373695198 0.012523191094619666 0.025052192066805846 0.02504638218923933
