0 0.33875 0.925 0.0295 0.066
0 0.69375 0.75 0.0445 0.02666666666666667
0 0.68275 0.7126666666666667 0.0395 0.024
0 0.55525 0.6196666666666667 0.0135 0.026
0 0.384 0.717 0.023 0.04066666666666666
0 0.3775 0.662 0.018 0.034666666666666665
0 0.41625 0.5736666666666667 0.0165 0.028666666666666667
0 0.335 0.632 0.019 0.03333333333333333
0 0.345 0.6046666666666667 0.02 0.025333333333333333
0 0.35375 0.5783333333333334 0.0175 0.027333333333333334
0 0.3635 0.5543333333333333 0.017 0.023333333333333334
0 0.3805 0.5063333333333333 0.016 0.024666666666666667
0 0.39275 0.4686666666666667 0.0145 0.02
0 0.38625 0.4886666666666667 0.0155 0.02266666666666667
0 0.40125 0.449 0.0135 0.018
0 0.41 0.425 0.011 0.018
0 0.4165 0.407 0.01 0.014
3 0.421 0.39366666666666666 0.01 0.018
0 0.4305 0.36933333333333335 0.01 0.014666666666666666
0 0.4995 0.3873333333333333 0.009 0.013333333333333334
0 0.48 0.3313333333333333 0.008 0.012
2 0.48225 0.27466666666666667 0.0115 0.021333333333333333
0 0.556 0.593 0.013 0.024666666666666667
0 0.5535 0.569 0.014 0.024666666666666667
0 0.554 0.549 0.013 0.022
0 0.55425 0.5253333333333333 0.0135 0.021333333333333333
0 0.55425 0.5046666666666667 0.0105 0.018666666666666668
0 0.555 0.4856666666666667 0.011 0.016666666666666666
0 0.5545 0.47 0.01 0.014666666666666666
0 0.52225 0.454 0.0105 0.017333333333333333
0 0.5535 0.438 0.009 0.014666666666666666
0 0.55425 0.426 0.0095 0.016
0 0.55425 0.4126666666666667 0.0075 0.012
0 0.5405 0.371 0.01 0.012666666666666666
0 0.552 0.38333333333333336 0.009 0.012
0 0.576 0.37133333333333335 0.008 0.013333333333333334
0 0.554 0.336 0.008 0.010666666666666666
0 0.5675 0.338 0.016 0.010666666666666666
0 0.55425 0.3273333333333333 0.0055 0.008
0 0.55475 0.319 0.0065 0.01
0 0.555 0.31133333333333335 0.006 0.009333333333333334
0 0.5545 0.30333333333333334 0.007 0.008
0 0.55475 0.2966666666666667 0.0065 0.008
0 0.5555 0.2916666666666667 0.007 0.008666666666666666
0 0.55475 0.2853333333333333 0.0065 0.008
0 0.55525 0.2793333333333333 0.0055 0.008
0 0.5555 0.275 0.006 0.007333333333333333
0 0.56775 0.328 0.0135 0.009333333333333334
0 0.57075 0.323 0.0155 0.01
0 0.5665 0.31466666666666665 0.012 0.009333333333333334
0 0.56775 0.306 0.0125 0.009333333333333334
0 0.5285 0.2996666666666667 0.007 0.011333333333333334
0 0.4625 0.27566666666666667 0.007 0.008666666666666666
0 0.46025 0.282 0.0065 0.009333333333333334
0 0.4585 0.2876666666666667 0.006 0.008666666666666666
2 0.45275 0.3 0.0145 0.02666666666666667
0 0.44875 0.31666666666666665 0.0085 0.012
0 0.3645 0.236 0.006 0.008
0 0.3485 0.247 0.01 0.007333333333333333
0 0.86325 0.31333333333333335 0.0195 0.012
0 0.24975 0.35633333333333334 0.0125 0.012666666666666666
