3 0.3317857142857143 0.8261904761904761 0.195 0.16095238095238096
3 0.9425 0.75 0.075 0.06
3 0.6053571428571428 0.6985714285714286 0.05785714285714286 0.037142857142857144
0 0.7053571428571429 0.6980952380952381 0.06357142857142857 0.0419047619047619
0 0.8460714285714286 0.6980952380952381 0.052142857142857144 0.0419047619047619
0 0.9603571428571429 0.6657142857142857 0.052142857142857144 0.049523809523809526
1 0.7596428571428572 0.7833333333333333 0.25357142857142856 0.08476190476190476
3 0.9864285714285714 0.22904761904761906 0.027142857142857142 0.025714285714285714
3 0.6764285714285714 0.35619047619047617 0.032857142857142856 0.02095238095238095
0 0.7696428571428572 0.29619047619047617 0.027857142857142858 0.024761904761904763
0 0.7846428571428572 0.2947619047619048 0.023571428571428573 0.02
0 0.8335714285714285 0.24523809523809523 0.027142857142857142 0.02
0 0.8642857142857143 0.2695238095238095 0.024285714285714285 0.02095238095238095
0 0.8489285714285715 0.3638095238095238 0.030714285714285715 0.03238095238095238
0 0.7935714285714286 0.3852380952380952 0.03142857142857143 0.035238095238095235
0 0.8075 0.38095238095238093 0.030714285714285715 0.03428571428571429
0 0.8360714285714286 0.3719047619047619 0.035 0.035238095238095235
0 0.8960714285714285 0.2604761904761905 0.029285714285714286 0.023809523809523808
0 0.8882142857142857 0.26571428571428574 0.025 0.02095238095238095
0 0.8517857142857143 0.2742857142857143 0.03214285714285714 0.02095238095238095
0 0.83 0.28095238095238095 0.03 0.022857142857142857
0 0.7789285714285714 0.3933333333333333 0.035 0.03619047619047619
3 0.6442857142857142 0.3142857142857143 0.027142857142857142 0.03238095238095238
3 0.6067857142857143 0.2842857142857143 0.030714285714285715 0.02
3 0.5482142857142858 0.22380952380952382 0.017857142857142856 0.030476190476190476
0 0.5553571428571429 0.2761904761904762 0.013571428571428571 0.022857142857142857
0 0.5985714285714285 0.3647619047619048 0.018571428571428572 0.02857142857142857
0 0.5764285714285714 0.25333333333333335 0.011428571428571429 0.02095238095238095
0 0.5735714285714286 0.4742857142857143 0.011428571428571429 0.01904761904761905
0 0.4007142857142857 0.3080952380952381 0.011428571428571429 0.012380952380952381
0 0.36642857142857144 0.3485714285714286 0.005714285714285714 0.013333333333333334
0 0.38035714285714284 0.3223809523809524 0.005 0.012380952380952381
0 0.38035714285714284 0.30952380952380953 0.010714285714285714 0.011428571428571429
0 0.4139285714285714 0.46 0.04214285714285714 0.022857142857142857
0 0.30642857142857144 0.43952380952380954 0.03428571428571429 0.040952380952380955
0 0.4514285714285714 0.2885714285714286 0.024285714285714285 0.022857142857142857
0 0.3582142857142857 0.37142857142857144 0.029285714285714286 0.03238095238095238
0 0.27785714285714286 0.40904761904761905 0.041428571428571426 0.02761904761904762
3 0.3914285714285714 0.36047619047619045 0.024285714285714285 0.03142857142857143
0 0.2367857142857143 0.3914285714285714 0.029285714285714286 0.022857142857142857
0 0.12321428571428572 0.4480952380952381 0.039285714285714285 0.03142857142857143
0 0.14214285714285715 0.49238095238095236 0.022857142857142857 0.04
0 0.11321428571428571 0.5019047619047619 0.02642857142857143 0.04
0 0.08607142857142858 0.5552380952380952 0.025 0.047619047619047616
0 0.024642857142857143 0.530952380952381 0.030714285714285715 0.04476190476190476
0 0.055 0.5657142857142857 0.03 0.05904761904761905
0 0.02214285714285714 0.579047619047619 0.03142857142857143 0.049523809523809526
0 0.08535714285714285 0.5114285714285715 0.02214285714285714 0.04380952380952381
0 0.05785714285714286 0.5195238095238095 0.025714285714285714 0.039047619047619046
0 0.12428571428571429 0.5428571428571428 0.041428571428571426 0.05142857142857143
