0 0.5511482254697286 0.14007421150278293 0.026096033402922755 0.04081632653061224
0 0.5738517745302714 0.19387755102040816 0.02870563674321503 0.04823747680890538
0 0.5936847599164927 0.24489795918367346 0.024530271398747392 0.04452690166975881
0 0.6231732776617954 0.3181818181818182 0.029227557411273485 0.05380333951762523
0 0.6477035490605428 0.3914656771799629 0.031315240083507306 0.059369202226345084
0 0.6761482254697286 0.45454545454545453 0.030793319415448852 0.0686456400742115
0 0.6993736951983298 0.5292207792207793 0.03549060542797495 0.06771799628942486
0 0.7306889352818372 0.9016697588126159 0.05323590814196242 0.07792207792207792
0 0.0482776617954071 0.449443413729128 0.02244258872651357 0.05473098330241188
1 0.29227557411273486 0.950834879406308 0.05636743215031315 0.05009276437847866
