0 0.46111691022964507 0.8033395176252319 0.029749478079331943 0.08719851576994433
0 0.5109603340292276 0.5153061224489796 0.016701461377870562 0.045454545454545456
0 0.5 0.3534322820037106 0.014613778705636743 0.03153988868274583
0 0.5274008350730689 0.3432282003710575 0.012004175365344467 0.027829313543599257
0 0.5566283924843424 0.3302411873840445 0.013048016701461378 0.03339517625231911
0 0.5618475991649269 0.2694805194805195 0.012004175365344467 0.023191094619666047
0 0.8854384133611691 0.9308905380333952 0.0652400835073069 0.05473098330241188
0 0.15709812108559498 0.4035250463821892 0.022964509394572025 0.02411873840445269
0 0.12813152400835073 0.3984230055658627 0.02661795407098121 0.021335807050092765
0 0.08402922755741127 0.39332096474953615 0.030271398747390398 0.025974025974025976
0 0.017745302713987474 0.3891465677179963 0.033402922755741124 0.026901669758812616
0 0.18606471816283926 0.32560296846011133 0.029749478079331943 0.02040816326530612
0 0.3178496868475992 0.3557513914656772 0.016701461377870562 0.030612244897959183
3 0.5247912317327766 0.13682745825602968 0.007828810020876827 0.01948051948051948
2 0.5845511482254697 0.3320964749536178 0.017745302713987474 0.07050092764378478
0 0.5634133611691023 0.18877551020408162 0.008872651356993737 0.015769944341372914
0 0.55741127348643 0.11178107606679036 0.007306889352818371 0.012059369202226345
0 0.5594989561586639 0.09276437847866419 0.006263048016701462 0.011131725417439703
0 0.5636743215031316 0.07467532467532467 0.006263048016701462 0.012059369202226345
2 0.5070459290187892 0.1038961038961039 0.010960334029227558 0.03153988868274583
0 0.5326200417536534 0.03710575139146568 0.005741127348643006 0.011131725417439703
0 0.5563674321503131 0.044990723562152134 0.005219206680584551 0.01020408163265306
0 0.5631524008350731 0.02504638218923933 0.005219206680584551 0.00927643784786642
0 0.6260438413361169 0.3562152133580705 0.02139874739039666 0.025974025974025976
0 0.6910229645093946 0.37894248608534326 0.028183716075156576 0.023191094619666047
0 0.6659707724425887 0.44063079777365494 0.016701461377870562 0.03339517625231911
0 0.6884133611691023 0.36131725417439703 0.030271398747390398 0.023191094619666047
0 0.6784968684759917 0.3362708719851577 0.029227557411273485 0.01948051948051948
3 0.6803235908141962 0.3079777365491651 0.027661795407098122 0.02040816326530612
3 0.6860647181628392 0.3163265306122449 0.02244258872651357 0.02411873840445269
3 0.6816283924843424 0.3469387755102041 0.024008350730688934 0.02040816326530612
3 0.7779227557411273 0.6906307977736549 0.042275574112734866 0.041743970315398886
0 0.7860125260960334 0.7564935064935064 0.05219206680584551 0.041743970315398886
3 0.7526096033402923 0.5867346938775511 0.04697286012526096 0.04359925788497217
3 0.7309498956158664 0.5264378478664193 0.03392484342379958 0.036178107606679034
0 0.7257306889352818 0.4939703153988868 0.037056367432150315 0.030612244897959183
0 0.6435281837160751 0.2847866419294991 0.011482254697286013 0.01855287569573284
0 0.6638830897703549 0.2569573283858998 0.021920668058455117 0.01855287569573284
0 0.662839248434238 0.24860853432282004 0.021920668058455117 0.014842300556586271
0 0.680062630480167 0.22820037105751392 0.021920668058455117 0.01855287569573284
0 0.6547494780793319 0.22680890538033396 0.02139874739039666 0.015769944341372914
3 0.6203027139874739 0.1702226345083488 0.008872651356993737 0.017625231910946195
3 0.6351774530271399 0.16048237476808905 0.016701461377870562 0.016697588126159554
0 0.6069937369519833 0.08024118738404452 0.006263048016701462 0.012059369202226345
0 0.5294885177453027 0.026901669758812616 0.005741127348643006 0.011131725417439703
3 0.6046450939457203 0.07096474953617811 0.005741127348643006 0.012059369202226345
0 0.6022964509394572 0.06586270871985157 0.006263048016701462 0.00927643784786642
0 0.5999478079331941 0.05102040816326531 0.005741127348643006 0.00927643784786642
0 0.5983820459290188 0.04638218923933209 0.007828810020876827 0.0074211502782931356
3 0.5978601252609603 0.04081632653061224 0.004697286012526096 0.00927643784786642
0 0.5587160751565762 0.016697588126159554 0.005741127348643006 0.0074211502782931356
0 0.5594989561586639 0.008348794063079777 0.0041753653444676405 0.0074211502782931356
