0 0.0175 0.8633333333333333 0.035 0.08285714285714285
0 0.054285714285714284 0.7633333333333333 0.05285714285714286 0.07714285714285714
0 0.10357142857142858 0.5747619047619048 0.047142857142857146 0.03142857142857143
1 0.12392857142857143 0.5433333333333333 0.060714285714285714 0.06
0 0.26571428571428574 0.2523809523809524 0.03 0.017142857142857144
0 0.2714285714285714 0.23523809523809525 0.02857142857142857 0.017142857142857144
3 0.19785714285714287 0.2257142857142857 0.03142857142857143 0.02095238095238095
0 0.3271428571428571 0.11333333333333333 0.017142857142857144 0.013333333333333334
0 0.32285714285714284 0.037142857142857144 0.017142857142857144 0.011428571428571429
0 0.36714285714285716 0.04380952380952381 0.017142857142857144 0.011428571428571429
0 0.3682142857142857 0.03761904761904762 0.019285714285714285 0.008571428571428572
1 0.30107142857142855 0.07714285714285714 0.027857142857142858 0.017142857142857144
1 0.30714285714285716 0.05904761904761905 0.02 0.011428571428571429
0 0.8364285714285714 0.9876190476190476 0.06428571428571428 0.024761904761904763
0 0.8971428571428571 0.8847619047619047 0.047142857142857146 0.08571428571428572
0 0.7757142857142857 0.5142857142857142 0.027142857142857142 0.05523809523809524
0 0.43107142857142855 0.4504761904761905 0.019285714285714285 0.0380952380952381
0 0.5678571428571428 0.25476190476190474 0.012857142857142857 0.023809523809523808
0 0.6482142857142857 0.2561904761904762 0.012142857142857143 0.022857142857142857
1 0.5882142857142857 0.2509523809523809 0.015 0.025714285714285714
0 0.5935714285714285 0.23809523809523808 0.024285714285714285 0.015238095238095238
0 0.5921428571428572 0.2280952380952381 0.024285714285714285 0.014285714285714285
0 0.5503571428571429 0.16238095238095238 0.02214285714285714 0.014285714285714285
0 0.5542857142857143 0.15333333333333332 0.022857142857142857 0.015238095238095238
0 0.6192857142857143 0.19238095238095237 0.027142857142857142 0.01904761904761905
0 0.5146428571428572 0.03666666666666667 0.009285714285714286 0.014285714285714285
0 0.5439285714285714 0.08619047619047619 0.019285714285714285 0.01619047619047619
0 0.5921428571428572 0.08428571428571428 0.015714285714285715 0.012380952380952381
0 0.9521428571428572 0.0980952380952381 0.02142857142857143 0.015238095238095238
3 0.9653571428571428 0.10904761904761905 0.025 0.014285714285714285
3 0.9739285714285715 0.11952380952380952 0.02642857142857143 0.01619047619047619
