0 0.5964285714285714 0.23794416243654823 0.011428571428571429 0.02918781725888325
0 0.5203571428571429 0.5450507614213198 0.017857142857142856 0.06218274111675127
0 0.4832142857142857 0.5989847715736041 0.020714285714285713 0.06598984771573604
0 0.4407142857142857 0.674492385786802 0.02142857142857143 0.07233502538071065
0 0.4382142857142857 0.7798223350253807 0.020714285714285713 0.0799492385786802
0 0.4775 0.7772842639593909 0.023571428571428573 0.08248730964467005
0 0.4810714285714286 0.6884517766497462 0.020714285714285713 0.07233502538071065
0 0.5228571428571429 0.7684010152284264 0.02 0.08756345177664974
0 0.7064285714285714 0.8781725888324873 0.03142857142857143 0.08883248730964467
1 0.5196428571428572 0.6529187817258884 0.02642857142857143 0.11802030456852793
0 0.39357142857142857 0.756979695431472 0.02142857142857143 0.0799492385786802
