1 0.41075 0.7523333333333333 0.0745 0.25533333333333336
0 0.6815 0.6976666666666667 0.076 0.11666666666666667
1 0.621 0.4726666666666667 0.053 0.06266666666666666
3 0.585 0.43966666666666665 0.035 0.05533333333333333
1 0.49225 0.5523333333333333 0.0495 0.10866666666666666
0 0.523 0.398 0.029 0.04133333333333333
1 0.54175 0.3426666666666667 0.0285 0.04133333333333333
0 0.5025 0.347 0.026 0.038
3 0.4355 0.35333333333333333 0.058 0.04
1 0.44225 0.299 0.0455 0.028666666666666667
0 0.41875 0.2773333333333333 0.0195 0.028
0 0.49675 0.25533333333333336 0.0175 0.02266666666666667
0 0.4755 0.23933333333333334 0.014 0.02
0 0.4945 0.232 0.015 0.017333333333333333
0 0.452 0.25066666666666665 0.015 0.021333333333333333
3 0.4195 0.203 0.011 0.020666666666666667
3 0.41675 0.18966666666666668 0.0095 0.019333333333333334
3 0.412 0.17033333333333334 0.018 0.014
3 0.42225 0.176 0.0085 0.014666666666666666
3 0.404 0.16566666666666666 0.017 0.012666666666666666
0 0.39175 0.16066666666666668 0.0195 0.010666666666666666
0 0.374 0.167 0.02 0.01
0 0.44425 0.15766666666666668 0.0135 0.014
