0 0.45035714285714284 0.7652380952380953 0.05071428571428571 0.12285714285714286
0 0.2782142857142857 0.6476190476190476 0.07357142857142857 0.13142857142857142
0 0.3192857142857143 0.5066666666666667 0.04857142857142857 0.09142857142857143
0 0.48214285714285715 0.48333333333333334 0.037142857142857144 0.1019047619047619
0 0.5667857142857143 0.16666666666666666 0.02214285714285714 0.049523809523809526
0 0.4407142857142857 0.12285714285714286 0.02142857142857143 0.04
0 0.6285714285714286 0.23857142857142857 0.024285714285714285 0.05047619047619047
0 0.5903571428571428 0.11047619047619048 0.020714285714285713 0.0380952380952381
0 0.5175 0.021904761904761906 0.019285714285714285 0.03619047619047619
0 0.5882142857142857 0.011904761904761904 0.013571428571428571 0.021904761904761906
0 0.4660714285714286 0.6147619047619047 0.04071428571428572 0.09428571428571429
