0 0.33321428571428574 0.9467005076142132 0.05785714285714286 0.10406091370558376
0 0.4203571428571429 0.8654822335025381 0.06642857142857143 0.17258883248730963
0 0.47464285714285714 0.756979695431472 0.065 0.1383248730964467
0 0.36 0.5139593908629442 0.04857142857142857 0.09898477157360407
0 0.42214285714285715 0.5234771573604061 0.04285714285714286 0.08248730964467005
3 0.5175 0.4727157360406091 0.045 0.11040609137055837
3 0.6078571428571429 0.5355329949238579 0.054285714285714284 0.12436548223350254
0 0.5428571428571428 0.35152284263959394 0.041428571428571426 0.06598984771573604
0 0.47214285714285714 0.2969543147208122 0.03 0.05583756345177665
0 0.3657142857142857 0.33058375634517767 0.03428571428571429 0.05456852791878172
0 0.4225 0.24238578680203046 0.029285714285714286 0.048223350253807105
0 0.45357142857142857 0.22779187817258884 0.025714285714285714 0.04949238578680203
0 0.4853571428571429 0.21129441624365483 0.030714285714285715 0.044416243654822336
0 0.43464285714285716 0.17258883248730963 0.023571428571428573 0.04314720812182741
0 0.40035714285714286 0.15609137055837563 0.02214285714285714 0.050761421319796954
0 0.4514285714285714 0.12880710659898478 0.027142857142857142 0.04949238578680203
0 0.29214285714285715 0.45114213197969544 0.032857142857142856 0.07487309644670051
