0 0.2596428571428571 0.36904761904761907 0.07214285714285715 0.14761904761904762
0 0.18714285714285714 0.6290476190476191 0.08714285714285715 0.1838095238095238
0 0.43892857142857145 0.6566666666666666 0.07214285714285715 0.18571428571428572
0 0.11678571428571428 0.8957142857142857 0.12071428571428572 0.20476190476190476
0 0.3817857142857143 0.9428571428571428 0.07357142857142857 0.10857142857142857
0 0.8653571428571428 0.17809523809523808 0.11214285714285714 0.08571428571428572
0 0.8421428571428572 0.3838095238095238 0.11285714285714285 0.14095238095238094
0 0.7889285714285714 0.4442857142857143 0.105 0.1438095238095238
0 0.6032142857142857 0.5961904761904762 0.06928571428571428 0.1676190476190476
0 0.9678571428571429 0.18666666666666668 0.06 0.06857142857142857
2 0.6071428571428571 0.840952380952381 0.09857142857142857 0.31238095238095237
2 0.06285714285714286 0.0880952380952381 0.12571428571428572 0.1380952380952381
