0 0.03357142857142857 0.7690476190476191 0.06714285714285714 0.12095238095238095
0 0.18535714285714286 0.5047619047619047 0.05071428571428571 0.0838095238095238
0 0.25857142857142856 0.4976190476190476 0.04428571428571428 0.07904761904761905
0 0.6371428571428571 0.36428571428571427 0.03 0.04666666666666667
0 0.6375 0.3380952380952381 0.025 0.04
0 0.6303571428571428 0.29285714285714287 0.015 0.03333333333333333
0 0.6289285714285714 0.2780952380952381 0.035 0.030476190476190476
0 0.8728571428571429 0.3647619047619048 0.054285714285714284 0.0419047619047619
0 0.975 0.4033333333333333 0.05 0.04476190476190476
3 0.9157142857142857 0.36095238095238097 0.06142857142857143 0.047619047619047616
3 0.9635714285714285 0.3638095238095238 0.04285714285714286 0.03238095238095238
3 0.9885714285714285 0.3619047619047619 0.022857142857142857 0.030476190476190476
3 0.4182142857142857 0.4642857142857143 0.04214285714285714 0.09238095238095238
3 0.42964285714285716 0.40095238095238095 0.085 0.04380952380952381
0 0.12785714285714286 0.37761904761904763 0.07857142857142857 0.04476190476190476
0 0.24392857142857144 0.2538095238095238 0.035 0.021904761904761906
0 0.2092857142857143 0.24285714285714285 0.045714285714285714 0.022857142857142857
3 0.18535714285714286 0.23285714285714285 0.04071428571428572 0.025714285714285714
0 0.8635714285714285 0.11619047619047619 0.005714285714285714 0.007619047619047619
0 0.8489285714285715 0.19857142857142857 0.012142857142857143 0.012380952380952381
0 0.7739285714285714 0.18047619047619048 0.015 0.014285714285714285
0 0.8028571428571428 0.1823809523809524 0.017142857142857144 0.014285714285714285
3 0.9064285714285715 0.16 0.018571428571428572 0.02857142857142857
3 0.7382142857142857 0.23047619047619047 0.020714285714285713 0.024761904761904763
3 0.7621428571428571 0.23476190476190475 0.018571428571428572 0.025714285714285714
0 0.7132142857142857 0.2280952380952381 0.020714285714285713 0.018095238095238095
0 0.7325 0.21285714285714286 0.019285714285714285 0.021904761904761906
0 0.75 0.22095238095238096 0.011428571428571429 0.01904761904761905
0 0.7596428571428572 0.20952380952380953 0.017857142857142856 0.01904761904761905
0 0.7714285714285715 0.22380952380952382 0.014285714285714285 0.02095238095238095
0 0.7535714285714286 0.1519047619047619 0.011428571428571429 0.012380952380952381
0 0.6935714285714286 0.1680952380952381 0.018571428571428572 0.014285714285714285
0 0.3317857142857143 0.1661904761904762 0.020714285714285713 0.01619047619047619
0 0.4182142857142857 0.2 0.020714285714285713 0.017142857142857144
0 0.43964285714285717 0.20238095238095238 0.017857142857142856 0.014285714285714285
0 0.455 0.20523809523809525 0.015714285714285715 0.014285714285714285
0 0.46964285714285714 0.20809523809523808 0.02214285714285714 0.01619047619047619
0 0.5275 0.19380952380952382 0.016428571428571428 0.014285714285714285
0 0.51 0.1895238095238095 0.02142857142857143 0.015238095238095238
0 0.5 0.18904761904761905 0.017142857142857144 0.014285714285714285
0 0.36964285714285716 0.18904761904761905 0.02214285714285714 0.014285714285714285
3 0.3625 0.17857142857142858 0.020714285714285713 0.012380952380952381
3 0.3432142857142857 0.18619047619047618 0.023571428571428573 0.014285714285714285
3 0.4475 0.17857142857142858 0.02642857142857143 0.01619047619047619
3 0.4707142857142857 0.18523809523809523 0.018571428571428572 0.021904761904761906
0 0.5821428571428572 0.19238095238095237 0.02857142857142857 0.01904761904761905
0 0.57 0.1838095238095238 0.018571428571428572 0.015238095238095238
0 0.5571428571428572 0.17238095238095238 0.022857142857142857 0.011428571428571429
0 0.7 0.1680952380952381 0.02 0.010476190476190476
0 0.715 0.16380952380952382 0.008571428571428572 0.009523809523809525
0 0.6910714285714286 0.13476190476190475 0.013571428571428571 0.010476190476190476
0 0.6821428571428572 0.13523809523809524 0.02 0.011428571428571429
0 0.6692857142857143 0.16333333333333333 0.012857142857142857 0.010476190476190476
0 0.6521428571428571 0.1676190476190476 0.02 0.013333333333333334
0 0.6275 0.15904761904761905 0.009285714285714286 0.011428571428571429
0 0.6535714285714286 0.14809523809523809 0.014285714285714285 0.008571428571428572
0 0.6392857142857142 0.16 0.011428571428571429 0.011428571428571429
0 0.6232142857142857 0.17142857142857143 0.015 0.017142857142857144
0 0.8921428571428571 0.11904761904761904 0.004285714285714286 0.007619047619047619
0 0.8982142857142857 0.10714285714285714 0.005 0.010476190476190476
0 0.8435714285714285 0.1361904761904762 0.005714285714285714 0.007619047619047619
0 0.8321428571428572 0.14285714285714285 0.005714285714285714 0.011428571428571429
0 0.8371428571428572 0.13 0.007142857142857143 0.006666666666666667
2 0.8478571428571429 0.1180952380952381 0.011428571428571429 0.017142857142857144
0 0.8867857142857143 0.11476190476190476 0.0064285714285714285 0.008571428571428572
0 0.8557142857142858 0.11428571428571428 0.005714285714285714 0.005714285714285714
0 0.905 0.11095238095238096 0.005714285714285714 0.006666666666666667
0 0.8339285714285715 0.1138095238095238 0.005 0.006666666666666667
