0 0.3028571428571429 0.2580952380952381 0.05714285714285714 0.07809523809523809
0 0.39964285714285713 0.3142857142857143 0.056428571428571425 0.06857142857142857
0 0.2725 0.9857142857142858 0.060714285714285714 0.02857142857142857
0 0.29714285714285715 0.9261904761904762 0.05857142857142857 0.07333333333333333
0 0.3192857142857143 0.8042857142857143 0.06571428571428571 0.07714285714285714
0 0.37357142857142855 0.8709523809523809 0.054285714285714284 0.07523809523809524
0 0.4610714285714286 0.9223809523809524 0.04642857142857143 0.09428571428571429
0 0.5132142857142857 0.8852380952380953 0.04214285714285714 0.09238095238095238
0 0.4932142857142857 0.8166666666666667 0.05357142857142857 0.09428571428571429
0 0.5292857142857142 0.9757142857142858 0.025714285714285714 0.04857142857142857
0 0.6760714285714285 0.9371428571428572 0.06357142857142857 0.08952380952380952
3 0.6503571428571429 0.1461904761904762 0.05357142857142857 0.07142857142857142
0 0.7607142857142857 0.015714285714285715 0.03857142857142857 0.03142857142857143
