0 0.39464285714285713 0.9433333333333334 0.056428571428571425 0.11333333333333333
3 0.5057142857142857 0.9547619047619048 0.06142857142857143 0.09047619047619047
0 0.6646428571428571 0.7042857142857143 0.09071428571428572 0.06761904761904762
0 0.6210714285714286 0.5938095238095238 0.12357142857142857 0.07904761904761905
0 0.27535714285714286 0.6771428571428572 0.05357142857142857 0.14666666666666667
3 0.2764285714285714 0.8647619047619047 0.05714285714285714 0.15428571428571428
3 0.45714285714285713 0.1019047619047619 0.041428571428571426 0.10666666666666667
0 0.2925 0.1676190476190476 0.04642857142857143 0.11047619047619048
0 0.2975 0.06333333333333334 0.04214285714285714 0.10571428571428572
0 0.6225 0.4928571428571429 0.11071428571428571 0.07523809523809524
0 0.5675 0.36428571428571427 0.09357142857142857 0.06190476190476191
