1 0.40425 0.2633333333333333 0.0095 0.016
1 0.4145 0.26166666666666666 0.011 0.019333333333333334
0 0.429 0.27466666666666667 0.008 0.010666666666666666
0 0.42375 0.2693333333333333 0.0085 0.010666666666666666
0 0.41475 0.2763333333333333 0.0195 0.011333333333333334
0 0.4165 0.291 0.012 0.015333333333333332
0 0.4195 0.30666666666666664 0.012 0.014666666666666666
0 0.4215 0.32066666666666666 0.013 0.018666666666666668
0 0.4 0.31866666666666665 0.013 0.016
1 0.488 0.4093333333333333 0.026 0.03866666666666667
3 0.43875 0.44966666666666666 0.0235 0.04066666666666666
1 0.45925 0.7226666666666667 0.0675 0.172
1 0.3725 0.9106666666666666 0.082 0.17866666666666667
2 0.43925 0.24633333333333332 0.0115 0.016666666666666666
0 0.432 0.237 0.006 0.007333333333333333
0 0.3845 0.285 0.022 0.011333333333333334
3 0.25825 0.2786666666666667 0.0245 0.017333333333333333
0 0.2335 0.292 0.019 0.012
0 0.035 0.5493333333333333 0.069 0.037333333333333336
0 0.107 0.468 0.057 0.029333333333333333
0 0.1385 0.44066666666666665 0.045 0.024
3 0.1545 0.429 0.047 0.024666666666666667
3 0.1605 0.41933333333333334 0.041 0.02266666666666667
0 0.167 0.412 0.045 0.02266666666666667
0 0.16475 0.3343333333333333 0.0265 0.016666666666666666
0 0.125 0.35 0.038 0.018666666666666668
3 0.1365 0.36233333333333334 0.026 0.027333333333333334
0 0.1185 0.3863333333333333 0.028 0.024666666666666667
0 0.039 0.7213333333333334 0.077 0.056
1 0.07425 0.8066666666666666 0.1475 0.13066666666666665
0 0.0065 0.5986666666666667 0.013 0.03866666666666667
