0 0.85 0.9471428571428572 0.07 0.10571428571428572
3 0.725 0.8528571428571429 0.05285714285714286 0.09619047619047619
0 0.5939285714285715 0.9480952380952381 0.062142857142857146 0.10380952380952381
0 0.5439285714285714 0.6866666666666666 0.05928571428571429 0.10666666666666667
0 0.5860714285714286 0.5923809523809523 0.056428571428571425 0.0838095238095238
0 0.7775 0.6914285714285714 0.047857142857142855 0.10285714285714286
0 0.7367857142857143 0.5471428571428572 0.052142857142857144 0.0980952380952381
0 0.7067857142857142 0.44666666666666666 0.04928571428571429 0.08761904761904762
0 0.6253571428571428 0.4185714285714286 0.04071428571428572 0.1
3 0.6878571428571428 0.34285714285714286 0.041428571428571426 0.09142857142857143
0 0.5517857142857143 0.31666666666666665 0.06785714285714285 0.08095238095238096
1 0.4421428571428571 0.37857142857142856 0.07571428571428572 0.09047619047619047
1 0.30178571428571427 0.2857142857142857 0.075 0.04380952380952381
0 0.41464285714285715 0.6490476190476191 0.060714285714285714 0.09238095238095238
1 0.04107142857142857 0.32 0.08214285714285714 0.11619047619047619
