0 0.1492857142857143 0.9271428571428572 0.07714285714285714 0.1457142857142857
0 0.38107142857142856 0.9619047619047619 0.05357142857142857 0.0761904761904762
0 0.25035714285714283 0.048095238095238094 0.04928571428571429 0.09619047619047619
0 0.37464285714285717 0.12333333333333334 0.04928571428571429 0.12476190476190477
0 0.23392857142857143 0.17333333333333334 0.055 0.12761904761904763
0 0.2175 0.32857142857142857 0.060714285714285714 0.15047619047619049
0 0.2025 0.5 0.06357142857142857 0.15047619047619049
0 0.023214285714285715 0.30428571428571427 0.04642857142857143 0.06571428571428571
0 0.5339285714285714 0.18523809523809523 0.04357142857142857 0.11523809523809524
0 0.6721428571428572 0.26857142857142857 0.047142857142857146 0.12380952380952381
0 0.6639285714285714 0.12285714285714286 0.045 0.10857142857142857
0 0.6575 0.028095238095238097 0.04214285714285714 0.05619047619047619
0 0.7171428571428572 0.06 0.045714285714285714 0.11619047619047619
3 0.7267857142857143 0.16238095238095238 0.04642857142857143 0.11904761904761904
0 0.7546428571428572 0.3823809523809524 0.05785714285714286 0.1438095238095238
0 0.6925 0.8228571428571428 0.05928571428571429 0.17523809523809525
0 0.6714285714285714 0.6157142857142858 0.055714285714285716 0.16857142857142857
0 0.7828571428571428 0.5771428571428572 0.06142857142857143 0.14476190476190476
0 0.17357142857142857 0.7147619047619047 0.06285714285714286 0.12666666666666668
0 0.8867857142857143 0.3919047619047619 0.07357142857142857 0.1380952380952381
