0 0.05425 0.734 0.0365 0.06133333333333333
0 0.092 0.7336666666666667 0.036 0.06466666666666666
0 0.17475 0.7346666666666667 0.0375 0.05733333333333333
0 0.25825 0.7136666666666667 0.0295 0.05
0 0.29825 0.7343333333333333 0.0395 0.06066666666666667
0 0.38375 0.727 0.0315 0.05533333333333333
0 0.32925 0.8353333333333334 0.0745 0.034666666666666665
0 0.4335 0.723 0.045 0.06466666666666666
0 0.51225 0.731 0.0255 0.046
0 0.584 0.7086666666666667 0.037 0.072
0 0.63025 0.7196666666666667 0.0465 0.07
0 0.67525 0.7176666666666667 0.0345 0.06066666666666667
0 0.71425 0.7163333333333334 0.0315 0.059333333333333335
0 0.72975 0.799 0.0835 0.058
0 0.97325 0.7516666666666667 0.0515 0.07
0 0.971 0.656 0.057 0.05466666666666667
1 0.86325 0.4483333333333333 0.0665 0.034
0 0.65475 0.205 0.0195 0.011333333333333334
0 0.63225 0.30033333333333334 0.0185 0.020666666666666667
0 0.75475 0.688 0.0545 0.056
0 0.746 0.621 0.056 0.046
0 0.79575 0.6136666666666667 0.0315 0.04466666666666667
1 0.81775 0.5566666666666666 0.0525 0.08933333333333333
2 0.92925 0.158 0.0275 0.016
0 0.93725 0.12066666666666667 0.0045 0.006666666666666667
0 0.94425 0.12 0.0105 0.006666666666666667
0 0.9535 0.119 0.009 0.007333333333333333
0 0.962 0.11966666666666667 0.009 0.008666666666666666
0 0.8845 0.12733333333333333 0.017 0.008
0 0.8615 0.11633333333333333 0.006 0.007333333333333333
0 0.8495 0.11633333333333333 0.01 0.007333333333333333
1 0.82775 0.11266666666666666 0.0155 0.009333333333333334
0 0.8105 0.15 0.015 0.009333333333333334
0 0.7135 0.5593333333333333 0.045 0.037333333333333336
0 0.702 0.537 0.049 0.035333333333333335
0 0.6995 0.5083333333333333 0.045 0.035333333333333335
0 0.68425 0.47733333333333333 0.0395 0.03333333333333333
0 0.67775 0.45666666666666667 0.0385 0.028
0 0.6675 0.43466666666666665 0.036 0.028
0 0.6565 0.41833333333333333 0.035 0.024666666666666667
0 0.646 0.404 0.036 0.024
0 0.6385 0.388 0.037 0.024
0 0.72575 0.471 0.0315 0.034
0 0.70075 0.43333333333333335 0.0285 0.030666666666666665
0 0.6865 0.406 0.026 0.024
0 0.677 0.375 0.029 0.03266666666666666
0 0.601 0.31733333333333336 0.036 0.017333333333333333
