0 0.06964285714285715 0.6123809523809524 0.03357142857142857 0.02095238095238095
0 0.13071428571428573 0.569047619047619 0.02 0.04285714285714286
0 0.10571428571428572 0.7157142857142857 0.03857142857142857 0.023809523809523808
0 0.2367857142857143 0.7223809523809523 0.03642857142857143 0.021904761904761906
0 0.24928571428571428 0.6214285714285714 0.03571428571428571 0.021904761904761906
0 0.2596428571428571 0.599047619047619 0.03357142857142857 0.022857142857142857
0 0.30392857142857144 0.5976190476190476 0.03214285714285714 0.021904761904761906
0 0.2985714285714286 0.5757142857142857 0.03428571428571429 0.02
0 0.3489285714285714 0.5971428571428572 0.03642857142857143 0.022857142857142857
0 0.39035714285714285 0.6014285714285714 0.03642857142857143 0.023809523809523808
0 0.445 0.6152380952380953 0.03428571428571429 0.022857142857142857
0 0.48392857142857143 0.5914285714285714 0.03357142857142857 0.02095238095238095
0 0.02642857142857143 0.6104761904761905 0.032857142857142856 0.02095238095238095
0 0.15964285714285714 0.7971428571428572 0.03642857142857143 0.022857142857142857
0 0.2907142857142857 0.7942857142857143 0.037142857142857144 0.02095238095238095
0 0.24571428571428572 0.7952380952380952 0.03857142857142857 0.022857142857142857
0 0.11107142857142857 0.7957142857142857 0.03785714285714286 0.021904761904761906
0 0.33107142857142857 0.7919047619047619 0.035 0.021904761904761906
0 0.37642857142857145 0.7885714285714286 0.03428571428571429 0.02095238095238095
0 0.4175 0.7871428571428571 0.03642857142857143 0.025714285714285714
3 0.46785714285714286 0.7057142857142857 0.04 0.024761904761904763
3 0.4303571428571429 0.5928571428571429 0.027857142857142858 0.018095238095238095
0 0.19642857142857142 0.25476190476190474 0.018571428571428572 0.054285714285714284
0 0.1632142857142857 0.12095238095238095 0.019285714285714285 0.049523809523809526
0 0.4235714285714286 0.25952380952380955 0.015714285714285715 0.04666666666666667
0 0.4232142857142857 0.2042857142857143 0.015 0.04476190476190476
0 0.4210714285714286 0.12380952380952381 0.013571428571428571 0.045714285714285714
0 0.48428571428571426 0.16238095238095238 0.032857142857142856 0.021904761904761906
3 0.4546428571428571 0.24952380952380954 0.013571428571428571 0.04380952380952381
0 0.82 0.9419047619047619 0.018571428571428572 0.05333333333333334
0 0.9453571428571429 0.87 0.02214285714285714 0.054285714285714284
0 0.9357142857142857 0.7952380952380952 0.041428571428571426 0.02666666666666667
0 0.9453571428571429 0.7704761904761904 0.03357142857142857 0.02095238095238095
0 0.7353571428571428 0.7004761904761905 0.03785714285714286 0.021904761904761906
0 0.6221428571428571 0.73 0.037142857142857144 0.021904761904761906
0 0.6089285714285714 0.550952380952381 0.03642857142857143 0.025714285714285714
0 0.5014285714285714 0.5642857142857143 0.037142857142857144 0.021904761904761906
0 0.5246428571428572 0.5876190476190476 0.03357142857142857 0.02095238095238095
0 0.5639285714285714 0.5871428571428572 0.035 0.021904761904761906
0 0.6007142857142858 0.5838095238095238 0.032857142857142856 0.022857142857142857
0 0.7789285714285714 0.41 0.035 0.021904761904761906
0 0.8660714285714286 0.40476190476190477 0.03785714285714286 0.022857142857142857
0 0.8617857142857143 0.2652380952380952 0.03785714285714286 0.021904761904761906
0 0.8610714285714286 0.17238095238095238 0.03785714285714286 0.024761904761904763
0 0.8471428571428572 0.10809523809523809 0.037142857142857144 0.025714285714285714
0 0.7714285714285715 0.15142857142857144 0.03428571428571429 0.024761904761904763
0 0.7703571428571429 0.1976190476190476 0.03642857142857143 0.023809523809523808
0 0.7746428571428572 0.26904761904761904 0.035 0.021904761904761906
0 0.7796428571428572 0.3138095238095238 0.03642857142857143 0.021904761904761906
0 0.7232142857142857 0.2985714285714286 0.016428571428571428 0.05047619047619047
0 0.7675 0.1757142857142857 0.03357142857142857 0.023809523809523808
0 0.8471428571428572 0.08333333333333333 0.03571428571428571 0.023809523809523808
0 0.8446428571428571 0.06 0.035 0.022857142857142857
0 0.9835714285714285 0.57 0.032857142857142856 0.023809523809523808
0 0.9889285714285714 0.5447619047619048 0.02214285714285714 0.01904761904761905
0 0.9310714285714285 0.4714285714285714 0.019285714285714285 0.047619047619047616
0 0.8728571428571429 0.4804761904761905 0.02 0.04285714285714286
0 0.7996428571428571 0.4757142857142857 0.015 0.035238095238095235
0 0.8339285714285715 0.4785714285714286 0.019285714285714285 0.04857142857142857
0 0.8539285714285715 0.4776190476190476 0.017857142857142856 0.04666666666666667
0 0.7821428571428571 0.48 0.018571428571428572 0.047619047619047616
3 0.7585714285714286 0.48714285714285716 0.015714285714285715 0.040952380952380955
0 0.9892857142857143 0.47523809523809524 0.018571428571428572 0.04
1 0.7742857142857142 0.9228571428571428 0.02 0.06095238095238095
0 0.6142857142857143 0.8352380952380952 0.03571428571428571 0.022857142857142857
