0 0.5517857142857143 0.30238095238095236 0.010714285714285714 0.014285714285714285
0 0.54 0.31666666666666665 0.01 0.014285714285714285
0 0.5567857142857143 0.36095238095238097 0.013571428571428571 0.02095238095238095
0 0.5614285714285714 0.4085714285714286 0.018571428571428572 0.02857142857142857
0 0.5771428571428572 0.47523809523809524 0.02 0.03428571428571429
1 0.5396428571428571 0.4423809523809524 0.020714285714285713 0.04666666666666667
0 0.5385714285714286 0.5228571428571429 0.022857142857142857 0.0380952380952381
0 0.5657142857142857 0.5833333333333334 0.03142857142857143 0.04476190476190476
0 0.49214285714285716 0.6042857142857143 0.05 0.04857142857142857
0 0.4432142857142857 0.5561904761904762 0.027857142857142858 0.049523809523809526
0 0.48857142857142855 0.51 0.02142857142857143 0.039047619047619046
0 0.46035714285714285 0.5023809523809524 0.02214285714285714 0.040952380952380955
0 0.4317857142857143 0.4928571428571429 0.02214285714285714 0.037142857142857144
0 0.4203571428571429 0.5338095238095238 0.02642857142857143 0.04285714285714286
0 0.40285714285714286 0.6733333333333333 0.07142857142857142 0.05333333333333334
0 0.8871428571428571 0.7261904761904762 0.07285714285714286 0.04285714285714286
0 0.9657142857142857 0.7833333333333333 0.06857142857142857 0.04857142857142857
0 0.9560714285714286 0.8371428571428572 0.08642857142857142 0.047619047619047616
0 0.3032142857142857 0.7080952380952381 0.07642857142857143 0.04857142857142857
0 0.35035714285714287 0.7438095238095238 0.07928571428571428 0.05333333333333334
0 0.08464285714285714 0.8138095238095238 0.09785714285714285 0.054285714285714284
