2 0.1225 0.02 0.019285714285714285 0.030476190476190476
0 0.15035714285714286 0.019523809523809523 0.012142857142857143 0.012380952380952381
0 0.18 0.06857142857142857 0.014285714285714285 0.017142857142857144
0 0.23142857142857143 0.11190476190476191 0.015714285714285715 0.018095238095238095
0 0.08642857142857142 0.062380952380952384 0.011428571428571429 0.01619047619047619
0 0.21607142857142858 0.12571428571428572 0.009285714285714286 0.011428571428571429
0 0.12678571428571428 0.1680952380952381 0.016428571428571428 0.025714285714285714
0 0.2885714285714286 0.26904761904761904 0.025714285714285714 0.03333333333333333
0 0.43357142857142855 0.5895238095238096 0.04 0.05904761904761905
0 0.36178571428571427 0.4561904761904762 0.035 0.049523809523809526
0 0.9096428571428572 0.8576190476190476 0.09071428571428572 0.04285714285714286
1 0.9521428571428572 0.6942857142857143 0.06571428571428571 0.06476190476190476
