0 0.5167857142857143 0.7614213197969543 0.04071428571428572 0.1218274111675127
0 0.6771428571428572 0.7068527918781726 0.045714285714285714 0.12690355329949238
0 0.8610714285714286 0.9352791878172588 0.06642857142857143 0.12436548223350254
1 0.7767857142857143 0.8934010152284264 0.08357142857142857 0.21065989847715735
0 0.5235714285714286 0.3001269035532995 0.02142857142857143 0.05456852791878172
0 0.56 0.20304568527918782 0.02 0.04314720812182741
0 0.6903571428571429 0.23286802030456852 0.02642857142857143 0.05203045685279188
1 0.49 0.16560913705583757 0.03142857142857143 0.10025380710659898
0 0.09464285714285714 0.5361675126903553 0.03785714285714286 0.031725888324873094
3 0.12464285714285714 0.47017766497461927 0.045 0.04187817258883249
0 0.1407142857142857 0.4517766497461929 0.04 0.030456852791878174
0 0.05857142857142857 0.49619289340101524 0.05142857142857143 0.04060913705583756
1 0.06535714285714286 0.44923857868020306 0.09214285714285714 0.07360406091370558
1 0.24035714285714285 0.33375634517766495 0.05928571428571429 0.11928934010152284
0 0.2910714285714286 0.20558375634517767 0.02214285714285714 0.03299492385786802
1 0.33107142857142857 0.08692893401015228 0.023571428571428573 0.044416243654822336
0 0.3467857142857143 0.05964467005076142 0.012142857142857143 0.02284263959390863
0 0.3510714285714286 0.04314720812182741 0.013571428571428571 0.02030456852791878
0 0.35678571428571426 0.031091370558375634 0.012142857142857143 0.01649746192893401
