0 0.0425 0.8769035532994924 0.052142857142857144 0.11928934010152284
0 0.016428571428571428 0.3635786802030457 0.02857142857142857 0.05710659898477157
0 0.15107142857142858 0.8546954314720813 0.04642857142857143 0.10532994923857868
0 0.1225 0.7449238578680203 0.03785714285714286 0.08375634517766498
0 0.09857142857142857 0.6624365482233503 0.03571428571428571 0.07360406091370558
0 0.07892857142857143 0.583756345177665 0.03642857142857143 0.07360406091370558
0 0.05607142857142857 0.501269035532995 0.03642857142857143 0.07106598984771574
3 0.0375 0.4486040609137056 0.030714285714285715 0.06472081218274112
0 0.023214285714285715 0.7449238578680203 0.04642857142857143 0.09898477157360407
0 0.013214285714285715 0.6541878172588832 0.02642857142857143 0.08756345177664974
0 0.07428571428571429 0.9815989847715736 0.04285714285714286 0.03426395939086294
0 0.18178571428571427 0.9498730964467005 0.05071428571428571 0.09771573604060914
0 0.0064285714285714285 0.309010152284264 0.012857142857142857 0.05203045685279188
