0 0.24964285714285714 0.06218274111675127 0.015 0.025380710659898477
0 0.2692857142857143 0.05520304568527919 0.012857142857142857 0.024111675126903553
3 0.27714285714285714 0.08121827411167512 0.015714285714285715 0.030456852791878174
3 0.3032142857142857 0.041243654822335024 0.015 0.024111675126903553
3 0.3157142857142857 0.06535532994923858 0.014285714285714285 0.0266497461928934
3 0.3782142857142857 0.09263959390862944 0.016428571428571428 0.03553299492385787
0 0.42214285714285715 0.22271573604060912 0.018571428571428572 0.03934010152284264
0 0.465 0.4010152284263959 0.022857142857142857 0.050761421319796954
3 0.5025 0.7093908629441624 0.025 0.07360406091370558
1 0.6175 0.9041878172588832 0.04642857142857143 0.1484771573604061
1 0.5785714285714286 0.7201776649746193 0.05285714285714286 0.14086294416243655
