0 0.7309498956158664 0.7537105751391465 0.03496868475991649 0.06586270871985157
0 0.7873173277661796 0.7949907235621522 0.054801670146137786 0.09276437847866419
0 0.81080375782881 0.8951762523191095 0.04540709812108559 0.09647495361781076
3 0.7635699373695198 0.713821892393321 0.03549060542797495 0.07142857142857142
0 0.5649791231732777 0.15955473098330242 0.006784968684759917 0.016697588126159554
3 0.5487995824634656 0.13636363636363635 0.007828810020876827 0.01855287569573284
0 0.5480167014613778 0.10667903525046382 0.007306889352818371 0.012987012987012988
0 0.5566283924843424 0.07467532467532467 0.007828810020876827 0.012059369202226345
0 0.543580375782881 0.011595547309833023 0.004697286012526096 0.01020408163265306
0 0.8097599164926931 0.3334879406307978 0.02870563674321503 0.02504638218923933
0 0.822286012526096 0.3645640074211503 0.029749478079331943 0.02040816326530612
