0 0.2042857142857143 0.5104761904761905 0.04428571428571428 0.0380952380952381
0 0.835 0.6776190476190476 0.027142857142857142 0.06190476190476191
0 0.9107142857142857 0.7723809523809524 0.027142857142857142 0.06857142857142857
0 0.9396428571428571 0.7538095238095238 0.030714285714285715 0.07714285714285714
0 0.9507142857142857 0.6252380952380953 0.025714285714285714 0.05619047619047619
0 0.9710714285714286 0.7314285714285714 0.029285714285714286 0.06666666666666667
0 0.9914285714285714 0.599047619047619 0.017142857142857144 0.05333333333333334
0 0.9903571428571428 0.7157142857142857 0.019285714285714285 0.06571428571428571
0 0.5732142857142857 0.9228571428571428 0.04214285714285714 0.08761904761904762
0 0.44535714285714284 0.5057142857142857 0.023571428571428573 0.047619047619047616
0 0.4114285714285714 0.4042857142857143 0.018571428571428572 0.037142857142857144
0 0.48178571428571426 0.3819047619047619 0.023571428571428573 0.03238095238095238
0 0.45357142857142857 0.31952380952380954 0.02 0.029523809523809525
0 0.4664285714285714 0.35095238095238096 0.022857142857142857 0.03142857142857143
0 0.3846428571428571 0.14952380952380953 0.013571428571428571 0.01904761904761905
0 0.39571428571428574 0.34285714285714286 0.018571428571428572 0.02857142857142857
0 0.4057142857142857 0.37047619047619046 0.02 0.03619047619047619
3 0.4775 0.6114285714285714 0.025 0.05333333333333334
3 0.4592857142857143 0.5542857142857143 0.022857142857142857 0.05523809523809524
3 0.38357142857142856 0.3076190476190476 0.018571428571428572 0.03428571428571429
3 0.37357142857142855 0.2733333333333333 0.02142857142857143 0.03428571428571429
3 0.335 0.15333333333333332 0.011428571428571429 0.01904761904761905
1 0.42714285714285716 0.45380952380952383 0.025714285714285714 0.04476190476190476
1 0.5364285714285715 0.3914285714285714 0.037142857142857144 0.03428571428571429
1 0.35 0.19476190476190477 0.02 0.040952380952380955
1 0.5989285714285715 0.9842857142857143 0.03785714285714286 0.03142857142857143
1 0.3560714285714286 0.2180952380952381 0.016428571428571428 0.022857142857142857
