0 0.24713876967095852 0.6588740458015268 0.08082975679542204 0.20515267175572519
0 0.35586552217453504 0.6851145038167938 0.08369098712446352 0.22519083969465647
0 0.4585121602288984 0.7624045801526718 0.06294706723891273 0.1965648854961832
1 0.07796852646638054 0.5715648854961832 0.15593705293276108 0.29389312977099236
0 0.5032188841201717 0.07395038167938932 0.13948497854077252 0.11927480916030535
0 0.8973533619456366 0.2366412213740458 0.14234620886981403 0.10877862595419847
0 0.748211731044349 0.3277671755725191 0.08011444921316166 0.1898854961832061
0 0.674892703862661 0.3005725190839695 0.0765379113018598 0.18893129770992367
0 0.5969241773962805 0.2657442748091603 0.09084406294706723 0.19751908396946566
3 0.42453505007153075 0.22519083969465647 0.10228898426323318 0.1851145038167939
3 0.5075107296137339 0.26049618320610685 0.09799713876967096 0.21183206106870228
3 0.8186695278969958 0.3812022900763359 0.07939914163090128 0.1803435114503817
3 0.8919885550786838 0.4198473282442748 0.08869814020028613 0.19083969465648856
3 0.957796852646638 0.4265267175572519 0.07582260371959942 0.19274809160305342
