0 0.49178571428571427 0.56 0.02214285714285714 0.06476190476190476
0 0.5592857142857143 0.3476190476190476 0.014285714285714285 0.030476190476190476
0 0.5214285714285715 0.3333333333333333 0.015714285714285715 0.0380952380952381
0 0.5114285714285715 0.2652380952380952 0.014285714285714285 0.035238095238095235
0 0.54 0.21761904761904763 0.011428571428571429 0.021904761904761906
2 0.5367857142857143 0.5019047619047619 0.03214285714285714 0.12
0 0.4835714285714286 0.43047619047619046 0.017142857142857144 0.04380952380952381
0 0.4825 0.38047619047619047 0.019285714285714285 0.05047619047619047
0 0.48142857142857143 0.3242857142857143 0.018571428571428572 0.039047619047619046
0 0.47964285714285715 0.2919047619047619 0.017857142857142856 0.029523809523809525
0 0.47964285714285715 0.25952380952380955 0.013571428571428571 0.035238095238095235
0 0.4789285714285714 0.16476190476190475 0.013571428571428571 0.02666666666666667
0 0.47964285714285715 0.13904761904761906 0.012142857142857143 0.02666666666666667
0 0.47928571428571426 0.11 0.011428571428571429 0.021904761904761906
0 0.47785714285714287 0.21047619047619048 0.012857142857142857 0.024761904761904763
0 0.4789285714285714 0.18714285714285714 0.013571428571428571 0.02
0 0.4764285714285714 0.024761904761904763 0.01 0.015238095238095238
0 0.47464285714285714 0.04047619047619048 0.010714285714285714 0.014285714285714285
0 0.4785714285714286 0.07761904761904762 0.011428571428571429 0.023809523809523808
0 0.5389285714285714 0.0680952380952381 0.020714285714285713 0.01619047619047619
0 0.5289285714285714 0.024285714285714285 0.007857142857142858 0.012380952380952381
0 0.5257142857142857 0.007619047619047619 0.008571428571428572 0.013333333333333334
0 0.5307142857142857 0.03571428571428571 0.007142857142857143 0.010476190476190476
0 0.47785714285714287 0.0033333333333333335 0.007142857142857143 0.006666666666666667
0 0.5017857142857143 0.055714285714285716 0.007857142857142858 0.01619047619047619
0 0.5228571428571429 0.0980952380952381 0.01 0.015238095238095238
0 0.5314285714285715 0.14714285714285713 0.011428571428571429 0.01619047619047619
0 0.5028571428571429 0.15761904761904763 0.011428571428571429 0.029523809523809525
0 0.4928571428571429 0.08238095238095237 0.005714285714285714 0.01619047619047619
3 0.6828571428571428 0.4057142857142857 0.02142857142857143 0.047619047619047616
0 0.75 0.35428571428571426 0.025714285714285714 0.045714285714285714
0 0.6039285714285715 0.20333333333333334 0.005 0.014285714285714285
0 0.6560714285714285 0.28 0.017857142857142856 0.030476190476190476
0 0.5896428571428571 0.06666666666666667 0.019285714285714285 0.01904761904761905
0 0.7835714285714286 0.6419047619047619 0.06571428571428571 0.05142857142857143
0 0.7625 0.5842857142857143 0.055 0.04285714285714286
0 0.8664285714285714 0.45 0.04 0.07714285714285714
0 0.8007142857142857 0.42 0.03142857142857143 0.049523809523809526
3 0.7867857142857143 0.3557142857142857 0.02642857142857143 0.04666666666666667
0 0.8357142857142857 0.3580952380952381 0.025714285714285714 0.0419047619047619
0 0.8089285714285714 0.3485714285714286 0.027857142857142858 0.05142857142857143
0 0.9835714285714285 0.4542857142857143 0.03142857142857143 0.05142857142857143
0 0.7935714285714286 0.5419047619047619 0.05714285714285714 0.0419047619047619
