0 0.13700417536534445 0.11549165120593692 0.07045929018789145 0.07328385899814471
0 0.08872651356993737 0.2277365491651206 0.06367432150313153 0.07884972170686456
0 0.04749478079331942 0.2699443413729128 0.06263048016701461 0.1038961038961039
0 0.026356993736951984 0.35482374768089053 0.05271398747390397 0.09554730983302412
0 0.4582463465553236 0.21428571428571427 0.038622129436325675 0.09647495361781076
3 0.47494780793319413 0.12384044526901669 0.032359081419624215 0.09369202226345083
0 0.5785490605427975 0.15955473098330242 0.044363256784968684 0.08905380333951762
0 0.5678496868475992 0.3209647495361781 0.029227557411273485 0.1038961038961039
1 0.514874739039666 0.5946196660482375 0.0975991649269311 0.07792207792207792
3 0.5070459290187892 0.7105751391465677 0.07776617954070981 0.09090909090909091
