0 0.6565762004175365 0.20083487940630798 0.038622129436325675 0.14007421150278293
3 0.656054279749478 0.4174397031539889 0.032359081419624215 0.11873840445269017
3 0.6510960334029228 0.5932282003710575 0.0360125260960334 0.11966604823747681
3 0.6552713987473904 0.7323747680890538 0.03496868475991649 0.14192949907235622
0 0.4201461377870564 0.8738404452690167 0.081419624217119 0.08534322820037106
0 0.33611691022964507 0.858534322820037 0.08037578288100208 0.06771799628942486
3 0.4222338204592902 0.7898886827458256 0.08037578288100208 0.05844155844155844
3 0.4198851774530271 0.7365491651205937 0.07150313152400835 0.061224489795918366
3 0.4222338204592902 0.6822820037105751 0.0709812108559499 0.0640074211502783
0 0.4224947807933194 0.5357142857142857 0.08507306889352818 0.06771799628942486
0 0.3695198329853862 0.44387755102040816 0.08455114822546973 0.0640074211502783
0 0.44337160751565763 0.09322820037105752 0.06837160751565761 0.08441558441558442
3 0.35803757828810023 0.09369202226345083 0.0720250521920668 0.07421150278293136
3 0.3512526096033403 0.03153988868274583 0.06889352818371608 0.059369202226345084
3 0.4235386221294363 0.02504638218923933 0.0767223382045929 0.05009276437847866
