0 0.5475 0.700952380952381 0.08928571428571429 0.18285714285714286
0 0.5071428571428571 0.4633333333333333 0.08142857142857143 0.13047619047619047
0 0.435 0.22714285714285715 0.04428571428571428 0.07142857142857142
0 0.35464285714285715 0.4066666666666667 0.056428571428571425 0.09904761904761905
0 0.3382142857142857 0.2980952380952381 0.047857142857142855 0.08
0 0.31357142857142856 0.2119047619047619 0.04428571428571428 0.07142857142857142
0 0.3053571428571429 0.14333333333333334 0.035 0.05619047619047619
0 0.30428571428571427 0.09428571428571429 0.037142857142857144 0.05333333333333334
0 0.3992857142857143 0.12428571428571429 0.03857142857142857 0.058095238095238096
0 0.3875 0.07714285714285714 0.03357142857142857 0.04
0 0.2557142857142857 0.01380952380952381 0.024285714285714285 0.02
0 0.5028571428571429 0.09142857142857143 0.07142857142857142 0.03619047619047619
0 0.5146428571428572 0.11571428571428571 0.07642857142857143 0.03333333333333333
0 0.5328571428571428 0.13285714285714287 0.08 0.04857142857142857
0 0.5592857142857143 0.17333333333333334 0.07428571428571429 0.04380952380952381
0 0.6032142857142857 0.23 0.055 0.07714285714285714
0 0.6603571428571429 0.3 0.10642857142857143 0.05904761904761905
0 0.6846428571428571 0.35285714285714287 0.11357142857142857 0.06761904761904762
0 0.7096428571428571 0.41 0.12214285714285714 0.06952380952380953
0 0.7382142857142857 0.4714285714285714 0.12785714285714286 0.0838095238095238
0 0.9189285714285714 0.6571428571428571 0.10785714285714286 0.1980952380952381
0 0.9632142857142857 0.940952380952381 0.065 0.1180952380952381
0 0.9803571428571428 0.4990476190476191 0.039285714285714285 0.0761904761904762
0 0.6821428571428572 0.22952380952380952 0.06428571428571428 0.0838095238095238
0 0.9539285714285715 0.3461904761904762 0.09214285714285714 0.08095238095238096
0 0.9364285714285714 0.2719047619047619 0.09428571428571429 0.06761904761904762
0 0.8042857142857143 0.20761904761904762 0.05142857142857143 0.07238095238095238
0 0.7517857142857143 0.13476190476190475 0.07214285714285715 0.04476190476190476
0 0.7239285714285715 0.11333333333333333 0.07928571428571428 0.04
0 0.6935714285714286 0.054285714285714284 0.06285714285714286 0.03619047619047619
0 0.6467857142857143 0.028095238095238097 0.055 0.03142857142857143
0 0.7010714285714286 0.07428571428571429 0.065 0.0419047619047619
3 0.8392857142857143 0.9280952380952381 0.18571428571428572 0.1438095238095238
1 0.3985714285714286 0.6257142857142857 0.10142857142857142 0.22285714285714286
3 0.7532142857142857 0.5342857142857143 0.125 0.11047619047619048
1 0.7375 0.19666666666666666 0.09928571428571428 0.11333333333333333
0 0.048214285714285716 0.03190476190476191 0.035 0.04285714285714286
0 0.2932142857142857 0.011904761904761904 0.027857142857142858 0.021904761904761906
3 0.31 0.056666666666666664 0.05285714285714286 0.037142857142857144
3 0.6632142857142858 0.0419047619047619 0.06785714285714285 0.047619047619047616
