0 0.5171428571428571 0.8610406091370558 0.06 0.044416243654822336
0 0.6567857142857143 0.7690355329949239 0.02214285714285714 0.09898477157360407
0 0.7078571428571429 0.6618020304568528 0.047142857142857146 0.09517766497461928
0 0.7117857142857142 0.4098984771573604 0.025 0.09390862944162437
0 0.6103571428571428 0.7227157360406091 0.052142857142857144 0.03934010152284264
0 0.6039285714285715 0.6510152284263959 0.06642857142857143 0.048223350253807105
0 0.6114285714285714 0.5964467005076142 0.05 0.03807106598984772
0 0.6085714285714285 0.5298223350253807 0.055714285714285716 0.03934010152284264
0 0.6107142857142858 0.4739847715736041 0.055714285714285716 0.03934010152284264
0 0.6107142857142858 0.41116751269035534 0.054285714285714284 0.03807106598984772
0 0.615 0.3597715736040609 0.05142857142857143 0.04187817258883249
0 0.6075 0.309010152284264 0.05071428571428571 0.04187817258883249
0 0.5253571428571429 0.21954314720812182 0.055 0.0532994923857868
0 0.6075 0.08629441624365482 0.05785714285714286 0.048223350253807105
0 0.6039285714285715 0.03362944162436548 0.05785714285714286 0.04187817258883249
3 0.7171428571428572 0.15228426395939088 0.022857142857142857 0.09390862944162437
3 0.6146428571428572 0.26015228426395937 0.052142857142857144 0.03807106598984772
3 0.25035714285714283 0.08185279187817258 0.027857142857142858 0.10025380710659898
1 0.6067857142857143 0.20431472081218274 0.07071428571428572 0.0583756345177665
0 0.5228571428571429 0.3895939086294416 0.06142857142857143 0.050761421319796954
0 0.5278571428571428 0.4593908629441624 0.055714285714285716 0.04568527918781726
0 0.5267857142857143 0.5298223350253807 0.05785714285714286 0.03934010152284264
0 0.5257142857142857 0.6598984771573604 0.055714285714285716 0.04568527918781726
3 0.5239285714285714 0.7170050761421319 0.04642857142857143 0.03807106598984772
2 0.4082142857142857 0.6192893401015228 0.039285714285714285 0.2512690355329949
0 0.23607142857142857 0.8426395939086294 0.023571428571428573 0.09898477157360407
0 0.2392857142857143 0.7265228426395939 0.024285714285714285 0.09517766497461928
0 0.2425 0.6053299492385786 0.02642857142857143 0.09898477157360407
0 0.2475 0.46890862944162437 0.025 0.09263959390862944
0 0.245 0.3362944162436548 0.02 0.09644670050761421
1 0.24357142857142858 0.21129441624365483 0.03428571428571429 0.12055837563451777
0 0.23392857142857143 0.9644670050761421 0.027857142857142858 0.06852791878172589
