0 0.35464285714285715 0.7847619047619048 0.05785714285714286 0.15428571428571428
3 0.2889285714285714 0.9152380952380952 0.05928571428571429 0.14476190476190476
3 0.32285714285714284 0.6176190476190476 0.054285714285714284 0.14761904761904762
0 0.39714285714285713 0.32047619047619047 0.03857142857142857 0.09238095238095238
0 0.4110714285714286 0.16857142857142857 0.030714285714285715 0.06857142857142857
0 0.4025 0.11285714285714285 0.02642857142857143 0.06190476190476191
0 0.4142857142857143 0.05904761904761905 0.02857142857142857 0.06476190476190476
0 0.6064285714285714 0.4876190476190476 0.041428571428571426 0.09904761904761905
0 0.5753571428571429 0.2219047619047619 0.029285714285714286 0.06476190476190476
3 0.5714285714285714 0.15285714285714286 0.027142857142857142 0.058095238095238096
3 0.6982142857142857 0.20714285714285716 0.07928571428571428 0.04857142857142857
0 0.6967857142857142 0.2438095238095238 0.07357142857142857 0.05523809523809524
0 0.6732142857142858 0.44333333333333336 0.04642857142857143 0.10952380952380952
3 0.8135714285714286 0.9133333333333333 0.1 0.1676190476190476
3 0.8471428571428572 0.7847619047619048 0.11142857142857143 0.08190476190476191
0 0.8178571428571428 0.7142857142857143 0.11857142857142858 0.07238095238095238
0 0.6335714285714286 0.7757142857142857 0.055714285714285716 0.14952380952380953
2 0.7525 0.37714285714285717 0.04071428571428572 0.049523809523809526
