0 0.79875 0.5386666666666666 0.0655 0.124
3 0.752 0.23466666666666666 0.037 0.06933333333333333
3 0.59625 0.09333333333333334 0.0545 0.042666666666666665
3 0.4815 0.9226666666666666 0.066 0.15466666666666667
1 0.5345 0.5133333333333333 0.072 0.21466666666666667
1 0.793 0.2846666666666667 0.08 0.06933333333333333
1 0.6295 0.3416666666666667 0.049 0.118
1 0.6365 0.25033333333333335 0.035 0.082
1 0.7235 0.09866666666666667 0.03 0.058666666666666666
1 0.61725 0.024333333333333332 0.0505 0.04066666666666666
