0 0.46035714285714285 0.14047619047619048 0.07642857142857143 0.04857142857142857
0 0.45964285714285713 0.1895238095238095 0.07928571428571428 0.05142857142857143
0 0.4610714285714286 0.24142857142857144 0.075 0.04666666666666667
0 0.4607142857142857 0.2842857142857143 0.07857142857142857 0.04476190476190476
0 0.45 0.3476190476190476 0.07285714285714286 0.045714285714285714
0 0.45285714285714285 0.3985714285714286 0.07571428571428572 0.04476190476190476
0 0.45785714285714285 0.508095238095238 0.07428571428571429 0.040952380952380955
0 0.4610714285714286 0.5614285714285714 0.075 0.040952380952380955
0 0.4642857142857143 0.6085714285714285 0.07714285714285714 0.045714285714285714
0 0.4564285714285714 0.66 0.07142857142857142 0.045714285714285714
0 0.4517857142857143 0.7980952380952381 0.07357142857142857 0.049523809523809526
0 0.44892857142857145 0.8557142857142858 0.07357142857142857 0.04666666666666667
0 0.45107142857142857 0.9076190476190477 0.07928571428571428 0.05714285714285714
0 0.4592857142857143 0.959047619047619 0.07285714285714286 0.04380952380952381
0 0.6953571428571429 0.9571428571428572 0.07642857142857143 0.05333333333333334
0 0.7046428571428571 0.8671428571428571 0.075 0.04476190476190476
0 0.7107142857142857 0.7676190476190476 0.07857142857142857 0.05142857142857143
0 0.7064285714285714 0.7161904761904762 0.07285714285714286 0.0419047619047619
0 0.6796428571428571 0.5923809523809523 0.07071428571428572 0.04380952380952381
0 0.7035714285714286 0.5371428571428571 0.07428571428571429 0.04380952380952381
0 0.6442857142857142 0.4080952380952381 0.07142857142857142 0.04666666666666667
0 0.6382142857142857 0.3557142857142857 0.07357142857142857 0.05047619047619047
0 0.6278571428571429 0.3038095238095238 0.07428571428571429 0.05714285714285714
3 0.6214285714285714 0.24333333333333335 0.07571428571428572 0.07523809523809524
3 0.6107142857142858 0.18428571428571427 0.06857142857142857 0.07523809523809524
