0 0.69225 0.9213333333333333 0.0775 0.15733333333333333
0 0.67625 0.778 0.0525 0.096
0 0.66625 0.663 0.0505 0.11666666666666667
0 0.65175 0.5863333333333334 0.0405 0.06066666666666667
0 0.64775 0.53 0.0265 0.04533333333333334
0 0.48375 0.744 0.0545 0.10933333333333334
0 0.537 0.5636666666666666 0.033 0.06333333333333334
0 0.54375 0.5096666666666667 0.0295 0.048666666666666664
0 0.55175 0.469 0.0285 0.043333333333333335
0 0.59 0.4513333333333333 0.02 0.03866666666666667
0 0.642 0.48433333333333334 0.026 0.035333333333333335
0 0.6365 0.4493333333333333 0.021 0.034666666666666665
0 0.6345 0.42133333333333334 0.019 0.028
0 0.63375 0.4013333333333333 0.0175 0.021333333333333333
0 0.6285 0.37 0.015 0.021333333333333333
0 0.62475 0.3423333333333333 0.0115 0.016666666666666666
0 0.55675 0.43166666666666664 0.0195 0.04066666666666666
0 0.5595 0.409 0.019 0.023333333333333334
0 0.56725 0.3893333333333333 0.0185 0.029333333333333333
0 0.56925 0.36233333333333334 0.0115 0.023333333333333334
0 0.428 0.43333333333333335 0.057 0.028
0 0.21 0.5423333333333333 0.046 0.056666666666666664
0 0.48275 0.35333333333333333 0.0375 0.02
1 0.79275 0.25933333333333336 0.0195 0.012
