0 0.9725 0.9366666666666666 0.052142857142857144 0.12666666666666668
0 0.5160714285714286 0.7209523809523809 0.165 0.09523809523809523
0 0.08178571428571428 0.650952380952381 0.155 0.09238095238095238
0 0.05785714285714286 0.2276190476190476 0.03571428571428571 0.05523809523809524
0 0.10464285714285715 0.22047619047619046 0.039285714285714285 0.04285714285714286
0 0.0775 0.26095238095238094 0.06785714285714285 0.03428571428571429
0 0.2807142857142857 0.2338095238095238 0.07 0.037142857142857144
0 0.2692857142857143 0.1719047619047619 0.03571428571428571 0.03333333333333333
0 0.30392857142857144 0.1676190476190476 0.027857142857142858 0.030476190476190476
0 0.3610714285714286 0.14857142857142858 0.02214285714285714 0.03238095238095238
0 0.42428571428571427 0.025714285714285714 0.032857142857142856 0.030476190476190476
0 0.32285714285714284 0.2038095238095238 0.05714285714285714 0.024761904761904763
0 0.37785714285714284 0.13285714285714287 0.027142857142857142 0.02
0 0.3892857142857143 0.12428571428571429 0.047142857142857146 0.021904761904761906
0 0.3889285714285714 0.11428571428571428 0.047857142857142855 0.017142857142857144
0 0.3982142857142857 0.1019047619047619 0.030714285714285715 0.01904761904761905
0 0.47 0.13952380952380952 0.024285714285714285 0.040952380952380955
0 0.4667857142857143 0.11047619047619048 0.017857142857142856 0.01904761904761905
0 0.4607142857142857 0.09476190476190476 0.018571428571428572 0.025714285714285714
0 0.455 0.07238095238095238 0.017142857142857144 0.017142857142857144
0 0.45 0.05476190476190476 0.014285714285714285 0.025714285714285714
0 0.535 0.10047619047619048 0.02 0.023809523809523808
0 0.5225 0.08714285714285715 0.015 0.023809523809523808
0 0.7478571428571429 0.12095238095238095 0.025714285714285714 0.03238095238095238
0 0.7342857142857143 0.1595238095238095 0.02857142857142857 0.03333333333333333
0 0.6228571428571429 0.18666666666666668 0.06428571428571428 0.03619047619047619
0 0.6753571428571429 0.20476190476190476 0.047857142857142855 0.03238095238095238
0 0.6196428571428572 0.25142857142857145 0.085 0.03238095238095238
0 0.5114285714285715 0.2995238095238095 0.09 0.040952380952380955
0 0.645 0.30333333333333334 0.09428571428571429 0.04666666666666667
0 0.7975 0.3280952380952381 0.11928571428571429 0.04476190476190476
0 0.9332142857142857 0.20761904761904762 0.08928571428571429 0.0380952380952381
0 0.9914285714285714 0.05952380952380952 0.015714285714285715 0.02761904761904762
0 0.9860714285714286 0.14142857142857143 0.02642857142857143 0.04285714285714286
3 0.6903571428571429 0.7242857142857143 0.13357142857142856 0.12095238095238095
3 0.5046428571428572 0.9285714285714286 0.11785714285714285 0.14285714285714285
3 0.02 0.23238095238095238 0.03857142857142857 0.05714285714285714
3 0.16214285714285714 0.24952380952380954 0.06714285714285714 0.04380952380952381
3 0.33071428571428574 0.15142857142857144 0.04857142857142857 0.03428571428571429
3 0.6975 0.10285714285714286 0.03357142857142857 0.04
2 0.6442857142857142 0.09047619047619047 0.06428571428571428 0.07238095238095238
0 0.3414285714285714 0.2633333333333333 0.06857142857142857 0.04285714285714286
