0 0.05964285714285714 0.9028571428571428 0.11928571428571429 0.10857142857142857
0 0.3392857142857143 0.7028571428571428 0.07857142857142857 0.045714285714285714
0 0.41964285714285715 0.590952380952381 0.04071428571428572 0.02
3 0.26321428571428573 0.5976190476190476 0.02642857142857143 0.02761904761904762
0 0.3339285714285714 0.4961904761904762 0.012142857142857143 0.005714285714285714
0 0.29642857142857143 0.490952380952381 0.007142857142857143 0.006666666666666667
1 0.7657142857142857 0.6104761904761905 0.032857142857142856 0.0380952380952381
0 0.775 0.6680952380952381 0.06142857142857143 0.03142857142857143
0 0.8982142857142857 0.6676190476190477 0.06357142857142857 0.03619047619047619
0 0.9496428571428571 0.76 0.09214285714285714 0.049523809523809526
