2 0.44024008350730687 0.588126159554731 0.038100208768267224 0.14285714285714285
2 0.6247390396659708 0.512987012987013 0.03549060542797495 0.11688311688311688
0 0.4879958246346555 0.7717996289424861 0.025052192066805846 0.08534322820037106
0 0.4921711899791232 0.5718923933209648 0.020876826722338204 0.05473098330241188
0 0.7139874739039666 0.7653061224489796 0.030271398747390398 0.07606679035250463
0 0.816544885177453 0.8246753246753247 0.061064718162839246 0.05380333951762523
0 0.886482254697286 0.8413729128014842 0.06837160751565761 0.06307977736549165
0 0.8669102296450939 0.9823747680890538 0.07515657620041753 0.03339517625231911
3 0.6938935281837161 0.5320037105751392 0.01722338204592902 0.04359925788497217
3 0.718945720250522 0.48886827458256027 0.03496868475991649 0.03710575139146568
0 0.558455114822547 0.21103896103896103 0.010438413361169102 0.01948051948051948
3 0.5441022964509394 0.19758812615955473 0.010960334029227558 0.02040816326530612
0 0.5563674321503131 0.137291280148423 0.008350730688935281 0.014842300556586271
0 0.5561064718162839 0.10064935064935066 0.006784968684759917 0.012059369202226345
0 0.5495824634655533 0.0575139146567718 0.006263048016701462 0.011131725417439703
0 0.5581941544885177 0.04313543599257885 0.006784968684759917 0.01020408163265306
0 0.552713987473904 0.019016697588126158 0.005219206680584551 0.008348794063079777
0 0.636482254697286 0.22912801484230055 0.012004175365344467 0.02040816326530612
3 0.6310020876826722 0.20640074211502782 0.009394572025052192 0.01948051948051948
0 0.6260438413361169 0.19434137291280149 0.010960334029227558 0.017625231910946195
0 0.619258872651357 0.1590909090909091 0.008872651356993737 0.015769944341372914
0 0.6169102296450939 0.14795918367346939 0.014613778705636743 0.015769944341372914
3 0.6143006263048016 0.13682745825602968 0.009394572025052192 0.017625231910946195
