0 0.2042857142857143 0.35279187817258884 0.03142857142857143 0.027918781725888325
0 0.29464285714285715 0.3965736040609137 0.035 0.0266497461928934
0 0.3007142857142857 0.35850253807106597 0.03142857142857143 0.024111675126903553
0 0.25285714285714284 0.5355329949238579 0.03428571428571429 0.027918781725888325
0 0.4117857142857143 0.33185279187817257 0.030714285714285715 0.0266497461928934
2 0.4689285714285714 0.2893401015228426 0.085 0.0583756345177665
1 0.5553571428571429 0.3210659898477157 0.04642857142857143 0.04314720812182741
0 0.6175 0.010786802030456852 0.019285714285714285 0.021573604060913704
0 0.6367857142857143 0.031725888324873094 0.02214285714285714 0.03553299492385787
3 0.6921428571428572 0.0901015228426396 0.024285714285714285 0.04060913705583756
0 0.7146428571428571 0.07296954314720812 0.015 0.021573604060913704
0 0.7021428571428572 0.06218274111675127 0.014285714285714285 0.02284263959390863
0 0.7525 0.15418781725888325 0.020714285714285713 0.03680203045685279
0 0.765 0.1700507614213198 0.02142857142857143 0.03807106598984772
0 0.7267857142857143 0.13007614213197968 0.023571428571428573 0.04187817258883249
0 0.6721428571428572 0.19416243654822335 0.03 0.02030456852791878
0 0.7721428571428571 0.3477157360406091 0.03857142857142857 0.025380710659898477
