2 0.6082142857142857 0.9143401015228426 0.06642857142857143 0.16878172588832488
0 0.6378571428571429 0.8001269035532995 0.03857142857142857 0.11802030456852793
0 0.5228571428571429 0.6192893401015228 0.03 0.09644670050761421
0 0.4467857142857143 0.7480964467005076 0.029285714285714286 0.09263959390862944
0 0.58 0.3496192893401015 0.025714285714285714 0.06979695431472081
0 0.4957142857142857 0.2823604060913706 0.022857142857142857 0.06218274111675127
3 0.37857142857142856 0.1947969543147208 0.022857142857142857 0.05710659898477157
1 0.4085714285714286 0.07677664974619289 0.025714285714285714 0.07741116751269035
0 0.9367857142857143 0.8191624365482234 0.04071428571428572 0.08248730964467005
0 0.8878571428571429 0.567258883248731 0.04285714285714286 0.07614213197969544
0 0.9446428571428571 0.5761421319796954 0.039285714285714285 0.07360406091370558
0 0.9603571428571429 0.5564720812182741 0.039285714285714285 0.07233502538071065
0 0.9810714285714286 0.623730964467005 0.03642857142857143 0.07233502538071065
0 0.8717857142857143 0.3597715736040609 0.029285714285714286 0.06218274111675127
0 0.8510714285714286 0.31091370558375636 0.030714285714285715 0.06091370558375635
0 0.8296428571428571 0.2715736040609137 0.02642857142857143 0.04568527918781726
3 0.8167857142857143 0.2265228426395939 0.02642857142857143 0.05710659898477157
3 0.7553571428571428 0.10088832487309644 0.025 0.05203045685279188
3 0.7142857142857143 0.013959390862944163 0.02 0.027918781725888325
