0 0.646 0.29933333333333334 0.004 0.004
0 0.64075 0.3243333333333333 0.0055 0.006
0 0.63775 0.33266666666666667 0.0055 0.006666666666666667
0 0.608 0.32866666666666666 0.006 0.006666666666666667
0 0.5765 0.349 0.008 0.007333333333333333
0 0.60525 0.3396666666666667 0.0065 0.007333333333333333
0 0.62325 0.345 0.0065 0.006
0 0.632 0.3526666666666667 0.007 0.006666666666666667
3 0.67325 0.36333333333333334 0.0105 0.010666666666666666
0 0.66925 0.349 0.0065 0.008666666666666666
0 0.557 0.38233333333333336 0.013 0.008666666666666666
3 0.43975 0.474 0.0195 0.025333333333333333
0 0.40175 0.4703333333333333 0.0215 0.020666666666666667
0 0.356 0.5463333333333333 0.031 0.028666666666666667
0 0.093 0.779 0.078 0.07666666666666666
0 0.7205 0.39166666666666666 0.022 0.012666666666666666
0 0.77725 0.396 0.0255 0.010666666666666666
0 0.81275 0.3983333333333333 0.0235 0.011333333333333334
0 0.84375 0.4 0.0255 0.010666666666666666
0 0.878 0.4013333333333333 0.028 0.012
0 0.95725 0.419 0.0185 0.011333333333333334
1 0.96825 0.39 0.0275 0.02
0 0.97725 0.582 0.0455 0.025333333333333333
0 0.90275 0.6766666666666666 0.0525 0.042666666666666665
0 0.81525 0.6303333333333333 0.0555 0.03266666666666666
0 0.81025 0.595 0.0485 0.038
1 0.5295 0.35933333333333334 0.018 0.010666666666666666
0 0.544 0.3536666666666667 0.011 0.007333333333333333
0 0.55025 0.34833333333333333 0.0085 0.006
0 0.612 0.315 0.006 0.008666666666666666
0 0.5865 0.3323333333333333 0.007 0.008666666666666666
0 0.61825 0.309 0.0065 0.004666666666666667
0 0.62 0.30566666666666664 0.005 0.004666666666666667
0 0.62325 0.30333333333333334 0.0035 0.006666666666666667
0 0.62725 0.3006666666666667 0.0035 0.005333333333333333
