0 0.03 0.6288071065989848 0.04 0.10279187817258884
3 0.03 0.7208121827411168 0.06 0.07106598984771574
0 0.04964285714285714 0.7931472081218274 0.07214285714285715 0.06091370558375635
0 0.0175 0.8927664974619289 0.035 0.11294416243654823
0 0.026785714285714284 0.9143401015228426 0.04928571428571429 0.10279187817258884
0 0.11535714285714285 0.815989847715736 0.04071428571428572 0.10152284263959391
3 0.15142857142857144 0.8134517766497462 0.04 0.10913705583756345
3 0.18678571428571428 0.8001269035532995 0.035 0.11548223350253807
0 0.2835714285714286 0.217005076142132 0.02142857142857143 0.05583756345177665
3 0.34964285714285714 0.27918781725888325 0.019285714285714285 0.06345177664974619
3 0.3325 0.33058375634517767 0.04928571428571429 0.04187817258883249
0 0.32857142857142857 0.3635786802030457 0.05 0.04187817258883249
0 0.32785714285714285 0.39720812182741116 0.045714285714285714 0.04314720812182741
0 0.33071428571428574 0.43147208121827413 0.05 0.04314720812182741
3 0.3267857142857143 0.549492385786802 0.060714285714285714 0.0532994923857868
0 0.3242857142857143 0.5063451776649747 0.055714285714285716 0.050761421319796954
3 0.3271428571428571 0.4682741116751269 0.05714285714285714 0.050761421319796954
