2 0.19 0.36857142857142855 0.20142857142857143 0.32571428571428573
0 0.040357142857142855 0.540952380952381 0.08071428571428571 0.16
0 0.07642857142857143 0.3566666666666667 0.07428571428571429 0.10952380952380952
0 0.14035714285714285 0.2719047619047619 0.07071428571428572 0.09238095238095238
0 0.205 0.17523809523809525 0.05857142857142857 0.07238095238095238
0 0.24392857142857144 0.11952380952380952 0.04928571428571429 0.05238095238095238
1 0.285 0.043333333333333335 0.05 0.08666666666666667
0 0.19107142857142856 0.03761904761904762 0.06928571428571428 0.029523809523809525
0 0.20785714285714285 0.017142857142857144 0.06285714285714286 0.03428571428571429
0 0.3157142857142857 0.022857142857142857 0.025714285714285714 0.03619047619047619
0 0.4492857142857143 0.11142857142857143 0.037142857142857144 0.05523809523809524
0 0.5389285714285714 0.03190476190476191 0.025 0.039047619047619046
0 0.5689285714285715 0.022857142857142857 0.02642857142857143 0.03238095238095238
0 0.57 0.05142857142857143 0.03142857142857143 0.04
0 0.575 0.08761904761904762 0.03428571428571429 0.047619047619047616
0 0.5810714285714286 0.13047619047619047 0.03214285714285714 0.045714285714285714
0 0.6107142857142858 0.17 0.08857142857142856 0.05047619047619047
0 0.5460714285714285 0.24285714285714285 0.045 0.0761904761904762
0 0.6021428571428571 0.3647619047619048 0.05142857142857143 0.10285714285714286
0 0.5253571428571429 0.43666666666666665 0.05928571428571429 0.12285714285714286
0 0.6 0.5076190476190476 0.06571428571428571 0.13714285714285715
0 0.5242857142857142 0.5957142857142858 0.07428571428571429 0.1819047619047619
0 0.6060714285714286 0.7695238095238095 0.08214285714285714 0.2342857142857143
0 0.25821428571428573 0.8371428571428572 0.13214285714285715 0.2723809523809524
1 0.39071428571428574 0.8609523809523809 0.14142857142857143 0.2704761904761905
3 0.8310714285714286 0.9223809523809524 0.19357142857142856 0.15142857142857144
