0 0.2425 0.129 0.053 0.026
0 0.257 0.11166666666666666 0.045 0.022
0 0.8095 0.03866666666666667 0.044 0.02666666666666667
0 0.81225 0.05 0.0445 0.029333333333333333
0 0.8975 0.33566666666666667 0.093 0.048666666666666664
0 0.79875 0.329 0.0885 0.048666666666666664
0 0.693 0.242 0.073 0.03866666666666667
0 0.7555 0.222 0.054 0.042666666666666665
0 0.519 0.238 0.069 0.04133333333333333
0 0.605 0.23933333333333334 0.045 0.04666666666666667
0 0.4325 0.23233333333333334 0.067 0.042
0 0.34125 0.229 0.0675 0.043333333333333335
0 0.398 0.31166666666666665 0.075 0.05
0 0.2325 0.304 0.083 0.042666666666666665
0 0.072 0.29933333333333334 0.073 0.036
0 0.04175 0.22466666666666665 0.0665 0.037333333333333336
0 0.11325 0.22733333333333333 0.0635 0.037333333333333336
0 0.28675 0.17666666666666667 0.0355 0.036
0 0.351 0.056 0.025 0.028
0 0.373 0.11866666666666667 0.056 0.030666666666666665
0 0.33925 0.10333333333333333 0.0345 0.028
3 0.618 0.317 0.069 0.05266666666666667
0 0.96775 0.255 0.0645 0.03666666666666667
0 0.82925 0.12533333333333332 0.0375 0.028
1 0.86175 0.13766666666666666 0.0835 0.05
3 0.33575 0.035333333333333335 0.0395 0.025333333333333333
0 0.35475 0.02266666666666667 0.0385 0.02
1 0.39375 0.025666666666666667 0.0355 0.04466666666666667
0 0.36525 0.010333333333333333 0.0365 0.014
