0 0.16714285714285715 0.8629441624365483 0.05142857142857143 0.06091370558375635
0 0.01 0.8673857868020305 0.02 0.05456852791878172
0 0.0064285714285714285 0.3426395939086294 0.012857142857142857 0.03299492385786802
3 0.11892857142857143 0.6916243654822335 0.04214285714285714 0.06852791878172589
3 0.31285714285714283 0.5501269035532995 0.04428571428571428 0.044416243654822336
0 0.38321428571428573 0.5285532994923858 0.04214285714285714 0.03934010152284264
0 0.5053571428571428 0.47906091370558374 0.039285714285714285 0.03934010152284264
2 0.37464285714285717 0.06789340101522842 0.056428571428571425 0.11802030456852793
2 0.4039285714285714 0.06725888324873096 0.05071428571428571 0.11928934010152284
2 0.35678571428571426 0.16941624365482233 0.056428571428571425 0.12563451776649745
2 0.3767857142857143 0.19416243654822335 0.03785714285714286 0.09644670050761421
2 0.425 0.3020304568527919 0.054285714285714284 0.08121827411167512
2 0.43464285714285716 0.2703045685279188 0.07785714285714286 0.1116751269035533
2 0.44392857142857145 0.23604060913705585 0.07928571428571428 0.10913705583756345
2 0.4467857142857143 0.19923857868020303 0.07642857142857143 0.1065989847715736
2 0.4725 0.18972081218274112 0.045 0.06725888324873096
2 0.4667857142857143 0.14593908629441624 0.07785714285714286 0.10913705583756345
2 0.46964285714285714 0.11294416243654823 0.07785714285714286 0.10152284263959391
2 0.4717857142857143 0.07868020304568528 0.07357142857142857 0.09898477157360407
2 0.4907142857142857 0.03489847715736041 0.06 0.06979695431472081
2 0.5025 0.024111675126903553 0.060714285714285714 0.048223350253807105
3 0.8596428571428572 0.9898477157360406 0.047857142857142855 0.017766497461928935
0 0.6175 0.24238578680203046 0.020714285714285713 0.05583756345177665
0 0.6667857142857143 0.3680203045685279 0.02642857142857143 0.06345177664974619
2 0.6639285714285714 0.18274111675126903 0.030714285714285715 0.08629441624365482
