1 0.3132142857142857 0.1313451776649746 0.023571428571428573 0.01649746192893401
0 0.2532142857142857 0.06218274111675127 0.009285714285714286 0.012690355329949238
0 0.18035714285714285 0.9777918781725888 0.019285714285714285 0.03934010152284264
2 0.3289285714285714 0.6928934010152284 0.016428571428571428 0.0532994923857868
0 0.38785714285714284 0.800761421319797 0.011428571428571429 0.03807106598984772
0 0.37392857142857144 0.7893401015228426 0.012142857142857143 0.04314720812182741
0 0.4010714285714286 0.6148477157360406 0.009285714285714286 0.031725888324873094
2 0.4175 0.5989847715736041 0.013571428571428571 0.0532994923857868
0 0.4125 0.48286802030456855 0.009285714285714286 0.02918781725888325
0 0.42964285714285716 0.440989847715736 0.007857142857142858 0.024111675126903553
0 0.3342857142857143 0.4739847715736041 0.01 0.0266497461928934
0 0.32785714285714285 0.5977157360406091 0.011428571428571429 0.030456852791878174
0 0.3678571428571429 0.4213197969543147 0.01 0.02284263959390863
0 0.3703571428571429 0.3597715736040609 0.007857142857142858 0.01903553299492386
3 0.36 0.5088832487309645 0.011428571428571429 0.025380710659898477
3 0.3532142857142857 0.5647208121827412 0.012142857142857143 0.030456852791878174
1 0.38392857142857145 0.3470812182741117 0.009285714285714286 0.0266497461928934
0 0.37642857142857145 0.3965736040609137 0.008571428571428572 0.0266497461928934
0 0.9435714285714286 0.4232233502538071 0.025714285714285714 0.01649746192893401
1 0.87 0.35215736040609136 0.04857142857142857 0.03680203045685279
3 0.48892857142857143 0.31408629441624364 0.019285714285714285 0.01903553299492386
0 0.4807142857142857 0.28426395939086296 0.018571428571428572 0.017766497461928935
1 0.40785714285714286 0.30583756345177665 0.03571428571428571 0.03299492385786802
0 0.40464285714285714 0.217005076142132 0.007857142857142858 0.015228426395939087
0 0.42214285714285715 0.15101522842639595 0.011428571428571429 0.015228426395939087
2 0.39321428571428574 0.19733502538071065 0.012142857142857143 0.04949238578680203
1 0.40714285714285714 0.17639593908629442 0.011428571428571429 0.03807106598984772
1 0.9878571428571429 0.13705583756345177 0.024285714285714285 0.017766497461928935
2 0.9464285714285714 0.10215736040609137 0.03857142857142857 0.02918781725888325
3 0.935 0.14657360406091371 0.017142857142857144 0.011421319796954314
2 0.8525 0.108502538071066 0.03785714285714286 0.021573604060913704
3 0.8617857142857143 0.14720812182741116 0.015 0.012690355329949238
3 0.8771428571428571 0.13324873096446702 0.017142857142857144 0.012690355329949238
0 0.8860714285714286 0.14720812182741116 0.015 0.01015228426395939
0 0.8167857142857143 0.14784263959390864 0.013571428571428571 0.008883248730964468
0 0.7785714285714286 0.11802030456852793 0.014285714285714285 0.01015228426395939
0 0.7978571428571428 0.141497461928934 0.014285714285714285 0.013959390862944163
1 0.7675 0.14593908629441624 0.023571428571428573 0.02030456852791878
1 0.7678571428571429 0.1351522842639594 0.05 0.02918781725888325
1 0.7392857142857143 0.108502538071066 0.02142857142857143 0.01903553299492386
0 0.7285714285714285 0.12055837563451777 0.012857142857142857 0.012690355329949238
3 0.7182142857142857 0.1516497461928934 0.015 0.013959390862944163
1 0.7046428571428571 0.13959390862944163 0.027857142857142858 0.02284263959390863
1 0.6925 0.116751269035533 0.027857142857142858 0.02284263959390863
1 0.6714285714285714 0.15101522842639595 0.025714285714285714 0.02284263959390863
3 0.68 0.13769035532994925 0.014285714285714285 0.01649746192893401
0 0.6589285714285714 0.14720812182741116 0.015 0.015228426395939087
3 0.6617857142857143 0.1383248730964467 0.013571428571428571 0.015228426395939087
3 0.6646428571428571 0.12944162436548223 0.012142857142857143 0.012690355329949238
0 0.6353571428571428 0.1548223350253807 0.013571428571428571 0.012690355329949238
0 0.6192857142857143 0.1484771573604061 0.014285714285714285 0.01015228426395939
0 0.6385714285714286 0.14784263959390864 0.015714285714285715 0.011421319796954314
0 0.6417857142857143 0.13895939086294415 0.015 0.013959390862944163
0 0.6171428571428571 0.13895939086294415 0.014285714285714285 0.013959390862944163
0 0.6007142857142858 0.16053299492385786 0.015714285714285715 0.01649746192893401
0 0.5989285714285715 0.14911167512690354 0.015 0.011421319796954314
2 0.6035714285714285 0.11357868020304568 0.03571428571428571 0.0266497461928934
1 0.5542857142857143 0.12055837563451777 0.03 0.02284263959390863
3 0.5582142857142857 0.11357868020304568 0.020714285714285713 0.013959390862944163
3 0.5785714285714286 0.1484771573604061 0.014285714285714285 0.015228426395939087
0 0.5942857142857143 0.14276649746192893 0.014285714285714285 0.011421319796954314
0 0.5732142857142857 0.1434010152284264 0.012142857142857143 0.01015228426395939
3 0.5675 0.16434010152284265 0.016428571428571428 0.01649746192893401
0 0.5521428571428572 0.14403553299492386 0.012857142857142857 0.011421319796954314
3 0.5578571428571428 0.14974619289340102 0.014285714285714285 0.012690355329949238
3 0.5385714285714286 0.15101522842639595 0.014285714285714285 0.015228426395939087
2 0.5217857142857143 0.14022842639593908 0.03357142857142857 0.024111675126903553
1 0.5067857142857143 0.15926395939086294 0.03214285714285714 0.021573604060913704
0 0.4932142857142857 0.12880710659898478 0.016428571428571428 0.013959390862944163
0 0.44357142857142856 0.12690355329949238 0.012857142857142857 0.012690355329949238
3 0.44535714285714284 0.09454314720812183 0.005 0.01649746192893401
3 0.44607142857142856 0.08121827411167512 0.005 0.017766497461928935
2 0.4467857142857143 0.06218274111675127 0.0064285714285714285 0.02284263959390863
0 0.44821428571428573 0.0450507614213198 0.005 0.013959390862944163
0 0.43464285714285716 0.012055837563451776 0.005 0.01649746192893401
0 0.4303571428571429 0.08883248730964467 0.0064285714285714285 0.012690355329949238
0 0.43714285714285717 0.09137055837563451 0.005714285714285714 0.015228426395939087
2 0.38821428571428573 0.061548223350253804 0.010714285714285714 0.03934010152284264
0 0.36964285714285716 0.024746192893401017 0.012142857142857143 0.008883248730964468
0 0.37107142857142855 0.017766497461928935 0.012142857142857143 0.007614213197969543
3 0.37107142857142855 0.006345177664974619 0.012142857142857143 0.007614213197969543
