2 0.24142857142857144 0.11761904761904762 0.12571428571428572 0.21047619047619048
2 0.1875 0.06380952380952382 0.10928571428571429 0.12761904761904763
0 0.12214285714285714 0.8257142857142857 0.13428571428571429 0.24571428571428572
3 0.7028571428571428 0.16238095238095238 0.054285714285714284 0.10571428571428572
3 0.7732142857142857 0.1838095238095238 0.060714285714285714 0.10666666666666667
3 0.8478571428571429 0.17476190476190476 0.08857142857142856 0.11333333333333333
0 0.8832142857142857 0.018095238095238095 0.07928571428571428 0.03619047619047619
0 0.7978571428571428 0.018095238095238095 0.04428571428571428 0.03619047619047619
0 0.7528571428571429 0.01904761904761905 0.04857142857142857 0.0380952380952381
0 0.7053571428571429 0.01904761904761905 0.039285714285714285 0.0380952380952381
0 0.6646428571428571 0.018095238095238095 0.04071428571428572 0.03619047619047619
0 0.6257142857142857 0.021904761904761906 0.04 0.0419047619047619
3 0.5596428571428571 0.14809523809523809 0.065 0.09619047619047619
