0 0.36892857142857144 0.9114285714285715 0.09928571428571428 0.17714285714285713
0 0.7675 0.7238095238095238 0.19357142857142856 0.12571428571428572
0 0.7421428571428571 0.6128571428571429 0.16142857142857142 0.10761904761904761
0 0.4225 0.6866666666666666 0.08928571428571429 0.22666666666666666
3 0.4732142857142857 0.42 0.05928571428571429 0.12761904761904763
0 0.6928571428571428 0.3142857142857143 0.12571428571428572 0.0838095238095238
0 0.6971428571428572 0.26285714285714284 0.11285714285714285 0.06666666666666667
0 0.6957142857142857 0.21619047619047618 0.11142857142857143 0.05714285714285714
0 0.6946428571428571 0.17333333333333334 0.095 0.05333333333333334
0 0.11964285714285715 0.5376190476190477 0.12071428571428572 0.17238095238095238
0 0.1982142857142857 0.3852380952380952 0.09928571428571428 0.1361904761904762
0 0.2617857142857143 0.27285714285714285 0.075 0.10571428571428572
0 0.30214285714285716 0.18142857142857144 0.06 0.07333333333333333
0 0.3335714285714286 0.11333333333333333 0.05285714285714286 0.07047619047619047
0 0.36642857142857144 0.05142857142857143 0.04428571428571428 0.06095238095238095
0 0.38642857142857145 0.018095238095238095 0.03571428571428571 0.03428571428571429
0 0.5442857142857143 0.016666666666666666 0.03 0.03333333333333333
3 0.5292857142857142 0.09333333333333334 0.03428571428571429 0.06666666666666667
