0 0.08964285714285715 0.056666666666666664 0.02214285714285714 0.040952380952380955
0 0.017142857142857144 0.16476190476190475 0.022857142857142857 0.04380952380952381
2 0.46964285714285714 0.15333333333333332 0.06642857142857143 0.09142857142857143
2 0.38821428571428573 0.20857142857142857 0.08928571428571429 0.05523809523809524
2 0.35428571428571426 0.2795238095238095 0.09142857142857143 0.06190476190476191
0 0.4835714285714286 0.48333333333333334 0.045714285714285714 0.039047619047619046
0 0.4853571428571429 0.5204761904761904 0.055 0.05619047619047619
0 0.5153571428571428 0.5423809523809524 0.05071428571428571 0.04666666666666667
0 0.5246428571428572 0.5928571428571429 0.055 0.054285714285714284
1 0.4546428571428571 0.5957142857142858 0.04071428571428572 0.08476190476190476
0 0.5696428571428571 0.7485714285714286 0.05928571428571429 0.06666666666666667
0 0.5364285714285715 0.7161904761904762 0.055714285714285716 0.05904761904761905
0 0.5035714285714286 0.6933333333333334 0.05857142857142857 0.05904761904761905
0 0.41 0.8504761904761905 0.011428571428571429 0.015238095238095238
2 0.3 0.5076190476190476 0.06 0.12380952380952381
2 0.15535714285714286 0.5 0.10214285714285715 0.17142857142857143
2 0.09642857142857143 0.48523809523809525 0.09285714285714286 0.17809523809523808
