1 0.2835714285714286 0.6771428571428572 0.037142857142857144 0.10666666666666667
1 0.30964285714285716 0.49333333333333335 0.02642857142857143 0.04
1 0.4253571428571429 0.3757142857142857 0.03642857142857143 0.021904761904761906
1 0.42678571428571427 0.35428571428571426 0.035 0.01904761904761905
1 0.5935714285714285 0.15666666666666668 0.008571428571428572 0.021904761904761906
1 0.5842857142857143 0.1519047619047619 0.01 0.018095238095238095
1 0.6075 0.09285714285714286 0.0064285714285714285 0.012380952380952381
2 0.465 0.5380952380952381 0.04428571428571428 0.09523809523809523
0 0.1767857142857143 0.6923809523809524 0.03357142857142857 0.05142857142857143
0 0.2732142857142857 0.5519047619047619 0.03642857142857143 0.02761904761904762
0 0.24392857142857144 0.6009523809523809 0.03357142857142857 0.030476190476190476
0 0.205 0.5247619047619048 0.03571428571428571 0.024761904761904763
0 0.22142857142857142 0.6404761904761904 0.03857142857142857 0.029523809523809525
0 0.2910714285714286 0.5938095238095238 0.030714285714285715 0.03333333333333333
1 0.31 0.550952380952381 0.024285714285714285 0.025714285714285714
1 0.3028571428571429 0.5685714285714286 0.025714285714285714 0.03428571428571429
1 0.2760714285714286 0.6085714285714285 0.02642857142857143 0.030476190476190476
0 0.34035714285714286 0.44285714285714284 0.016428571428571428 0.024761904761904763
0 0.33035714285714285 0.47 0.019285714285714285 0.025714285714285714
0 0.29678571428571426 0.5157142857142857 0.023571428571428573 0.03142857142857143
0 0.4207142857142857 0.2419047619047619 0.015714285714285715 0.009523809523809525
0 0.4589285714285714 0.2509523809523809 0.013571428571428571 0.010476190476190476
0 0.4446428571428571 0.27095238095238094 0.020714285714285713 0.010476190476190476
0 0.48464285714285715 0.20285714285714285 0.015 0.009523809523809525
0 0.49214285714285716 0.19904761904761906 0.015714285714285715 0.009523809523809525
0 0.495 0.19714285714285715 0.012857142857142857 0.009523809523809525
0 0.4567857142857143 0.19 0.0064285714285714285 0.008571428571428572
0 0.4660714285714286 0.21571428571428572 0.017857142857142856 0.008571428571428572
0 0.4642857142857143 0.22095238095238096 0.014285714285714285 0.007619047619047619
0 0.4789285714285714 0.21142857142857144 0.015 0.009523809523809525
0 0.4682142857142857 0.18904761904761905 0.0064285714285714285 0.008571428571428572
0 0.45071428571428573 0.26 0.015714285714285715 0.009523809523809525
0 0.505 0.42 0.014285714285714285 0.024761904761904763
3 0.48 0.4819047619047619 0.014285714285714285 0.02666666666666667
0 0.7110714285714286 0.31142857142857144 0.012142857142857143 0.011428571428571429
0 0.12857142857142856 0.9571428571428572 0.06285714285714286 0.08571428571428572
3 0.1632142857142857 0.9552380952380952 0.045 0.0761904761904762
0 0.17714285714285713 0.8676190476190476 0.04428571428571428 0.07428571428571429
0 0.7778571428571428 0.5771428571428572 0.025714285714285714 0.03619047619047619
0 0.9625 0.4938095238095238 0.03214285714285714 0.029523809523809525
0 0.9182142857142858 0.5223809523809524 0.027857142857142858 0.025714285714285714
0 0.9046428571428572 0.5023809523809524 0.02642857142857143 0.023809523809523808
1 0.8228571428571428 0.709047619047619 0.04 0.07904761904761905
3 0.08714285714285715 0.6576190476190477 0.05 0.03333333333333333
0 0.011428571428571429 0.6314285714285715 0.022857142857142857 0.030476190476190476
0 0.36464285714285716 0.30238095238095236 0.017857142857142856 0.014285714285714285
