0 0.4342857142857143 0.21666666666666667 0.02 0.014285714285714285
0 0.4564285714285714 0.24952380952380954 0.011428571428571429 0.01904761904761905
3 0.49 0.21523809523809523 0.012857142857142857 0.024761904761904763
0 0.45321428571428574 0.2833333333333333 0.017857142857142856 0.014285714285714285
3 0.43357142857142855 0.3433333333333333 0.027142857142857142 0.021904761904761906
0 0.5225 0.35523809523809524 0.019285714285714285 0.024761904761904763
0 0.5267857142857143 0.37714285714285717 0.020714285714285713 0.030476190476190476
0 0.49214285714285716 0.37047619047619046 0.024285714285714285 0.06285714285714286
0 0.4589285714285714 0.4142857142857143 0.03214285714285714 0.07238095238095238
0 0.4317857142857143 0.5280952380952381 0.030714285714285715 0.04476190476190476
0 0.016428571428571428 0.2019047619047619 0.017142857142857144 0.013333333333333334
0 0.02892857142857143 0.19666666666666666 0.015 0.014285714285714285
3 0.35285714285714287 0.7738095238095238 0.09285714285714286 0.06190476190476191
3 0.3342857142857143 0.8376190476190476 0.14142857142857143 0.09428571428571429
0 0.3525 0.9747619047619047 0.10785714285714286 0.04857142857142857
0 0.5975 0.7309523809523809 0.052142857142857144 0.0980952380952381
