1 0.27035714285714285 0.05583756345177665 0.03357142857142857 0.02284263959390863
0 0.2975 0.33375634517766495 0.029285714285714286 0.025380710659898477
0 0.35714285714285715 0.31281725888324874 0.02 0.024111675126903553
0 0.395 0.2880710659898477 0.01 0.02284263959390863
0 0.41678571428571426 0.2645939086294416 0.009285714285714286 0.021573604060913704
0 0.395 0.2512690355329949 0.008571428571428572 0.02030456852791878
3 0.4567857142857143 0.3369289340101523 0.027857142857142858 0.021573604060913704
3 0.42178571428571426 0.17956852791878172 0.010714285714285714 0.024111675126903553
1 0.4182142857142857 0.13007614213197968 0.007857142857142858 0.024111675126903553
0 0.5135714285714286 0.3350253807106599 0.025714285714285714 0.017766497461928935
0 0.5296428571428572 0.31408629441624364 0.02642857142857143 0.01903553299492386
0 0.6007142857142858 0.3217005076142132 0.022857142857142857 0.01903553299492386
0 0.6703571428571429 0.32043147208121825 0.02642857142857143 0.021573604060913704
0 0.7035714285714286 0.32043147208121825 0.02142857142857143 0.01903553299492386
3 0.047857142857142855 0.5697969543147208 0.037142857142857144 0.04060913705583756
3 0.0675 0.6192893401015228 0.02214285714285714 0.04568527918781726
3 0.053214285714285714 0.6706852791878173 0.02214285714285714 0.03680203045685279
0 0.9578571428571429 0.8876903553299492 0.05142857142857143 0.07741116751269035
0 0.9475 0.3293147208121827 0.016428571428571428 0.024111675126903553
0 0.8807142857142857 0.27982233502538073 0.018571428571428572 0.01903553299492386
3 0.8078571428571428 0.2848984771573604 0.025714285714285714 0.024111675126903553
3 0.9275 0.24619289340101522 0.012142857142857143 0.02030456852791878
0 0.9467857142857142 0.26586294416243655 0.013571428571428571 0.01903553299492386
0 0.9464285714285714 0.24619289340101522 0.01 0.012690355329949238
2 0.9435714285714286 0.20241116751269037 0.022857142857142857 0.05456852791878172
0 0.9607142857142857 0.17449238578680204 0.012857142857142857 0.01649746192893401
0 0.9471428571428572 0.17195431472081218 0.011428571428571429 0.01903553299492386
0 0.9239285714285714 0.19796954314720813 0.015 0.017766497461928935
0 0.9271428571428572 0.1947969543147208 0.014285714285714285 0.01649746192893401
0 0.9028571428571428 0.19035532994923857 0.011428571428571429 0.012690355329949238
0 0.8875 0.17893401015228427 0.015 0.015228426395939087
3 0.9092857142857143 0.17956852791878172 0.015714285714285715 0.01903553299492386
2 0.8907142857142857 0.157994923857868 0.02857142857142857 0.03934010152284264
0 0.6378571428571429 0.3236040609137056 0.025714285714285714 0.02030456852791878
