1 0.027139874739039668 0.7453617810760668 0.054279749478079335 0.0640074211502783
3 0.1278705636743215 0.6762523191094619 0.038622129436325675 0.04638218923933209
3 0.29123173277661796 0.6052875695732839 0.031315240083507306 0.038033395176252316
3 0.3188935281837161 0.5839517625231911 0.030271398747390398 0.032467532467532464
3 0.30427974947807934 0.5422077922077922 0.031315240083507306 0.038033395176252316
0 0.30427974947807934 0.5422077922077922 0.031315240083507306 0.038033395176252316
3 0.3629958246346555 0.5435992578849722 0.027661795407098122 0.04081632653061224
0 0.4637265135699374 0.462430426716141 0.02348643006263048 0.026901669758812616
0 0.4298016701461378 0.4452690166975881 0.02244258872651357 0.029684601113172542
0 0.49295407098121086 0.437847866419295 0.019311064718162838 0.022263450834879406
3 0.5138308977035491 0.41233766233766234 0.02348643006263048 0.032467532467532464
0 0.7364300626304802 0.41697588126159557 0.012526096033402923 0.021335807050092765
0 0.7653966597077244 0.41883116883116883 0.013048016701461378 0.021335807050092765
1 0.6646659707724426 0.27968460111317256 0.029749478079331943 0.032467532467532464
0 0.7184237995824635 0.3042671614100185 0.01722338204592902 0.012987012987012988
0 0.717901878914405 0.2987012987012987 0.016179540709812108 0.012987012987012988
