1 0.6021428571428571 0.8781725888324873 0.04 0.10913705583756345
1 0.6653571428571429 0.7024111675126904 0.045 0.11294416243654823
3 0.6285714285714286 0.7214467005076142 0.022857142857142857 0.05964467005076142
0 0.5510714285714285 0.5437817258883249 0.019285714285714285 0.046954314720812185
0 0.5803571428571429 0.4980964467005076 0.016428571428571428 0.04187817258883249
0 0.5217857142857143 0.3623096446700508 0.016428571428571428 0.031725888324873094
1 0.5692857142857143 0.2969543147208122 0.014285714285714285 0.04060913705583756
0 0.5132142857142857 0.2906091370558376 0.010714285714285714 0.027918781725888325
0 0.515 0.2633248730964467 0.011428571428571429 0.0266497461928934
2 0.5185714285714286 0.21573604060913706 0.014285714285714285 0.04314720812182741
0 0.5246428571428572 0.1947969543147208 0.009285714285714286 0.021573604060913704
3 0.5389285714285714 0.1947969543147208 0.009285714285714286 0.021573604060913704
0 0.41214285714285714 0.11104060913705584 0.018571428571428572 0.01649746192893401
2 0.44535714285714284 0.1034263959390863 0.04071428571428572 0.03934010152284264
1 0.3603571428571429 0.08756345177664974 0.023571428571428573 0.027918781725888325
0 0.39285714285714285 0.0399746192893401 0.01 0.01903553299492386
0 0.3982142857142857 0.025380710659898477 0.009285714285714286 0.015228426395939087
0 0.405 0.012690355329949238 0.01 0.017766497461928935
0 0.23642857142857143 0.05266497461928934 0.015714285714285715 0.01903553299492386
2 0.23464285714285715 0.03362944162436548 0.020714285714285713 0.02918781725888325
1 0.22142857142857142 0.010786802030456852 0.015714285714285715 0.021573604060913704
