0 0.06714285714285714 0.3032994923857868 0.024285714285714285 0.025380710659898477
0 0.07678571428571429 0.3223350253807107 0.019285714285714285 0.02284263959390863
0 0.08428571428571428 0.3343908629441624 0.02142857142857143 0.02918781725888325
3 0.008928571428571428 0.7189086294416244 0.017857142857142856 0.04187817258883249
0 0.017857142857142856 0.9073604060913706 0.03428571428571429 0.0532994923857868
3 0.07607142857142857 0.8769035532994924 0.045 0.05583756345177665
3 0.4235714285714286 0.8280456852791879 0.03571428571428571 0.046954314720812185
0 0.4278571428571429 0.42449238578680204 0.02857142857142857 0.031725888324873094
0 0.4714285714285714 0.22144670050761422 0.02 0.021573604060913704
0 0.49392857142857144 0.2569796954314721 0.02214285714285714 0.01903553299492386
1 0.5353571428571429 0.2519035532994924 0.030714285714285715 0.03426395939086294
3 0.42678571428571427 0.16053299492385786 0.023571428571428573 0.02918781725888325
0 0.3992857142857143 0.17449238578680204 0.02142857142857143 0.024111675126903553
0 0.59 0.2519035532994924 0.02142857142857143 0.021573604060913704
1 0.5521428571428572 0.35088832487309646 0.05 0.05710659898477157
3 0.6117857142857143 0.2956852791878173 0.023571428571428573 0.025380710659898477
3 0.6475 0.27411167512690354 0.025 0.02284263959390863
0 0.6732142857142858 0.2696700507614213 0.023571428571428573 0.021573604060913704
0 0.9853571428571428 0.6446700507614214 0.029285714285714286 0.03553299492385787
3 0.9164285714285715 0.23794416243654823 0.027142857142857142 0.024111675126903553
3 0.8417857142857142 0.2563451776649746 0.027857142857142858 0.025380710659898477
1 0.33071428571428574 0.11357868020304568 0.08142857142857143 0.06725888324873096
