1 0.04321428571428571 0.9010152284263959 0.08642857142857142 0.19289340101522842
0 0.09857142857142857 0.7607868020304569 0.04428571428571428 0.07233502538071065
0 0.2292857142857143 0.8401015228426396 0.04428571428571428 0.11928934010152284
0 0.25214285714285717 0.7315989847715736 0.03142857142857143 0.09263959390862944
0 0.17857142857142858 0.5469543147208121 0.037142857142857144 0.06345177664974619
1 0.26142857142857145 0.29949238578680204 0.037142857142857144 0.07106598984771574
0 0.2910714285714286 0.24238578680203046 0.019285714285714285 0.03299492385786802
0 0.3003571428571429 0.2131979695431472 0.019285714285714285 0.030456852791878174
0 0.3092857142857143 0.1884517766497462 0.018571428571428572 0.024111675126903553
3 0.34785714285714286 0.013959390862944163 0.022857142857142857 0.025380710659898477
0 0.3271428571428571 0.01649746192893401 0.02142857142857143 0.02030456852791878
0 0.4742857142857143 0.7144670050761421 0.041428571428571426 0.11928934010152284
0 0.5464285714285714 0.1065989847715736 0.017142857142857144 0.03553299492385787
0 0.6714285714285714 0.07106598984771574 0.02 0.04314720812182741
1 0.7675 0.39784263959390864 0.07071428571428572 0.17893401015228427
