2 0.49464285714285716 0.49238578680203043 0.05071428571428571 0.12436548223350254
2 0.43 0.6529187817258884 0.05285714285714286 0.15101522842639595
2 0.7171428571428572 0.2017766497461929 0.05 0.05583756345177665
1 0.4375 0.4866751269035533 0.05785714285714286 0.07487309644670051
3 0.027857142857142858 0.7227157360406091 0.05285714285714286 0.04187817258883249
0 0.023928571428571428 0.7017766497461929 0.047857142857142855 0.05583756345177665
0 0.06857142857142857 0.5793147208121827 0.032857142857142856 0.06725888324873096
0 0.18428571428571427 0.6808375634517766 0.04 0.03680203045685279
0 0.6103571428571428 0.20812182741116753 0.019285714285714285 0.02284263959390863
0 0.9525 0.1598984771573604 0.04214285714285714 0.04568527918781726
