0 0.474 0.9086666666666666 0.063 0.15066666666666667
0 0.5405 0.907 0.079 0.154
0 0.529 0.7753333333333333 0.089 0.084
0 0.516 0.7133333333333334 0.085 0.07466666666666667
0 0.40875 0.757 0.0425 0.10866666666666666
0 0.309 0.7756666666666666 0.104 0.07666666666666666
0 0.4665 0.567 0.034 0.05266666666666667
0 0.3735 0.5813333333333334 0.03 0.05733333333333333
0 0.37225 0.5306666666666666 0.0305 0.05333333333333334
0 0.364 0.481 0.021 0.03933333333333333
0 0.298 0.5903333333333334 0.036 0.058
0 0.426 0.4186666666666667 0.017 0.029333333333333333
0 0.35675 0.41833333333333333 0.0215 0.042
0 0.35875 0.385 0.0175 0.027333333333333334
0 0.3575 0.3576666666666667 0.018 0.026
0 0.35925 0.3303333333333333 0.0165 0.022
0 0.422 0.38566666666666666 0.02 0.03
0 0.41575 0.37366666666666665 0.0155 0.023333333333333334
0 0.4075 0.3443333333333333 0.015 0.020666666666666667
0 0.38375 0.335 0.0125 0.020666666666666667
0 0.401 0.313 0.011 0.016666666666666666
0 0.37225 0.316 0.0165 0.017333333333333333
0 0.30325 0.30133333333333334 0.0245 0.018666666666666668
0 0.3595 0.306 0.016 0.016
0 0.39475 0.3016666666666667 0.0265 0.015333333333333332
0 0.361 0.2946666666666667 0.028 0.018666666666666668
0 0.373 0.2916666666666667 0.01 0.016666666666666666
0 0.36675 0.285 0.0155 0.014
0 0.35275 0.2816666666666667 0.0115 0.014
0 0.3345 0.2826666666666667 0.022 0.012
0 0.319 0.2946666666666667 0.014 0.013333333333333334
0 0.308 0.32066666666666666 0.031 0.017333333333333333
0 0.4555 0.5133333333333333 0.044 0.04
0 0.3535 0.26966666666666667 0.009 0.01
0 0.2905 0.711 0.096 0.06466666666666666
3 0.0415 0.704 0.077 0.06
3 0.41825 0.31066666666666665 0.0155 0.02
3 0.248 0.41833333333333333 0.038 0.03
