2 0.06535714285714286 0.40095238095238095 0.12785714285714286 0.13523809523809524
0 0.8971428571428571 0.4804761904761905 0.041428571428571426 0.06190476190476191
0 0.8025 0.4585714285714286 0.035 0.058095238095238096
0 0.6475 0.39904761904761904 0.04357142857142857 0.049523809523809526
0 0.42928571428571427 0.3404761904761905 0.05142857142857143 0.04285714285714286
3 0.35678571428571426 0.25333333333333335 0.04214285714285714 0.02857142857142857
2 0.2757142857142857 0.2776190476190476 0.06285714285714286 0.06
0 0.22535714285714287 0.27095238095238094 0.04357142857142857 0.03333333333333333
1 0.29714285714285715 0.23 0.13285714285714287 0.08095238095238096
0 0.11607142857142858 0.24047619047619048 0.04642857142857143 0.029523809523809525
