0 0.4067857142857143 0.02666666666666667 0.013571428571428571 0.0380952380952381
0 0.4067857142857143 0.07380952380952381 0.013571428571428571 0.039047619047619046
1 0.4067857142857143 0.12333333333333334 0.013571428571428571 0.040952380952380955
3 0.29714285714285715 0.11904761904761904 0.015714285714285715 0.03619047619047619
0 0.36892857142857144 0.2538095238095238 0.025 0.03142857142857143
0 0.3692857142857143 0.3242857142857143 0.02 0.037142857142857144
0 0.3325 0.3952380952380952 0.025 0.01904761904761905
0 0.33071428571428574 0.4780952380952381 0.011428571428571429 0.03238095238095238
0 0.3796428571428571 0.4114285714285714 0.013571428571428571 0.030476190476190476
0 0.3796428571428571 0.4980952380952381 0.023571428571428573 0.03428571428571429
0 0.36392857142857143 0.6395238095238095 0.012142857142857143 0.037142857142857144
0 0.1375 0.5795238095238096 0.030714285714285715 0.01619047619047619
0 0.3525 0.8938095238095238 0.012142857142857143 0.037142857142857144
0 0.3510714285714286 0.9423809523809524 0.012142857142857143 0.04476190476190476
0 0.5757142857142857 0.8961904761904762 0.025714285714285714 0.02857142857142857
0 0.6157142857142858 0.23142857142857143 0.02857142857142857 0.02095238095238095
0 0.6235714285714286 0.5714285714285714 0.03 0.02095238095238095
