1 0.9504175365344467 0.7884972170686456 0.049060542797494784 0.06679035250463822
3 0.8460334029227558 0.05844155844155844 0.017745302713987474 0.02411873840445269
0 0.8528183716075156 0.03942486085343228 0.024008350730688934 0.01948051948051948
0 0.8674321503131524 0.022263450834879406 0.015657620041753653 0.02040816326530612
0 0.8776096033402923 0.008348794063079777 0.015135699373695199 0.016697588126159554
3 0.800365344467641 0.04823747680890538 0.013048016701461378 0.027829313543599257
0 0.7896659707724426 0.06307977736549165 0.017745302713987474 0.029684601113172542
1 0.7653966597077244 0.10296846011131726 0.02035490605427975 0.03525046382189239
3 0.8282881002087683 0.006957328385899814 0.016701461377870562 0.013914656771799629
0 0.8097599164926931 0.03525046382189239 0.016179540709812108 0.025974025974025976
3 0.7985386221294363 0.23098330241187384 0.028183716075156576 0.03525046382189239
3 0.7818371607515657 0.2527829313543599 0.030271398747390398 0.032467532467532464
3 0.7713987473903967 0.274582560296846 0.03549060542797495 0.03896103896103896
0 0.7533924843423799 0.3144712430426716 0.030793319415448852 0.04267161410018553
0 0.6975469728601252 0.2189239332096475 0.02348643006263048 0.03525046382189239
3 0.7541753653444676 0.1280148423005566 0.018789144050104383 0.029684601113172542
1 0.7291231732776617 0.15769944341372913 0.0407098121085595 0.07606679035250463
0 0.6625782881002088 0.2722634508348794 0.0255741127348643 0.04359925788497217
0 0.6088204592901879 0.4322820037105751 0.030793319415448852 0.05194805194805195
0 0.5850730688935282 0.575139146567718 0.03444676409185804 0.059369202226345084
1 0.5099164926931107 0.5176252319109462 0.0407098121085595 0.06679035250463822
1 0.39326722338204595 0.6971243042671614 0.10386221294363257 0.17161410018552875
0 0.3786534446764092 0.5153061224489796 0.03496868475991649 0.05844155844155844
1 0.39431106471816285 0.5310760667903525 0.04749478079331942 0.06957328385899815
0 0.21059498956158665 0.7346938775510204 0.05167014613778706 0.07421150278293136
3 0.18319415448851775 0.9188311688311688 0.05741127348643006 0.08812615955473098
3 0.07437369519832986 0.891465677179963 0.055845511482254695 0.08719851576994433
