0 0.18142857142857144 0.05 0.08 0.1
3 0.45321428571428574 0.319047619047619 0.08071428571428571 0.08952380952380952
0 0.6496428571428572 0.27666666666666667 0.09785714285714285 0.10761904761904761
0 0.525 0.4023809523809524 0.09285714285714286 0.10761904761904761
0 0.5564285714285714 0.3519047619047619 0.08714285714285715 0.0980952380952381
0 0.5835714285714285 0.29904761904761906 0.08571428571428572 0.10857142857142857
0 0.6435714285714286 0.19047619047619047 0.08428571428571428 0.10285714285714286
0 0.6707142857142857 0.14714285714285713 0.09285714285714286 0.10380952380952381
0 0.7021428571428572 0.1 0.08857142857142856 0.10476190476190476
0 0.7292857142857143 0.04857142857142857 0.08857142857142856 0.09714285714285714
0 0.7642857142857142 0.025714285714285714 0.07428571428571429 0.05142857142857143
0 0.7203571428571428 0.39904761904761904 0.07928571428571428 0.11238095238095239
0 0.7585714285714286 0.43523809523809526 0.08 0.12
0 0.7921428571428571 0.4780952380952381 0.08428571428571428 0.1295238095238095
3 0.9142857142857143 0.45571428571428574 0.11285714285714285 0.11523809523809524
3 0.8321428571428572 0.5190476190476191 0.07 0.09714285714285714
0 0.8685714285714285 0.5514285714285714 0.07857142857142857 0.1180952380952381
0 0.9089285714285714 0.5866666666666667 0.07928571428571428 0.12
0 0.9578571428571429 0.6104761904761905 0.08428571428571428 0.12
0 0.5339285714285714 0.5395238095238095 0.06928571428571428 0.11714285714285715
0 0.5725 0.5819047619047619 0.075 0.11428571428571428
0 0.6171428571428571 0.6223809523809524 0.07714285714285714 0.1361904761904762
0 0.6553571428571429 0.6657142857142857 0.07642857142857143 0.12761904761904763
0 0.6946428571428571 0.700952380952381 0.08071428571428571 0.12380952380952381
0 0.8171428571428572 0.8266666666666667 0.08285714285714285 0.13142857142857142
0 0.8735714285714286 0.8376190476190476 0.07428571428571429 0.12666666666666668
3 0.7753571428571429 0.7914285714285715 0.07214285714285715 0.1219047619047619
3 0.7342857142857143 0.7423809523809524 0.06428571428571428 0.11142857142857143
0 0.8964285714285715 0.9133333333333333 0.07571428571428572 0.12380952380952381
0 0.9510714285714286 0.9333333333333333 0.06785714285714285 0.10095238095238095
