1 0.36142857142857143 0.4854060913705584 0.045714285714285714 0.14086294416243655
0 0.29178571428571426 0.5583756345177665 0.023571428571428573 0.06345177664974619
0 0.26857142857142857 0.36484771573604063 0.024285714285714285 0.06218274111675127
0 0.29392857142857143 0.3020304568527919 0.020714285714285713 0.06345177664974619
0 0.25357142857142856 0.26586294416243655 0.02142857142857143 0.05456852791878172
0 0.2785714285714286 0.1649746192893401 0.02142857142857143 0.050761421319796954
3 0.2557142857142857 0.02918781725888325 0.02142857142857143 0.050761421319796954
3 0.17964285714285713 0.08883248730964467 0.019285714285714285 0.04060913705583756
3 0.03 0.1681472081218274 0.027142857142857142 0.0799492385786802
0 0.008928571428571428 0.31408629441624364 0.017857142857142856 0.05456852791878172
0 0.008928571428571428 0.36738578680203043 0.017857142857142856 0.04949238578680203
0 0.009285714285714286 0.4302030456852792 0.015714285714285715 0.048223350253807105
0 0.012142857142857143 0.49111675126903553 0.02 0.0583756345177665
