0 0.9146428571428571 0.7876190476190477 0.045 0.05714285714285714
0 0.7803571428571429 0.6019047619047619 0.04214285714285714 0.05142857142857143
0 0.7110714285714286 0.5466666666666666 0.035 0.045714285714285714
1 0.785 0.5261904761904762 0.055714285714285716 0.06
0 0.5803571428571429 0.5538095238095239 0.03214285714285714 0.05238095238095238
0 0.6514285714285715 0.42333333333333334 0.03571428571428571 0.04476190476190476
0 0.5925 0.3433333333333333 0.03357142857142857 0.039047619047619046
0 0.4857142857142857 0.24523809523809523 0.03 0.037142857142857144
0 0.4907142857142857 0.20095238095238097 0.02857142857142857 0.04
0 0.44357142857142856 0.12428571428571429 0.025714285714285714 0.035238095238095235
1 0.2275 0.030952380952380953 0.02642857142857143 0.037142857142857144
0 0.35464285714285715 0.3719047619047619 0.035 0.03142857142857143
0 0.36607142857142855 0.42 0.03642857142857143 0.03238095238095238
0 0.2710714285714286 0.5376190476190477 0.04071428571428572 0.035238095238095235
