0 0.415 0.6704761904761904 0.08571428571428572 0.2761904761904762
0 0.6960714285714286 0.8890476190476191 0.205 0.12095238095238095
0 0.6842857142857143 0.7457142857142857 0.17285714285714285 0.11619047619047619
0 0.6664285714285715 0.6304761904761905 0.14285714285714285 0.09333333333333334
0 0.6617857142857143 0.5342857142857143 0.15357142857142858 0.09714285714285714
0 0.6428571428571429 0.4419047619047619 0.1457142857142857 0.08952380952380952
0 0.6407142857142857 0.35714285714285715 0.1357142857142857 0.08
0 0.6160714285714286 0.21857142857142858 0.12214285714285714 0.08095238095238096
0 0.605 0.06333333333333334 0.10857142857142857 0.07142857142857142
0 0.6035714285714285 0.024285714285714285 0.10714285714285714 0.04666666666666667
