0 0.4337160751565762 0.22495361781076068 0.016701461377870562 0.026901669758812616
0 0.49739039665970775 0.21521335807050093 0.018789144050104383 0.027829313543599257
0 0.6993736951983298 0.2680890538033395 0.03966597077244259 0.04638218923933209
0 0.7314718162839249 0.26437847866419295 0.038100208768267224 0.04452690166975881
0 0.42745302713987476 0.187847866419295 0.018789144050104383 0.017625231910946195
0 0.4509394572025052 0.17996289424860853 0.010438413361169102 0.016697588126159554
0 0.46085594989561585 0.17207792207792208 0.011482254697286013 0.012059369202226345
0 0.4626826722338205 0.16512059369202226 0.012004175365344467 0.011131725417439703
0 0.4592901878914405 0.1637291280148423 0.007306889352818371 0.013914656771799629
0 0.5258350730688935 0.2277365491651206 0.014091858037578288 0.023191094619666047
0 0.45563674321503134 0.16419294990723562 0.006263048016701462 0.00927643784786642
3 0.46633611691022964 0.14656771799628943 0.0036534446764091857 0.0074211502782931356
0 0.49660751565762007 0.1553803339517625 0.004697286012526096 0.006493506493506494
3 0.4986951983298539 0.8283858998144712 0.14561586638830898 0.3395176252319109
