0 0.475 0.24714285714285714 0.037142857142857144 0.012380952380952381
0 0.5221428571428571 0.24571428571428572 0.03142857142857143 0.017142857142857144
0 0.5725 0.24619047619047618 0.030714285714285715 0.018095238095238095
0 0.5796428571428571 0.24428571428571427 0.030714285714285715 0.014285714285714285
0 0.46214285714285713 0.24 0.017142857142857144 0.013333333333333334
0 0.46714285714285714 0.23761904761904762 0.011428571428571429 0.012380952380952381
0 0.4789285714285714 0.2423809523809524 0.015 0.012380952380952381
3 0.4825 0.23666666666666666 0.019285714285714285 0.01619047619047619
0 0.4925 0.23952380952380953 0.010714285714285714 0.010476190476190476
0 0.5028571428571429 0.23857142857142857 0.01 0.014285714285714285
0 0.5146428571428572 0.23904761904761904 0.016428571428571428 0.017142857142857144
0 0.5314285714285715 0.24 0.011428571428571429 0.015238095238095238
0 0.54 0.2419047619047619 0.017142857142857144 0.01904761904761905
0 0.555 0.2419047619047619 0.011428571428571429 0.017142857142857144
0 0.57 0.24 0.014285714285714285 0.017142857142857144
0 0.4589285714285714 0.22523809523809524 0.015 0.014285714285714285
0 0.4735714285714286 0.2257142857142857 0.014285714285714285 0.013333333333333334
0 0.4878571428571429 0.22714285714285715 0.014285714285714285 0.008571428571428572
0 0.48892857142857143 0.22095238095238096 0.019285714285714285 0.013333333333333334
0 0.5021428571428571 0.2280952380952381 0.014285714285714285 0.014285714285714285
0 0.5021428571428571 0.22238095238095237 0.018571428571428572 0.012380952380952381
0 0.5182142857142857 0.22714285714285715 0.019285714285714285 0.014285714285714285
0 0.5342857142857143 0.22666666666666666 0.017142857142857144 0.015238095238095238
0 0.5632142857142857 0.2276190476190476 0.016428571428571428 0.017142857142857144
0 0.5771428571428572 0.2276190476190476 0.015714285714285715 0.017142857142857144
0 0.5842857142857143 0.22285714285714286 0.014285714285714285 0.009523809523809525
0 0.5964285714285714 0.2195238095238095 0.018571428571428572 0.014285714285714285
0 0.6125 0.22428571428571428 0.019285714285714285 0.012380952380952381
0 0.6278571428571429 0.22857142857142856 0.025714285714285714 0.017142857142857144
