0 0.4139285714285714 0.7354060913705583 0.027857142857142858 0.10025380710659898
0 0.4442857142857143 0.7703045685279187 0.024285714285714285 0.09898477157360407
0 0.5339285714285714 0.75 0.027857142857142858 0.10406091370558376
0 0.5635714285714286 0.7525380710659898 0.025714285714285714 0.09390862944162437
0 0.6378571428571429 0.7690355329949239 0.03 0.10913705583756345
0 0.6682142857142858 0.7506345177664975 0.029285714285714286 0.10025380710659898
0 0.7296428571428571 0.7373096446700508 0.03214285714285714 0.10913705583756345
0 0.7628571428571429 0.7379441624365483 0.032857142857142856 0.10279187817258884
0 0.8239285714285715 0.7277918781725888 0.03785714285714286 0.10279187817258884
0 0.8589285714285714 0.7347715736040609 0.03785714285714286 0.10913705583756345
0 0.8853571428571428 0.7208121827411168 0.03785714285714286 0.10406091370558376
0 0.9185714285714286 0.7176395939086294 0.04 0.10025380710659898
0 0.9496428571428571 0.7201776649746193 0.03785714285714286 0.10279187817258884
0 0.7267857142857143 0.8686548223350253 0.06928571428571428 0.07487309644670051
0 0.31785714285714284 0.7588832487309645 0.027142857142857142 0.09898477157360407
0 0.5046428571428572 0.7461928934010152 0.023571428571428573 0.06598984771573604
0 0.2842857142857143 0.758248730964467 0.025714285714285714 0.10025380710659898
0 0.2507142857142857 0.7595177664974619 0.02857142857142857 0.10786802030456853
0 0.21607142857142858 0.7690355329949239 0.029285714285714286 0.09898477157360407
0 0.1692857142857143 0.7804568527918782 0.025714285714285714 0.08629441624365482
0 0.13892857142857143 0.7741116751269036 0.03214285714285714 0.10913705583756345
0 0.09928571428571428 0.7861675126903553 0.037142857142857144 0.10025380710659898
0 0.028214285714285713 0.7918781725888325 0.035 0.10913705583756345
3 0.2325 0.5615482233502538 0.029285714285714286 0.08756345177664974
0 0.07464285714285715 0.5710659898477157 0.039285714285714285 0.09898477157360407
3 0.3510714285714286 0.75 0.025 0.09898477157360407
0 0.695 0.9682741116751269 0.04285714285714286 0.06091370558375635
0 0.6535714285714286 0.9689086294416244 0.037142857142857144 0.05964467005076142
0 0.8967857142857143 0.958756345177665 0.045 0.07741116751269035
0 0.9375 0.9619289340101523 0.04357142857142857 0.07106598984771574
0 0.8 0.9746192893401016 0.03142857142857143 0.048223350253807105
0 0.3057142857142857 0.9777918781725888 0.03571428571428571 0.04187817258883249
