0 0.485 0.7585714285714286 0.04428571428571428 0.11904761904761904
0 0.42857142857142855 0.7623809523809524 0.037142857142857144 0.11904761904761904
0 0.42178571428571426 0.6257142857142857 0.03214285714285714 0.08952380952380952
0 0.4642857142857143 0.6185714285714285 0.03571428571428571 0.09428571428571429
0 0.45714285714285713 0.5176190476190476 0.02857142857142857 0.07142857142857142
0 0.4928571428571429 0.48857142857142855 0.03142857142857143 0.07047619047619047
0 0.5828571428571429 0.6619047619047619 0.047142857142857146 0.09142857142857143
0 0.5553571428571429 0.560952380952381 0.03357142857142857 0.08
0 0.5332142857142858 0.4680952380952381 0.03357142857142857 0.07714285714285714
0 0.44357142857142856 0.4142857142857143 0.02857142857142857 0.05714285714285714
0 0.4828571428571429 0.4219047619047619 0.03142857142857143 0.049523809523809526
0 0.40535714285714286 0.38857142857142857 0.02642857142857143 0.07047619047619047
0 0.39571428571428574 0.2680952380952381 0.02 0.037142857142857144
0 0.4025 0.09904761904761905 0.015 0.030476190476190476
0 0.455 0.06190476190476191 0.011428571428571429 0.017142857142857144
0 0.4042857142857143 0.034761904761904765 0.012857142857142857 0.018095238095238095
0 0.7096428571428571 0.31142857142857144 0.05071428571428571 0.0380952380952381
0 0.7403571428571428 0.3761904761904762 0.04928571428571429 0.04380952380952381
2 0.5321428571428571 0.6638095238095238 0.08571428571428572 0.23809523809523808
