3 0.30642857142857144 0.06285714285714286 0.008571428571428572 0.017142857142857144
3 0.325 0.30714285714285716 0.041428571428571426 0.04666666666666667
3 0.3560714285714286 0.30142857142857143 0.03214285714285714 0.040952380952380955
0 0.3264285714285714 0.28523809523809524 0.02 0.021904761904761906
0 0.054285714285714284 0.09285714285714286 0.018571428571428572 0.012380952380952381
3 0.4446428571428571 0.2219047619047619 0.012142857142857143 0.01904761904761905
2 0.4521428571428571 0.15666666666666668 0.02142857142857143 0.039047619047619046
3 0.4164285714285714 0.3342857142857143 0.041428571428571426 0.04
0 0.2375 0.5442857142857143 0.023571428571428573 0.054285714285714284
3 0.5396428571428571 0.5038095238095238 0.04928571428571429 0.1219047619047619
2 0.5221428571428571 0.2795238095238095 0.03 0.06380952380952382
2 0.5942857142857143 0.4704761904761905 0.05285714285714286 0.10666666666666667
2 0.6235714285714286 0.6195238095238095 0.07428571428571429 0.15714285714285714
3 0.6471428571428571 0.9247619047619048 0.08714285714285715 0.14857142857142858
0 0.9864285714285714 0.8104761904761905 0.027142857142857142 0.04
0 0.7417857142857143 0.7519047619047619 0.05357142857142857 0.058095238095238096
0 0.9107142857142857 0.6061904761904762 0.05285714285714286 0.037142857142857144
0 0.7928571428571428 0.42428571428571427 0.037142857142857144 0.035238095238095235
0 0.8289285714285715 0.40523809523809523 0.03785714285714286 0.03142857142857143
0 0.7557142857142857 0.5552380952380952 0.032857142857142856 0.04380952380952381
0 0.8657142857142858 0.5514285714285714 0.041428571428571426 0.03619047619047619
0 0.7203571428571428 0.5585714285714286 0.03357142857142857 0.040952380952380955
0 0.74 0.4504761904761905 0.03428571428571429 0.03428571428571429
3 0.8903571428571428 0.5719047619047619 0.056428571428571425 0.04857142857142857
3 0.7032142857142857 0.5728571428571428 0.03785714285714286 0.05047619047619047
3 0.8053571428571429 0.36714285714285716 0.035 0.037142857142857144
3 0.47285714285714286 0.21571428571428572 0.02 0.029523809523809525
0 0.5853571428571429 0.3028571428571429 0.029285714285714286 0.01904761904761905
0 0.6507142857142857 0.24619047619047618 0.027142857142857142 0.01619047619047619
0 0.7496428571428572 0.2519047619047619 0.02214285714285714 0.018095238095238095
0 0.6821428571428572 0.2866666666666667 0.025714285714285714 0.02095238095238095
0 0.7667857142857143 0.26761904761904765 0.02642857142857143 0.017142857142857144
0 0.7210714285714286 0.29333333333333333 0.02642857142857143 0.013333333333333334
0 0.6996428571428571 0.24047619047619048 0.019285714285714285 0.012380952380952381
3 0.7646428571428572 0.28 0.023571428571428573 0.02095238095238095
3 0.7685714285714286 0.2538095238095238 0.02142857142857143 0.025714285714285714
3 0.7235714285714285 0.27 0.037142857142857144 0.04285714285714286
3 0.6510714285714285 0.31952380952380954 0.02642857142857143 0.02761904761904762
0 0.6789285714285714 0.30428571428571427 0.025 0.021904761904761906
3 0.5953571428571428 0.28476190476190477 0.023571428571428573 0.022857142857142857
3 0.5728571428571428 0.2814285714285714 0.022857142857142857 0.018095238095238095
3 0.5567857142857143 0.2719047619047619 0.03785714285714286 0.03142857142857143
3 0.5575 0.25523809523809526 0.03785714285714286 0.024761904761904763
3 0.6078571428571429 0.21714285714285714 0.015714285714285715 0.047619047619047616
3 0.5828571428571429 0.21333333333333335 0.015714285714285715 0.045714285714285714
0 0.5671428571428572 0.2219047619047619 0.008571428571428572 0.015238095238095238
0 0.5617857142857143 0.16333333333333333 0.013571428571428571 0.01619047619047619
0 0.5746428571428571 0.1619047619047619 0.012142857142857143 0.013333333333333334
3 0.4878571428571429 0.1376190476190476 0.012857142857142857 0.023809523809523808
3 0.5103571428571428 0.07952380952380952 0.010714285714285714 0.010476190476190476
0 0.5192857142857142 0.08238095238095237 0.011428571428571429 0.006666666666666667
0 0.4367857142857143 0.07285714285714286 0.015 0.006666666666666667
3 0.4328571428571429 0.07571428571428572 0.005714285714285714 0.008571428571428572
3 0.44892857142857145 0.07571428571428572 0.0064285714285714285 0.008571428571428572
3 0.47 0.09238095238095238 0.015714285714285715 0.011428571428571429
0 0.4589285714285714 0.07428571428571429 0.007857142857142858 0.007619047619047619
3 0.47464285714285714 0.06476190476190476 0.012142857142857143 0.009523809523809525
0 0.4253571428571429 0.06095238095238095 0.005 0.007619047619047619
0 0.43464285714285716 0.060476190476190475 0.0064285714285714285 0.006666666666666667
0 0.42928571428571427 0.04857142857142857 0.007142857142857143 0.007619047619047619
3 0.40535714285714286 0.032857142857142856 0.009285714285714286 0.010476190476190476
3 0.4228571428571429 0.03142857142857143 0.012857142857142857 0.009523809523809525
0 0.44357142857142856 0.02857142857142857 0.012857142857142857 0.005714285714285714
0 0.44392857142857145 0.055714285714285716 0.013571428571428571 0.006666666666666667
0 0.3875 0.011904761904761904 0.007857142857142858 0.006666666666666667
