0 0.04321428571428571 0.2523809523809524 0.08642857142857142 0.09333333333333334
0 0.03571428571428571 0.5052380952380953 0.07142857142857142 0.13238095238095238
0 0.07785714285714286 0.43714285714285717 0.10142857142857142 0.1219047619047619
0 0.14964285714285713 0.37761904761904763 0.10642857142857143 0.11523809523809524
0 0.21142857142857144 0.3361904761904762 0.09285714285714286 0.10857142857142857
0 0.4253571428571429 0.4280952380952381 0.11928571428571429 0.12476190476190477
0 0.31107142857142855 0.3304761904761905 0.11785714285714285 0.1295238095238095
0 0.22857142857142856 0.13142857142857142 0.1 0.08
0 0.6135714285714285 0.027142857142857142 0.08 0.05047619047619047
0 0.6742857142857143 0.01904761904761905 0.07428571428571429 0.0380952380952381
3 0.5982142857142857 0.13904761904761906 0.10785714285714286 0.10095238095238095
0 0.6789285714285714 0.12666666666666668 0.09785714285714285 0.08190476190476191
0 0.755 0.24095238095238095 0.12285714285714286 0.09333333333333334
0 0.9328571428571428 0.26857142857142857 0.12571428571428572 0.10857142857142857
0 0.9442857142857143 0.3657142857142857 0.10857142857142857 0.14095238095238094
0 0.5942857142857143 0.3519047619047619 0.11714285714285715 0.1380952380952381
