0 0.3796428571428571 0.38333333333333336 0.045 0.058095238095238096
0 0.5064285714285715 0.5423809523809524 0.06571428571428571 0.08666666666666667
0 0.5732142857142857 0.24095238095238095 0.05071428571428571 0.04
3 0.255 0.24714285714285714 0.04857142857142857 0.06380952380952382
0 0.15214285714285714 0.24714285714285714 0.03571428571428571 0.040952380952380955
0 0.11428571428571428 0.20047619047619047 0.032857142857142856 0.039047619047619046
0 0.17107142857142857 0.13523809523809524 0.03357142857142857 0.04
0 0.8146428571428571 0.6257142857142857 0.07357142857142857 0.10666666666666667
0 0.8796428571428572 0.8338095238095238 0.10357142857142858 0.1457142857142857
0 0.9717857142857143 0.8961904761904762 0.056428571428571425 0.12761904761904763
0 0.7175 0.950952380952381 0.07642857142857143 0.0980952380952381
0 0.7275 0.07952380952380952 0.023571428571428573 0.03142857142857143
0 0.6046428571428571 0.13285714285714287 0.035 0.04285714285714286
2 0.6460714285714285 0.10666666666666667 0.060714285714285714 0.09142857142857143
