0 0.37857142857142856 0.9666666666666667 0.03857142857142857 0.06666666666666667
0 0.5292857142857142 0.6685714285714286 0.025714285714285714 0.06095238095238095
0 0.5660714285714286 0.43761904761904763 0.02214285714285714 0.04476190476190476
0 0.5171428571428571 0.44047619047619047 0.018571428571428572 0.035238095238095235
0 0.5864285714285714 0.3414285714285714 0.018571428571428572 0.035238095238095235
0 0.5110714285714286 0.2980952380952381 0.015 0.03238095238095238
0 0.52 0.25857142857142856 0.018571428571428572 0.037142857142857144
0 0.53 0.22 0.018571428571428572 0.03619047619047619
0 0.6221428571428571 0.15476190476190477 0.015714285714285715 0.025714285714285714
0 0.6310714285714286 0.10428571428571429 0.015 0.02761904761904762
0 0.5417857142857143 0.18904761904761905 0.017857142857142856 0.03333333333333333
0 0.5507142857142857 0.15571428571428572 0.018571428571428572 0.03333333333333333
0 0.5596428571428571 0.12714285714285714 0.017857142857142856 0.029523809523809525
0 0.5746428571428571 0.07285714285714286 0.015 0.02761904761904762
0 0.565 0.09619047619047619 0.015714285714285715 0.030476190476190476
0 0.5825 0.04619047619047619 0.017857142857142856 0.02761904761904762
0 0.6435714285714286 0.05761904761904762 0.011428571428571429 0.02
1 0.6239285714285714 0.03571428571428571 0.010714285714285714 0.023809523809523808
0 0.21 0.14809523809523809 0.03 0.029523809523809525
0 0.2225 0.13428571428571429 0.030714285714285715 0.02095238095238095
0 0.23392857142857143 0.11285714285714285 0.03214285714285714 0.021904761904761906
