0 0.41892857142857143 0.8261904761904761 0.020714285714285713 0.025714285714285714
0 0.5571428571428572 0.8380952380952381 0.024285714285714285 0.024761904761904763
0 0.3707142857142857 0.7447619047619047 0.017142857142857144 0.01904761904761905
3 0.4467857142857143 0.5914285714285714 0.009285714285714286 0.02095238095238095
0 0.8142857142857143 0.621904761904762 0.012857142857142857 0.015238095238095238
3 0.8275 0.6066666666666667 0.015 0.01904761904761905
1 0.7828571428571428 0.659047619047619 0.02 0.02095238095238095
0 0.6464285714285715 0.7576190476190476 0.02 0.021904761904761906
1 0.05071428571428571 0.3680952380952381 0.015714285714285715 0.02
0 0.08428571428571428 0.39714285714285713 0.01 0.011428571428571429
0 0.10535714285714286 0.4176190476190476 0.012142857142857143 0.012380952380952381
0 0.04285714285714286 0.3261904761904762 0.008571428571428572 0.010476190476190476
0 0.12678571428571428 0.2838095238095238 0.0064285714285714285 0.009523809523809525
0 0.02035714285714286 0.27 0.007857142857142858 0.008571428571428572
3 0.029642857142857144 0.2938095238095238 0.0064285714285714285 0.010476190476190476
1 0.1367857142857143 0.27666666666666667 0.010714285714285714 0.014285714285714285
3 0.1225 0.2761904761904762 0.0064285714285714285 0.009523809523809525
0 0.5928571428571429 0.8223809523809524 0.018571428571428572 0.02761904761904762
1 0.5096428571428572 0.31857142857142856 0.015 0.012380952380952381
0 0.49392857142857144 0.2652380952380952 0.010714285714285714 0.006666666666666667
1 0.42964285714285716 0.3076190476190476 0.010714285714285714 0.017142857142857144
3 0.013214285714285715 0.24428571428571427 0.007857142857142858 0.008571428571428572
3 0.008928571428571428 0.16476190476190475 0.005 0.007619047619047619
2 0.022857142857142857 0.22428571428571428 0.01 0.02
0 0.675 0.4380952380952381 0.014285714285714285 0.007619047619047619
1 0.9235714285714286 0.5361904761904762 0.014285714285714285 0.017142857142857144
