0 0.3755 0.9406666666666667 0.037 0.05333333333333334
0 0.3955 0.8763333333333333 0.034 0.058
0 0.36125 0.8873333333333333 0.0335 0.052
0 0.3665 0.828 0.048 0.056
0 0.40625 0.808 0.0275 0.06266666666666666
0 0.43425 0.825 0.0395 0.062
0 0.46 0.8453333333333334 0.038 0.06133333333333333
3 0.48625 0.8556666666666667 0.0385 0.06066666666666667
0 0.5135 0.882 0.047 0.05333333333333334
0 0.47025 0.916 0.0475 0.03866666666666667
0 0.55675 0.949 0.0565 0.05533333333333333
0 0.4905 0.9663333333333334 0.041 0.06733333333333333
0 0.5495 0.978 0.059 0.044
0 0.43275 0.979 0.0515 0.042
0 0.33875 0.7563333333333333 0.0215 0.042
0 0.34375 0.7006666666666667 0.0335 0.04
0 0.425 0.6123333333333333 0.037 0.034
3 0.4255 0.567 0.038 0.034
0 0.29225 0.51 0.0335 0.029333333333333333
0 0.28225 0.48 0.0325 0.029333333333333333
0 0.2795 0.4523333333333333 0.033 0.024666666666666667
0 0.141 0.4216666666666667 0.029 0.023333333333333334
3 0.09875 0.37833333333333335 0.0245 0.024666666666666667
0 0.0895 0.359 0.027 0.018
1 0.017 0.35233333333333333 0.031 0.03
0 0.0415 0.2763333333333333 0.022 0.016666666666666666
0 0.038 0.25733333333333336 0.023 0.016
1 0.0055 0.25 0.011 0.024
0 0.0775 0.31 0.02 0.017333333333333333
0 0.08925 0.2996666666666667 0.0255 0.018
0 0.10675 0.29033333333333333 0.0255 0.016666666666666666
0 0.16 0.35 0.026 0.018666666666666668
0 0.17775 0.34 0.0255 0.018666666666666668
2 0.22325 0.334 0.0565 0.044
0 0.25075 0.3943333333333333 0.0295 0.020666666666666667
0 0.2675 0.383 0.028 0.020666666666666667
0 0.30825 0.36866666666666664 0.0275 0.018666666666666668
0 0.3405 0.414 0.029 0.02
3 0.35175 0.43866666666666665 0.0345 0.02666666666666667
0 0.48125 0.37366666666666665 0.0135 0.022
0 0.467 0.49033333333333334 0.03 0.023333333333333334
0 0.5725 0.5226666666666666 0.034 0.02666666666666667
0 0.62625 0.6863333333333334 0.0445 0.04066666666666666
0 0.6475 0.7286666666666667 0.039 0.036
1 0.75625 0.7753333333333333 0.0625 0.05466666666666667
0 0.78425 0.7316666666666667 0.0465 0.042
0 0.70925 0.6673333333333333 0.0435 0.036
0 0.7705 0.6183333333333333 0.041 0.03
0 0.9395 0.8876666666666667 0.054 0.051333333333333335
0 0.91075 0.7056666666666667 0.0545 0.03933333333333333
0 0.72475 0.072 0.0155 0.009333333333333334
0 0.705 0.06833333333333333 0.015 0.008666666666666666
0 0.66425 0.059666666666666666 0.0145 0.01
0 0.7185 0.06366666666666666 0.016 0.008666666666666666
3 0.68525 0.06233333333333333 0.0135 0.008666666666666666
