0 0.7485 0.092 0.006 0.008
0 0.74525 0.09866666666666667 0.0065 0.009333333333333334
0 0.73875 0.09633333333333334 0.0055 0.007333333333333333
0 0.7395 0.103 0.007 0.007333333333333333
0 0.733 0.122 0.007 0.009333333333333334
0 0.3875 0.32233333333333336 0.04 0.028666666666666667
0 0.43925 0.33266666666666667 0.0365 0.02666666666666667
0 0.45825 0.31233333333333335 0.0425 0.028666666666666667
0 0.423 0.41733333333333333 0.042 0.052
0 0.52775 0.21566666666666667 0.0245 0.015333333333333332
0 0.5485 0.20266666666666666 0.022 0.017333333333333333
1 0.587 0.204 0.037 0.02266666666666667
3 0.70225 0.1 0.0145 0.012
0 0.71075 0.14433333333333334 0.0075 0.011333333333333334
3 0.70475 0.15066666666666667 0.0085 0.013333333333333334
3 0.7075 0.14633333333333334 0.009 0.014
0 0.698 0.207 0.015 0.015333333333333332
3 0.72125 0.25866666666666666 0.0245 0.025333333333333333
3 0.7225 0.2806666666666667 0.022 0.028
3 0.6305 0.272 0.018 0.02666666666666667
3 0.60375 0.2823333333333333 0.0225 0.024666666666666667
1 0.6165 0.30033333333333334 0.029 0.03266666666666666
1 0.64125 0.257 0.0205 0.026
3 0.67425 0.477 0.0345 0.06866666666666667
1 0.64575 0.61 0.0395 0.076
1 0.378 0.5973333333333334 0.098 0.11333333333333333
1 0.59975 0.7653333333333333 0.0965 0.13333333333333333
1 0.2695 0.907 0.133 0.18066666666666667
