0 0.24625 0.8383333333333334 0.0825 0.142
0 0.28375 0.7066666666666667 0.0625 0.10933333333333334
1 0.309 0.554 0.054 0.12666666666666668
0 0.337 0.4766666666666667 0.028 0.052
0 0.3435 0.437 0.029 0.035333333333333335
0 0.348 0.405 0.025 0.03933333333333333
1 0.43425 0.5366666666666666 0.0415 0.084
0 0.43375 0.467 0.0285 0.059333333333333335
0 0.3495 0.3463333333333333 0.022 0.04466666666666667
0 0.40725 0.29933333333333334 0.0205 0.024
0 0.40025 0.28633333333333333 0.0235 0.020666666666666667
0 0.735 0.7033333333333334 0.065 0.08666666666666667
0 0.63675 0.9136666666666666 0.0555 0.11533333333333333
0 0.65125 0.5286666666666666 0.0445 0.048
0 0.60675 0.441 0.0365 0.03666666666666667
0 0.53575 0.31933333333333336 0.0145 0.02266666666666667
0 0.37675 0.22233333333333333 0.0105 0.011333333333333334
0 0.35025 0.222 0.0115 0.013333333333333334
