0 0.4642857142857143 0.407994923857868 0.011428571428571429 0.031725888324873094
0 0.43714285714285717 0.6123096446700508 0.015714285714285715 0.046954314720812185
0 0.4110714285714286 0.565989847715736 0.016428571428571428 0.03299492385786802
0 0.4642857142857143 0.6345177664974619 0.017142857142857144 0.048223350253807105
0 0.4303571428571429 0.7163705583756346 0.017857142857142856 0.05203045685279188
0 0.47035714285714286 0.2633248730964467 0.009285714285714286 0.024111675126903553
0 0.4253571428571429 0.21256345177664976 0.007857142857142858 0.01649746192893401
0 0.44 0.19416243654822335 0.007142857142857143 0.015228426395939087
0 0.42392857142857143 0.17385786802030456 0.007857142857142858 0.017766497461928935
0 0.4757142857142857 0.22398477157360405 0.008571428571428572 0.01903553299492386
0 0.4203571428571429 0.25951776649746194 0.009285714285714286 0.01903553299492386
2 0.4107142857142857 0.35088832487309646 0.012857142857142857 0.044416243654822336
2 0.39071428571428574 0.5152284263959391 0.03 0.116751269035533
2 0.4682142857142857 0.5050761421319797 0.015 0.06091370558375635
3 0.37464285714285717 0.6459390862944162 0.02214285714285714 0.0532994923857868
3 0.3425 0.876269035532995 0.047857142857142855 0.05456852791878172
0 0.8385714285714285 0.6421319796954315 0.018571428571428572 0.03553299492385787
