3 0.6816283924843424 0.9281076066790352 0.06784968684759916 0.07142857142857142
0 0.6659707724425887 0.8112244897959183 0.0720250521920668 0.06957328385899815
3 0.6544885177453027 0.6470315398886828 0.049060542797494784 0.05287569573283859
0 0.6323068893528184 0.6196660482374768 0.054801670146137786 0.05009276437847866
0 0.6808455114822547 0.5589053803339518 0.055845511482254695 0.041743970315398886
0 0.6704070981210856 0.49257884972170685 0.049582463465553235 0.03525046382189239
0 0.6677974947807933 0.4652133580705009 0.048538622129436326 0.03432282003710575
3 0.6578810020876826 0.43506493506493504 0.05167014613778706 0.03896103896103896
0 0.6012526096033403 0.24675324675324675 0.03444676409185804 0.027829313543599257
0 0.5782881002087683 0.2258812615955473 0.031315240083507306 0.030612244897959183
0 0.5965553235908142 0.20686456400742115 0.026096033402922755 0.01855287569573284
0 0.5884655532359081 0.19851576994434136 0.03288100208768267 0.027829313543599257
3 0.5876826722338204 0.18089053803339517 0.038622129436325675 0.03339517625231911
0 0.5469728601252609 0.10575139146567718 0.025052192066805846 0.022263450834879406
0 0.5780271398747391 0.11781076066790352 0.02348643006263048 0.02040816326530612
0 0.5733298538622129 0.10343228200371057 0.0255741127348643 0.021335807050092765
3 0.5728079331941545 0.09090909090909091 0.01826722338204593 0.022263450834879406
3 0.5696764091858038 0.08580705009276438 0.02348643006263048 0.01948051948051948
0 0.5694154488517745 0.07792207792207792 0.021920668058455117 0.01855287569573284
0 0.5657620041753654 0.06539888682745826 0.022964509394572025 0.017625231910946195
0 0.5649791231732777 0.060760667903525044 0.02348643006263048 0.01948051948051948
0 0.5464509394572025 0.0839517625231911 0.024008350730688934 0.01948051948051948
0 0.5511482254697286 0.07374768089053803 0.016701461377870562 0.015769944341372914
0 0.615866388308977 0.05983302411873841 0.011482254697286013 0.021335807050092765
0 0.535490605427975 0.016233766233766232 0.018789144050104383 0.013914656771799629
0 0.5404488517745303 0.02458256029684601 0.009916492693110648 0.012059369202226345
0 0.5566283924843424 0.02504638218923933 0.02244258872651357 0.014842300556586271
0 0.5561064718162839 0.017161410018552876 0.02035490605427975 0.013914656771799629
0 0.5391440501043842 0.01437847866419295 0.017745302713987474 0.012059369202226345
0 0.9501565762004175 0.5435992578849722 0.048538622129436326 0.07977736549165121
0 0.805062630480167 0.1391465677179963 0.01826722338204593 0.025974025974025976
1 0.8340292275574113 0.2077922077922078 0.060542797494780795 0.09276437847866419
0 0.7867954070981211 0.19526901669758812 0.02348643006263048 0.032467532467532464
3 0.7515657620041754 0.1062152133580705 0.019832985386221295 0.02504638218923933
0 0.6693632567849687 0.2945269016697588 0.043319415448851775 0.036178107606679034
1 0.7760960334029228 0.21846011131725418 0.06471816283924843 0.10296846011131726
1 0.6745824634655533 0.03339517625231911 0.029749478079331943 0.06307977736549165
0 0.6962421711899791 0.02736549165120594 0.011482254697286013 0.017625231910946195
0 0.7293841336116911 0.03153988868274583 0.02035490605427975 0.016697588126159554
0 0.7677453027139874 0.013914656771799629 0.016701461377870562 0.014842300556586271
0 0.7640918580375783 0.00927643784786642 0.018789144050104383 0.012987012987012988
3 0.7601774530271399 0.006493506493506494 0.015135699373695199 0.012987012987012988
