3 0.43241127348643005 0.7328385899814471 0.0255741127348643 0.07977736549165121
3 0.8181106471816284 0.887291280148423 0.055845511482254695 0.05473098330241188
3 0.6189979123173278 0.3654916512059369 0.013569937369519834 0.029684601113172542
3 0.6403966597077244 0.3432282003710575 0.025052192066805846 0.03153988868274583
0 0.47494780793319413 0.3232838589981447 0.013569937369519834 0.026901669758812616
0 0.4692066805845512 0.2694805194805195 0.012526096033402923 0.030612244897959183
0 0.502348643006263 0.2277365491651206 0.012004175365344467 0.026901669758812616
0 0.5161795407098121 0.21985157699443414 0.010438413361169102 0.01855287569573284
0 0.5127870563674322 0.14239332096474955 0.008872651356993737 0.01948051948051948
0 0.5112212943632568 0.09925788497217068 0.006784968684759917 0.012987012987012988
0 0.5044363256784968 0.06215213358070501 0.007828810020876827 0.016697588126159554
0 0.5117432150313153 0.05241187384044527 0.006784968684759917 0.012059369202226345
0 0.7974947807933194 0.8418367346938775 0.060542797494780795 0.05473098330241188
0 0.7058977035490606 0.7435064935064936 0.029749478079331943 0.06586270871985157
0 0.6471816283924844 0.6080705009276438 0.024008350730688934 0.05287569573283859
0 0.7272964509394572 0.6210575139146568 0.048538622129436326 0.039888682745825604
0 0.7220772442588727 0.5987940630797773 0.048538622129436326 0.032467532467532464
0 0.6965031315240083 0.5269016697588126 0.04018789144050104 0.04081632653061224
0 0.7424321503131524 0.5264378478664193 0.04540709812108559 0.036178107606679034
0 0.8201983298538622 0.9833024118738405 0.07463465553235908 0.03153988868274583
2 0.5715031315240083 0.39285714285714285 0.026096033402922755 0.08812615955473098
2 0.4344989561586639 0.323747680890538 0.019311064718162838 0.07606679035250463
0 0.579070981210856 0.17161410018552875 0.009916492693110648 0.016697588126159554
3 0.5748956158663883 0.15306122448979592 0.008872651356993737 0.016697588126159554
0 0.5720250521920668 0.1461038961038961 0.009394572025052192 0.013914656771799629
0 0.5657620041753654 0.11734693877551021 0.008350730688935281 0.013914656771799629
0 0.56419624217119 0.10807050092764378 0.011482254697286013 0.01020408163265306
3 0.5621085594989561 0.09925788497217068 0.007306889352818371 0.011131725417439703
0 0.5067849686847599 0.026437847866419294 0.005219206680584551 0.008348794063079777
