0 0.6778571428571428 0.7095238095238096 0.05 0.03428571428571429
0 0.32071428571428573 0.4895238095238095 0.02142857142857143 0.0419047619047619
0 0.445 0.7885714285714286 0.04285714285714286 0.06285714285714286
3 0.575 0.8428571428571429 0.07 0.05714285714285714
3 0.5057142857142857 0.9204761904761904 0.06714285714285714 0.05238095238095238
3 0.6635714285714286 0.6614285714285715 0.04 0.040952380952380955
1 0.3467857142857143 0.9314285714285714 0.055 0.13523809523809524
0 0.39571428571428574 0.3314285714285714 0.015714285714285715 0.02095238095238095
0 0.3846428571428571 0.27095238095238094 0.013571428571428571 0.01619047619047619
0 0.15392857142857144 0.1919047619047619 0.010714285714285714 0.014285714285714285
0 0.5296428571428572 0.21714285714285714 0.009285714285714286 0.013333333333333334
0 0.8957142857142857 0.3171428571428571 0.012857142857142857 0.015238095238095238
