0 0.07642857142857143 0.7404761904761905 0.07857142857142857 0.13238095238095238
0 0.13107142857142856 0.5995238095238096 0.06785714285714285 0.12095238095238095
0 0.17392857142857143 0.4666666666666667 0.056428571428571425 0.10857142857142857
0 0.24357142857142858 0.37 0.05 0.08857142857142856
3 0.24785714285714286 0.2523809523809524 0.04428571428571428 0.06476190476190476
3 0.29285714285714287 0.10571428571428572 0.032857142857142856 0.06095238095238095
0 0.2757142857142857 0.18 0.04857142857142857 0.06666666666666667
0 0.535 0.5276190476190477 0.041428571428571426 0.11238095238095239
0 0.4739285714285714 0.49666666666666665 0.035 0.06380952380952382
0 0.41892857142857143 0.5252380952380953 0.04071428571428572 0.08476190476190476
0 0.49392857142857144 0.7438095238095238 0.105 0.06857142857142857
0 0.6271428571428571 0.7804761904761904 0.10285714285714286 0.08285714285714285
3 0.5075 0.29095238095238096 0.03642857142857143 0.08476190476190476
0 0.46214285714285713 0.1376190476190476 0.02857142857142857 0.054285714285714284
0 0.4735714285714286 0.08523809523809524 0.027142857142857142 0.04857142857142857
0 0.5475 0.12142857142857143 0.03357142857142857 0.054285714285714284
3 0.5778571428571428 0.0838095238095238 0.05 0.04380952380952381
0 0.5714285714285714 0.06380952380952382 0.05714285714285714 0.04
3 0.32071428571428573 0.02761904761904762 0.03428571428571429 0.05523809523809524
0 0.3289285714285714 0.08 0.03357142857142857 0.05142857142857143
0 0.9589285714285715 0.7966666666666666 0.08214285714285714 0.07142857142857142
