0 0.27925 0.5873333333333334 0.0415 0.068
0 0.412 0.7016666666666667 0.088 0.082
0 0.3525 0.5846666666666667 0.052 0.08133333333333333
0 0.31325 0.43166666666666664 0.0335 0.042
0 0.2915 0.34833333333333333 0.021 0.04066666666666666
0 0.1515 0.334 0.039 0.02266666666666667
0 0.05125 0.3466666666666667 0.0365 0.029333333333333333
0 0.0295 0.38766666666666666 0.059 0.034
1 0.2185 0.19233333333333333 0.014 0.027333333333333334
3 0.38425 0.371 0.0345 0.035333333333333335
0 0.79175 0.6693333333333333 0.0845 0.06933333333333333
0 0.91925 0.6126666666666667 0.0755 0.072
