0 0.03535714285714286 0.014593908629441625 0.025 0.02918781725888325
0 0.09714285714285714 0.03807106598984772 0.022857142857142857 0.027918781725888325
0 0.11 0.025380710659898477 0.024285714285714285 0.030456852791878174
0 0.1175 0.011421319796954314 0.025 0.02284263959390863
2 0.13785714285714284 0.08185279187817258 0.05714285714285714 0.10279187817258884
0 0.23357142857142857 0.2036802030456853 0.022857142857142857 0.04187817258883249
0 0.2621428571428571 0.141497461928934 0.02142857142857143 0.04187817258883249
3 0.29928571428571427 0.18274111675126903 0.022857142857142857 0.04060913705583756
3 0.36464285714285716 0.23413705583756345 0.023571428571428573 0.04187817258883249
0 0.37892857142857145 0.29949238578680204 0.017857142857142856 0.03807106598984772
0 0.36 0.34581218274111675 0.02142857142857143 0.04187817258883249
0 0.28035714285714286 0.22779187817258884 0.023571428571428573 0.03934010152284264
0 0.3507142857142857 0.274746192893401 0.02142857142857143 0.03426395939086294
0 0.3342857142857143 0.2652284263959391 0.02142857142857143 0.03807106598984772
0 0.3225 0.25444162436548223 0.02214285714285714 0.03934010152284264
0 0.29392857142857143 0.2398477157360406 0.023571428571428573 0.04314720812182741
0 0.30642857142857144 0.24809644670050762 0.024285714285714285 0.04187817258883249
0 0.3117857142857143 0.19606598984771573 0.023571428571428573 0.03934010152284264
0 0.32571428571428573 0.20558375634517767 0.02142857142857143 0.03807106598984772
0 0.3375 0.21383248730964466 0.019285714285714285 0.03426395939086294
0 0.35285714285714287 0.22144670050761422 0.02 0.03680203045685279
0 0.38107142857142856 0.24746192893401014 0.017857142857142856 0.03807106598984772
2 0.5625 0.07677664974619289 0.03642857142857143 0.046954314720812185
3 0.5725 0.1199238578680203 0.02642857142857143 0.03426395939086294
0 0.5546428571428571 0.17258883248730963 0.019285714285714285 0.04314720812182741
3 0.435 0.34454314720812185 0.022857142857142857 0.046954314720812185
3 0.4521428571428571 0.29885786802030456 0.02142857142857143 0.044416243654822336
0 0.40464285714285714 0.3293147208121827 0.019285714285714285 0.03934010152284264
0 0.41964285714285715 0.3369289340101523 0.020714285714285713 0.04187817258883249
0 0.39535714285714285 0.25571065989847713 0.020714285714285713 0.04187817258883249
0 0.40785714285714286 0.26776649746192893 0.018571428571428572 0.03553299492385787
0 0.41928571428571426 0.28426395939086296 0.02142857142857143 0.04314720812182741
0 0.43714285714285717 0.2906091370558376 0.02142857142857143 0.03807106598984772
0 0.36892857142857144 0.4232233502538071 0.019285714285714285 0.04187817258883249
0 0.4010714285714286 0.4384517766497462 0.023571428571428573 0.04187817258883249
3 0.3867857142857143 0.3769035532994924 0.019285714285714285 0.04060913705583756
3 0.37285714285714283 0.3623096446700508 0.02142857142857143 0.044416243654822336
0 0.4042857142857143 0.37753807106598986 0.02 0.03934010152284264
3 0.4907142857142857 0.5095177664974619 0.025714285714285714 0.05710659898477157
0 0.495 0.4581218274111675 0.025714285714285714 0.03553299492385787
0 0.5046428571428572 0.43908629441624364 0.020714285714285713 0.027918781725888325
0 0.5071428571428571 0.4130710659898477 0.024285714285714285 0.031725888324873094
0 0.5114285714285715 0.38388324873096447 0.025714285714285714 0.02918781725888325
0 0.5207142857142857 0.366751269035533 0.02857142857142857 0.03553299492385787
0 0.5353571428571429 0.3426395939086294 0.025 0.030456852791878174
0 0.5103571428571428 0.5215736040609137 0.02214285714285714 0.050761421319796954
0 0.5271428571428571 0.5279187817258884 0.02142857142857143 0.050761421319796954
0 0.5435714285714286 0.5399746192893401 0.02 0.04187817258883249
0 0.5596428571428571 0.5526649746192893 0.02214285714285714 0.046954314720812185
0 0.5725 0.5717005076142132 0.02214285714285714 0.04949238578680203
3 0.6425 0.6751269035532995 0.035 0.04568527918781726
0 0.6303571428571428 0.6161167512690355 0.023571428571428573 0.05456852791878172
0 0.6067857142857143 0.6053299492385786 0.020714285714285713 0.050761421319796954
0 0.5914285714285714 0.5793147208121827 0.018571428571428572 0.05203045685279188
2 0.7985714285714286 0.22271573604060912 0.07428571428571429 0.07741116751269035
1 0.9003571428571429 0.29314720812182743 0.05071428571428571 0.07106598984771574
1 0.9564285714285714 0.42576142131979694 0.03571428571428571 0.09263959390862944
0 0.9571428571428572 0.5190355329949239 0.018571428571428572 0.05583756345177665
0 0.9510714285714286 0.5881979695431472 0.023571428571428573 0.06218274111675127
0 0.9253571428571429 0.7588832487309645 0.02214285714285714 0.05583756345177665
3 0.9125 0.833756345177665 0.023571428571428573 0.06091370558375635
2 0.8985714285714286 0.9359137055837563 0.04857142857142857 0.12563451776649745
