0 0.8146428571428571 0.66 0.09928571428571428 0.13904761904761906
0 0.6978571428571428 0.2819047619047619 0.05142857142857143 0.047619047619047616
0 0.6007142857142858 0.32761904761904764 0.05142857142857143 0.06666666666666667
0 0.5407142857142857 0.1138095238095238 0.022857142857142857 0.025714285714285714
0 0.6039285714285715 0.1461904761904762 0.027857142857142858 0.02761904761904762
0 0.44035714285714284 0.07333333333333333 0.017857142857142856 0.024761904761904763
0 0.395 0.0380952380952381 0.015714285714285715 0.01904761904761905
0 0.4782142857142857 0.02238095238095238 0.015 0.018095238095238095
0 0.5403571428571429 0.08333333333333333 0.025 0.025714285714285714
3 0.4614285714285714 0.25857142857142856 0.03571428571428571 0.06190476190476191
3 0.4614285714285714 0.6961904761904761 0.09857142857142857 0.1295238095238095
0 0.39571428571428574 0.3952380952380952 0.09 0.05333333333333334
0 0.3682142857142857 0.24095238095238095 0.027857142857142858 0.05333333333333334
0 0.18178571428571427 0.15523809523809523 0.05785714285714286 0.024761904761904763
0 0.1725 0.19714285714285715 0.06642857142857143 0.03238095238095238
0 0.20142857142857143 0.08238095238095237 0.04428571428571428 0.02761904761904762
0 0.21107142857142858 0.05285714285714286 0.039285714285714285 0.023809523809523808
0 0.21964285714285714 0.028095238095238097 0.04071428571428572 0.02
0 0.9357142857142857 0.31761904761904763 0.055714285714285716 0.04857142857142857
0 0.8410714285714286 0.27095238095238094 0.04928571428571429 0.040952380952380955
0 0.8914285714285715 0.27666666666666667 0.05142857142857143 0.04285714285714286
0 0.9457142857142857 0.2580952380952381 0.055714285714285716 0.047619047619047616
0 0.395 0.47619047619047616 0.09857142857142857 0.06285714285714286
0 0.3603571428571429 0.3676190476190476 0.07642857142857143 0.049523809523809526
0 0.3678571428571429 0.31952380952380954 0.03428571428571429 0.06
0 0.2725 0.2580952380952381 0.030714285714285715 0.047619047619047616
0 0.3275 0.2642857142857143 0.030714285714285715 0.058095238095238096
0 0.2692857142857143 0.30238095238095236 0.03142857142857143 0.058095238095238096
0 0.32321428571428573 0.22333333333333333 0.029285714285714286 0.039047619047619046
0 0.3196428571428571 0.1880952380952381 0.027857142857142858 0.04476190476190476
0 0.275 0.22666666666666666 0.03 0.04380952380952381
0 0.27214285714285713 0.16476190476190475 0.02142857142857143 0.030476190476190476
3 0.2667857142857143 0.18904761904761905 0.02214285714285714 0.037142857142857144
0 0.16285714285714287 0.2757142857142857 0.07 0.04476190476190476
0 0.14714285714285713 0.24904761904761905 0.07 0.039047619047619046
0 0.15571428571428572 0.22904761904761906 0.06428571428571428 0.035238095238095235
0 0.17035714285714285 0.18428571428571427 0.06357142857142857 0.03142857142857143
0 0.18178571428571427 0.1419047619047619 0.055 0.030476190476190476
0 0.18285714285714286 0.13142857142857142 0.055714285714285716 0.030476190476190476
0 0.19071428571428573 0.12380952380952381 0.055714285714285716 0.030476190476190476
0 0.19392857142857142 0.10333333333333333 0.047857142857142855 0.023809523809523808
0 0.2017857142857143 0.07857142857142857 0.04214285714285714 0.023809523809523808
0 0.22107142857142856 0.02666666666666667 0.04214285714285714 0.024761904761904763
0 0.7989285714285714 0.23523809523809525 0.04642857142857143 0.04380952380952381
0 0.8467857142857143 0.2338095238095238 0.04928571428571429 0.04476190476190476
0 0.9764285714285714 0.25476190476190474 0.04428571428571428 0.05047619047619047
0 0.9189285714285714 0.22904761904761906 0.04928571428571429 0.029523809523809525
3 0.9042857142857142 0.2123809523809524 0.06428571428571428 0.03619047619047619
0 0.8757142857142857 0.19904761904761906 0.047142857142857146 0.02857142857142857
0 0.8228571428571428 0.16666666666666666 0.04285714285714286 0.03619047619047619
