0 0.37275 0.048 0.0115 0.016
0 0.3645 0.08166666666666667 0.015 0.024666666666666667
1 0.391 0.11566666666666667 0.02 0.04466666666666667
0 0.4395 0.006 0.011 0.012
0 0.44075 0.016666666666666666 0.0085 0.010666666666666666
0 0.437 0.026 0.01 0.013333333333333334
0 0.43625 0.039 0.0085 0.012666666666666666
0 0.4365 0.059666666666666666 0.011 0.016666666666666666
3 0.4425 0.09466666666666666 0.012 0.025333333333333333
0 0.423 0.11066666666666666 0.015 0.02266666666666667
0 0.4205 0.13733333333333334 0.014 0.021333333333333333
0 0.4485 0.118 0.021 0.021333333333333333
0 0.549 0.056666666666666664 0.026 0.014666666666666666
0 0.524 0.10966666666666666 0.014 0.022
0 0.593 0.11533333333333333 0.033 0.02266666666666667
0 0.47775 0.135 0.0155 0.019333333333333334
0 0.47825 0.09866666666666667 0.0145 0.024
0 0.47725 0.08133333333333333 0.0125 0.017333333333333333
0 0.4565 0.14 0.016 0.024
0 0.462 0.166 0.018 0.025333333333333333
0 0.4825 0.17366666666666666 0.02 0.027333333333333334
0 0.48625 0.19966666666666666 0.0185 0.023333333333333334
0 0.4635 0.20566666666666666 0.019 0.026
3 0.487 0.24 0.02 0.04533333333333334
0 0.4645 0.242 0.022 0.030666666666666665
0 0.46625 0.27366666666666667 0.0235 0.03666666666666667
1 0.49625 0.29033333333333333 0.0265 0.06066666666666667
0 0.41675 0.2773333333333333 0.0225 0.034666666666666665
0 0.44175 0.272 0.0215 0.032
3 0.4455 0.30666666666666664 0.026 0.058666666666666666
0 0.418 0.31466666666666665 0.025 0.04933333333333333
0 0.40375 0.3526666666666667 0.0485 0.036
0 0.3995 0.38366666666666666 0.052 0.04466666666666667
0 0.394 0.5193333333333333 0.036 0.084
0 0.37925 0.6256666666666667 0.0775 0.09266666666666666
0 0.38675 0.912 0.0585 0.176
3 0.522 0.7536666666666667 0.043 0.12066666666666667
0 0.45825 0.6783333333333333 0.0465 0.10866666666666666
0 0.49975 0.6053333333333333 0.0395 0.1
0 0.4955 0.5173333333333333 0.032 0.068
0 0.44225 0.562 0.0395 0.08
0 0.43675 0.4633333333333333 0.0295 0.064
0 0.482 0.446 0.051 0.064
3 0.572 0.506 0.034 0.07866666666666666
0 0.45675 0.391 0.0355 0.05
1 0.5295 0.2936666666666667 0.023 0.05533333333333333
0 0.5515 0.36733333333333335 0.059 0.034666666666666665
0 0.54175 0.4023333333333333 0.0625 0.043333333333333335
1 0.6045 0.33666666666666667 0.062 0.028
0 0.628 0.38466666666666666 0.051 0.03333333333333333
1 0.754 0.316 0.079 0.06133333333333333
3 0.75675 0.4226666666666667 0.0615 0.052
1 0.7345 0.43866666666666665 0.088 0.08933333333333333
