3 0.7690501043841336 0.87847866419295 0.06210855949895616 0.10575139146567718
0 0.6542275574112735 0.7156771799628943 0.0360125260960334 0.075139146567718
0 0.6792797494780793 0.6952690166975881 0.03392484342379958 0.06957328385899815
0 0.6941544885177453 0.661873840445269 0.04175365344467641 0.08441558441558442
0 0.7507828810020877 0.6266233766233766 0.03914405010438413 0.07328385899814471
0 0.7727035490605428 0.5983302411873841 0.030793319415448852 0.07050092764378478
0 0.7956680584551148 0.5783858998144712 0.043319415448851775 0.07699443413729128
0 0.8559498956158664 0.5338589981447124 0.04175365344467641 0.07699443413729128
0 0.8763048016701461 0.5064935064935064 0.04279749478079332 0.07606679035250463
0 0.9906054279749478 0.48608534322820035 0.017745302713987474 0.0575139146567718
0 0.8316805845511482 0.3079777365491651 0.02348643006263048 0.05380333951762523
0 0.9279749478079332 0.7045454545454546 0.0511482254697286 0.07884972170686456
0 0.9676409185803758 0.6730055658627088 0.031315240083507306 0.08070500927643785
0 0.5490605427974948 0.647495361781076 0.049060542797494784 0.07050092764378478
0 0.5302713987473904 0.6136363636363636 0.04384133611691023 0.06586270871985157
0 0.46529227557411273 0.5051020408163265 0.044363256784968684 0.06957328385899815
0 0.41597077244258873 0.41836734693877553 0.04279749478079332 0.06307977736549165
0 0.36351774530271397 0.3334879406307978 0.043319415448851775 0.05473098330241188
0 0.34707724425887265 0.2852504638218924 0.04279749478079332 0.05287569573283859
0 0.33194154488517746 0.2634508348794063 0.04384133611691023 0.05009276437847866
0 0.28575156576200417 0.20269016697588127 0.02139874739039666 0.05102040816326531
2 0.08846555323590814 0.07560296846011132 0.08820459290187892 0.08256029684601113
1 0.15709812108559498 0.039888682745825604 0.04592901878914405 0.055658627087198514
1 0.19545929018789143 0.01855287569573284 0.03914405010438413 0.03710575139146568
0 0.21372651356993738 0.11920222634508348 0.03496868475991649 0.039888682745825604
0 0.046711899791231734 0.7282003710575139 0.037056367432150315 0.03710575139146568
0 0.08663883089770355 0.8664192949907236 0.054279749478079335 0.05009276437847866
