0 0.2725 0.75 0.04357142857142857 0.07333333333333333
0 0.5910714285714286 0.25142857142857145 0.009285714285714286 0.013333333333333334
2 0.4635714285714286 0.27285714285714285 0.04285714285714286 0.04285714285714286
3 0.5003571428571428 0.24428571428571427 0.016428571428571428 0.01619047619047619
0 0.5510714285714285 0.1657142857142857 0.0064285714285714285 0.007619047619047619
0 0.5325 0.12857142857142856 0.005 0.005714285714285714
0 0.6535714285714286 0.25476190476190474 0.017142857142857144 0.010476190476190476
1 0.5664285714285714 0.1719047619047619 0.01 0.023809523809523808
0 0.5821428571428572 0.11666666666666667 0.01 0.006666666666666667
3 0.5814285714285714 0.11285714285714285 0.011428571428571429 0.006666666666666667
0 0.6017857142857143 0.10714285714285714 0.010714285714285714 0.006666666666666667
3 0.6182142857142857 0.11333333333333333 0.010714285714285714 0.007619047619047619
3 0.5960714285714286 0.09285714285714286 0.005 0.004761904761904762
0 0.5889285714285715 0.09428571428571429 0.0064285714285714285 0.005714285714285714
1 0.5717857142857142 0.09380952380952381 0.009285714285714286 0.006666666666666667
3 0.4467857142857143 0.1419047619047619 0.0064285714285714285 0.009523809523809525
3 0.5096428571428572 0.08190476190476191 0.0035714285714285713 0.005714285714285714
1 0.5146428571428572 0.08523809523809524 0.0064285714285714285 0.010476190476190476
0 0.6378571428571429 0.29714285714285715 0.015714285714285715 0.015238095238095238
0 0.2042857142857143 0.18047619047619048 0.014285714285714285 0.008571428571428572
3 0.205 0.1761904761904762 0.014285714285714285 0.009523809523809525
0 0.165 0.20809523809523808 0.015714285714285715 0.010476190476190476
