0 0.435 0.061548223350253804 0.012857142857142857 0.05456852791878172
0 0.40285714285714286 0.09898477157360407 0.014285714285714285 0.0583756345177665
0 0.4328571428571429 0.19543147208121828 0.014285714285714285 0.050761421319796954
0 0.42928571428571427 0.26078680203045684 0.012857142857142857 0.05456852791878172
2 0.39535714285714285 0.3769035532994924 0.016428571428571428 0.07614213197969544
0 0.3889285714285714 0.4473350253807107 0.015 0.05964467005076142
0 0.4157142857142857 0.7125634517766497 0.02857142857142857 0.024111675126903553
0 0.4210714285714286 0.75 0.030714285714285715 0.025380710659898477
0 0.46714285714285714 0.7125634517766497 0.032857142857142856 0.0266497461928934
3 0.5239285714285714 0.7131979695431472 0.03357142857142857 0.02284263959390863
0 0.5842857142857143 0.7157360406091371 0.03 0.025380710659898477
0 0.6610714285714285 0.7112944162436549 0.03357142857142857 0.02918781725888325
0 0.6671428571428571 0.7506345177664975 0.03571428571428571 0.0266497461928934
1 0.30214285714285716 0.8984771573604061 0.03 0.1319796954314721
0 0.2978571428571429 0.9828680203045685 0.012857142857142857 0.031725888324873094
0 0.78 0.7265228426395939 0.037142857142857144 0.02918781725888325
0 0.8510714285714286 0.7195431472081218 0.039285714285714285 0.027918781725888325
1 0.8589285714285714 0.7633248730964467 0.065 0.03934010152284264
1 0.9510714285714286 0.7658629441624365 0.062142857142857146 0.04949238578680203
3 0.9778571428571429 0.7163705583756346 0.04 0.03426395939086294
