0 0.4265 0.086 0.041 0.08933333333333333
0 0.43075 0.18433333333333332 0.0285 0.08333333333333333
3 0.43375 0.27066666666666667 0.0235 0.06533333333333333
3 0.43675 0.3636666666666667 0.0295 0.07933333333333334
0 0.44425 0.4756666666666667 0.0305 0.08333333333333333
0 0.448 0.5786666666666667 0.026 0.08
0 0.454 0.6896666666666667 0.027 0.082
0 0.4615 0.7883333333333333 0.028 0.08466666666666667
0 0.465 0.9026666666666666 0.029 0.09333333333333334
0 0.467 0.9793333333333333 0.025 0.03866666666666667
0 0.509 0.03 0.028 0.06
0 0.54725 0.032 0.0275 0.06266666666666666
0 0.5325 0.272 0.029 0.08666666666666667
0 0.53175 0.488 0.0275 0.08133333333333333
0 0.54075 0.5953333333333334 0.0285 0.08133333333333333
0 0.544 0.7046666666666667 0.027 0.088
3 0.551 0.8083333333333333 0.027 0.08066666666666666
3 0.55925 0.895 0.0265 0.07133333333333333
0 0.55875 0.9793333333333333 0.0265 0.04
3 0.78625 0.4076666666666667 0.0525 0.062
0 0.694 0.7453333333333333 0.067 0.042666666666666665
