0 0.9425 0.91 0.10785714285714286 0.18
0 0.845 0.18857142857142858 0.09142857142857143 0.09523809523809523
3 0.7146428571428571 0.2519047619047619 0.10928571428571429 0.19333333333333333
0 0.07571428571428572 0.6680952380952381 0.14857142857142858 0.2619047619047619
0 0.14392857142857143 0.741904761904762 0.24214285714285713 0.21333333333333335
0 0.4664285714285714 0.19285714285714287 0.06571428571428571 0.13047619047619047
0 0.5582142857142857 0.09952380952380953 0.07928571428571428 0.1361904761904762
0 0.22214285714285714 0.3076190476190476 0.16714285714285715 0.10285714285714286
0 0.2367857142857143 0.22 0.15357142857142858 0.08571428571428572
0 0.23285714285714285 0.15666666666666668 0.13857142857142857 0.07904761904761905
0 0.23142857142857143 0.10904761904761905 0.1457142857142857 0.08476190476190476
0 0.25642857142857145 0.05333333333333334 0.12428571428571429 0.0761904761904762
0 0.235 0.024761904761904763 0.10714285714285714 0.049523809523809526
