2 0.6603571428571429 0.5647619047619048 0.03642857142857143 0.14857142857142858
3 0.7825 0.44 0.030714285714285715 0.03619047619047619
0 0.7792857142857142 0.4114285714285714 0.037142857142857144 0.0380952380952381
0 0.775 0.38142857142857145 0.037142857142857144 0.039047619047619046
0 0.7739285714285714 0.3461904761904762 0.03357142857142857 0.04285714285714286
3 0.7678571428571429 0.30142857142857143 0.03428571428571429 0.05238095238095238
0 0.8142857142857143 0.1895238095238095 0.022857142857142857 0.05904761904761905
0 0.7721428571428571 0.21571428571428572 0.03428571428571429 0.035238095238095235
0 0.7760714285714285 0.18476190476190477 0.03785714285714286 0.03619047619047619
0 0.77 0.15523809523809523 0.03 0.03238095238095238
3 0.8571428571428571 0.08476190476190476 0.037142857142857144 0.03238095238095238
0 0.8489285714285715 0.05952380952380952 0.04214285714285714 0.02761904761904762
0 0.6039285714285715 0.17714285714285713 0.04071428571428572 0.05523809523809524
0 0.7664285714285715 0.018095238095238095 0.022857142857142857 0.03619047619047619
0 0.5357142857142857 0.23238095238095238 0.04428571428571428 0.03619047619047619
1 0.42928571428571427 0.2652380952380952 0.06428571428571428 0.07142857142857142
0 0.4125 0.47523809523809524 0.04642857142857143 0.030476190476190476
0 0.41035714285714286 0.51 0.04928571428571429 0.035238095238095235
0 0.40535714285714286 0.540952380952381 0.04642857142857143 0.03619047619047619
3 0.51 0.4461904761904762 0.022857142857142857 0.058095238095238096
3 0.5071428571428571 0.5085714285714286 0.022857142857142857 0.05142857142857143
0 0.4067857142857143 0.5795238095238096 0.052142857142857144 0.03333333333333333
