2 0.05821428571428571 0.6713197969543148 0.115 0.19289340101522842
2 0.25357142857142856 0.5304568527918782 0.13714285714285715 0.1446700507614213
2 0.4257142857142857 0.4130710659898477 0.10571428571428572 0.11548223350253807
2 0.5653571428571429 0.34073604060913704 0.125 0.14593908629441624
2 0.6417857142857143 0.25380710659898476 0.09928571428571428 0.10913705583756345
2 0.7817857142857143 0.1732233502538071 0.06785714285714285 0.08756345177664974
0 0.5475 0.43908629441624364 0.055 0.06091370558375635
3 0.7510714285714286 0.2633248730964467 0.03642857142857143 0.04949238578680203
0 0.7364285714285714 0.21890862944162437 0.03142857142857143 0.03426395939086294
0 0.7025 0.2366751269035533 0.03214285714285714 0.03680203045685279
3 0.12678571428571428 0.258248730964467 0.020714285714285713 0.046954314720812185
0 0.12285714285714286 0.3013959390862944 0.022857142857142857 0.04949238578680203
0 0.10892857142857143 0.14276649746192893 0.027857142857142858 0.03426395939086294
3 0.12571428571428572 0.16624365482233502 0.02 0.04568527918781726
3 0.13142857142857142 0.2036802030456853 0.018571428571428572 0.05203045685279188
1 0.06357142857142857 0.06091370558375635 0.024285714285714285 0.04314720812182741
1 0.047142857142857146 0.031091370558375634 0.027142857142857142 0.03680203045685279
0 0.08392857142857142 0.08629441624365482 0.03642857142857143 0.027918781725888325
