0 0.6957142857142857 0.6295238095238095 0.032857142857142856 0.05523809523809524
0 0.7746428571428572 0.7357142857142858 0.045 0.07904761904761905
0 0.6907142857142857 0.5095238095238095 0.027142857142857142 0.03428571428571429
0 0.6507142857142857 0.4661904761904762 0.02142857142857143 0.029523809523809525
0 0.6717857142857143 0.4419047619047619 0.017857142857142856 0.024761904761904763
0 0.7178571428571429 0.39666666666666667 0.03 0.021904761904761906
0 0.6446428571428572 0.3738095238095238 0.029285714285714286 0.018095238095238095
0 0.5260714285714285 0.3423809523809524 0.025 0.01619047619047619
0 0.5682142857142857 0.3357142857142857 0.020714285714285713 0.01619047619047619
0 0.5914285714285714 0.30666666666666664 0.015714285714285715 0.015238095238095238
0 0.5439285714285714 0.30333333333333334 0.012142857142857143 0.018095238095238095
0 0.5285714285714286 0.30333333333333334 0.012857142857142857 0.02
0 0.5582142857142857 0.29523809523809524 0.010714285714285714 0.015238095238095238
0 0.5285714285714286 0.2795238095238095 0.011428571428571429 0.014285714285714285
0 0.5228571428571429 0.2680952380952381 0.011428571428571429 0.014285714285714285
2 0.5621428571428572 0.2733333333333333 0.027142857142857142 0.03619047619047619
0 0.7364285714285714 0.3638095238095238 0.02857142857142857 0.01904761904761905
0 0.7571428571428571 0.3557142857142857 0.03 0.01619047619047619
0 0.7160714285714286 0.3233333333333333 0.025 0.01619047619047619
0 0.7332142857142857 0.3223809523809524 0.016428571428571428 0.018095238095238095
0 0.7610714285714286 0.32666666666666666 0.02642857142857143 0.013333333333333334
0 0.7592857142857142 0.3238095238095238 0.025714285714285714 0.015238095238095238
0 0.7560714285714286 0.31857142857142856 0.020714285714285713 0.014285714285714285
0 0.8110714285714286 0.31666666666666665 0.02642857142857143 0.01619047619047619
0 0.8167857142857143 0.32095238095238093 0.027857142857142858 0.013333333333333334
0 0.8210714285714286 0.3271428571428571 0.027857142857142858 0.014285714285714285
0 0.8557142857142858 0.3638095238095238 0.03142857142857143 0.015238095238095238
2 0.9771428571428571 0.36 0.045714285714285714 0.03238095238095238
