1 0.15225 0.926 0.2125 0.148
0 0.58775 0.8836666666666667 0.0935 0.23266666666666666
0 0.75075 0.9696666666666667 0.1045 0.06066666666666667
1 0.42325 0.6746666666666666 0.0885 0.21866666666666668
1 0.69575 0.5146666666666667 0.1295 0.13333333333333333
3 0.62425 0.4583333333333333 0.0515 0.09266666666666666
1 0.4535 0.504 0.054 0.10933333333333334
3 0.4305 0.322 0.079 0.04933333333333333
1 0.578 0.30633333333333335 0.033 0.06866666666666667
0 0.4815 0.29 0.027 0.042666666666666665
1 0.45975 0.25566666666666665 0.0605 0.03666666666666667
0 0.43725 0.229 0.0255 0.03133333333333333
0 0.48675 0.201 0.0195 0.024666666666666667
0 0.48875 0.18633333333333332 0.0185 0.023333333333333334
0 0.51625 0.13333333333333333 0.0125 0.016
0 0.52 0.12 0.019 0.013333333333333334
0 0.50975 0.10733333333333334 0.0105 0.012
0 0.49825 0.106 0.0095 0.009333333333333334
0 0.52075 0.09766666666666667 0.0075 0.008666666666666666
0 0.506 0.09566666666666666 0.007 0.011333333333333334
1 0.51625 0.09 0.0075 0.010666666666666666
0 0.51075 0.07666666666666666 0.0055 0.006666666666666667
0 0.524 0.084 0.005 0.010666666666666666
0 0.51925 0.07733333333333334 0.0045 0.005333333333333333
0 0.5105 0.06933333333333333 0.005 0.005333333333333333
0 0.5195 0.07066666666666667 0.005 0.004
0 0.513 0.06566666666666666 0.003 0.002
0 0.5175 0.06 0.004 0.004
0 0.51 0.05466666666666667 0.004 0.004
0 0.5035 0.06466666666666666 0.005 0.006666666666666667
0 0.547 0.18033333333333335 0.023 0.020666666666666667
0 0.4235 0.11866666666666667 0.02 0.009333333333333334
0 0.44325 0.11333333333333333 0.0205 0.009333333333333334
3 0.46475 0.12166666666666667 0.0235 0.012666666666666666
3 0.457 0.117 0.023 0.012666666666666666
3 0.46275 0.13766666666666666 0.0105 0.020666666666666667
