0 0.41464285714285715 0.5166666666666667 0.030714285714285715 0.04476190476190476
0 0.4539285714285714 0.44142857142857145 0.019285714285714285 0.03142857142857143
0 0.4714285714285714 0.3961904761904762 0.017142857142857144 0.02666666666666667
0 0.515 0.2180952380952381 0.008571428571428572 0.009523809523809525
0 0.51 0.20095238095238097 0.007142857142857143 0.009523809523809525
0 0.5017857142857143 0.1880952380952381 0.007857142857142858 0.010476190476190476
0 0.5032142857142857 0.17142857142857143 0.0064285714285714285 0.007619047619047619
0 0.5078571428571429 0.1419047619047619 0.007142857142857143 0.007619047619047619
0 0.49607142857142855 0.12 0.005 0.005714285714285714
0 0.4875 0.1061904761904762 0.005 0.006666666666666667
