0 0.04325 0.466 0.0865 0.064
0 0.11375 0.405 0.0705 0.05
0 0.17425 0.3536666666666667 0.0595 0.043333333333333335
1 0.19175 0.235 0.0475 0.048666666666666664
1 0.1415 0.23233333333333334 0.052 0.034
3 0.25125 0.211 0.0305 0.023333333333333334
1 0.28 0.11833333333333333 0.019 0.020666666666666667
1 0.3445 0.08666666666666667 0.017 0.012
1 0.39975 0.11633333333333333 0.0365 0.035333333333333335
3 0.4345 0.08533333333333333 0.016 0.013333333333333334
3 0.44325 0.08266666666666667 0.0125 0.009333333333333334
0 0.373 0.29633333333333334 0.05 0.027333333333333334
0 0.44825 0.239 0.0435 0.024666666666666667
0 0.6335 0.21333333333333335 0.042 0.021333333333333333
0 0.62975 0.19566666666666666 0.0375 0.019333333333333334
3 0.5345 0.205 0.038 0.023333333333333334
0 0.5415 0.19466666666666665 0.038 0.02
0 0.54625 0.17933333333333334 0.0335 0.017333333333333333
0 0.55525 0.15766666666666668 0.0325 0.015333333333333332
3 0.5585 0.14866666666666667 0.028 0.016
0 0.55825 0.14033333333333334 0.0275 0.014
0 0.56425 0.122 0.0245 0.012
3 0.571 0.11 0.01 0.014666666666666666
0 0.5755 0.08833333333333333 0.014 0.008666666666666666
0 0.58025 0.07466666666666667 0.0145 0.006666666666666667
3 0.62775 0.16966666666666666 0.0345 0.020666666666666667
0 0.6185 0.153 0.029 0.016666666666666666
3 0.6245 0.14566666666666667 0.03 0.016666666666666666
0 0.62375 0.14233333333333334 0.0265 0.015333333333333332
0 0.6225 0.132 0.025 0.013333333333333334
3 0.621 0.12166666666666667 0.026 0.014
0 0.62125 0.11633333333333333 0.0225 0.011333333333333334
0 0.6205 0.10666666666666667 0.021 0.010666666666666666
0 0.62 0.10166666666666667 0.02 0.011333333333333334
0 0.61775 0.097 0.0195 0.01
0 0.61825 0.09166666666666666 0.0175 0.008666666666666666
0 0.62 0.09 0.018 0.008
0 0.61825 0.088 0.0185 0.009333333333333334
0 0.61325 0.07866666666666666 0.0155 0.008
0 0.6135 0.077 0.014 0.008666666666666666
0 0.61075 0.073 0.0145 0.007333333333333333
0 0.6125 0.07233333333333333 0.013 0.007333333333333333
3 0.608 0.07033333333333333 0.013 0.008666666666666666
0 0.60425 0.06766666666666667 0.0125 0.006
0 0.6025 0.06566666666666666 0.011 0.006
0 0.63125 0.07666666666666666 0.0085 0.008
3 0.6065 0.05633333333333333 0.01 0.008666666666666666
0 0.5785 0.06933333333333333 0.012 0.008
3 0.59175 0.058333333333333334 0.0095 0.006
3 0.59175 0.057 0.0115 0.006
0 0.585 0.05466666666666667 0.01 0.005333333333333333
0 0.584 0.05333333333333334 0.01 0.005333333333333333
0 0.57 0.062 0.011 0.005333333333333333
0 0.5505 0.047 0.009 0.004666666666666667
3 0.51225 0.06333333333333334 0.0055 0.008
3 0.50975 0.055 0.0035 0.006
0 0.496 0.04566666666666667 0.006 0.004666666666666667
0 0.5035 0.04666666666666667 0.007 0.004
0 0.5095 0.04666666666666667 0.007 0.005333333333333333
0 0.69075 0.23366666666666666 0.0325 0.027333333333333334
3 0.71475 0.242 0.0365 0.028
0 0.71775 0.32 0.0545 0.03866666666666667
3 0.77425 0.261 0.0435 0.035333333333333335
0 0.80875 0.273 0.0455 0.03
0 0.84175 0.2823333333333333 0.0385 0.03
0 0.8785 0.30633333333333335 0.032 0.035333333333333335
3 0.92025 0.306 0.0355 0.036
3 0.973 0.315 0.026 0.03666666666666667
0 0.3675 0.22533333333333333 0.025 0.024
0 0.444 0.097 0.01 0.01
