0 0.6257142857142857 0.11142857142857143 0.03428571428571429 0.02666666666666667
0 0.625 0.1361904761904762 0.03142857142857143 0.022857142857142857
3 0.6228571428571429 0.1523809523809524 0.03428571428571429 0.022857142857142857
0 0.6257142857142857 0.1761904761904762 0.03571428571428571 0.024761904761904763
3 0.6235714285714286 0.22714285714285715 0.037142857142857144 0.025714285714285714
0 0.6242857142857143 0.25047619047619046 0.04285714285714286 0.022857142857142857
0 0.6246428571428572 0.27476190476190476 0.039285714285714285 0.025714285714285714
0 0.6296428571428572 0.30142857142857143 0.04214285714285714 0.023809523809523808
1 0.6242857142857143 0.3223809523809524 0.045714285714285714 0.02761904761904762
0 0.19714285714285715 0.29285714285714287 0.041428571428571426 0.025714285714285714
0 0.19464285714285715 0.32285714285714284 0.04071428571428572 0.02666666666666667
1 0.12607142857142858 0.5290476190476191 0.03214285714285714 0.06380952380952382
0 0.2 0.5419047619047619 0.02857142857142857 0.05904761904761905
0 0.16464285714285715 0.6042857142857143 0.029285714285714286 0.06571428571428571
0 0.1382142857142857 0.6033333333333334 0.027857142857142858 0.058095238095238096
0 0.2507142857142857 0.55 0.024285714285714285 0.058095238095238096
0 0.2667857142857143 0.6085714285714285 0.027857142857142858 0.06095238095238095
3 0.295 0.6080952380952381 0.022857142857142857 0.06190476190476191
0 0.3221428571428571 0.6123809523809524 0.024285714285714285 0.06285714285714286
1 0.33214285714285713 0.5271428571428571 0.03142857142857143 0.09047619047619047
0 0.26607142857142857 0.7280952380952381 0.04928571428571429 0.029523809523809525
0 0.2617857142857143 0.7652380952380953 0.05357142857142857 0.03142857142857143
0 0.2571428571428571 0.8023809523809524 0.05285714285714286 0.02761904761904762
0 0.2546428571428571 0.8471428571428572 0.05071428571428571 0.03333333333333333
0 0.24464285714285713 0.8885714285714286 0.05785714285714286 0.03238095238095238
0 0.24285714285714285 0.9371428571428572 0.054285714285714284 0.03428571428571429
0 0.23464285714285715 0.9852380952380952 0.06357142857142857 0.029523809523809525
0 0.47785714285714287 0.9476190476190476 0.054285714285714284 0.03238095238095238
0 0.4785714285714286 0.9057142857142857 0.055714285714285716 0.030476190476190476
0 0.4767857142857143 0.8642857142857143 0.05357142857142857 0.03333333333333333
0 0.48178571428571426 0.8247619047619048 0.052142857142857144 0.030476190476190476
0 0.485 0.7842857142857143 0.05142857142857143 0.03333333333333333
0 0.49214285714285716 0.7476190476190476 0.047142857142857146 0.030476190476190476
0 0.46035714285714285 0.5619047619047619 0.017857142857142856 0.05523809523809524
0 0.455 0.6261904761904762 0.02 0.05619047619047619
0 0.48178571428571426 0.6238095238095238 0.020714285714285713 0.06095238095238095
0 0.5107142857142857 0.5614285714285714 0.017142857142857144 0.05238095238095238
0 0.535 0.5666666666666667 0.02 0.05333333333333334
0 0.5335714285714286 0.628095238095238 0.018571428571428572 0.06380952380952382
0 0.5592857142857143 0.6304761904761905 0.018571428571428572 0.06285714285714286
0 0.5617857142857143 0.5619047619047619 0.019285714285714285 0.05904761904761905
1 0.5853571428571429 0.5719047619047619 0.019285714285714285 0.06952380952380953
0 0.6146428571428572 0.5685714285714286 0.02214285714285714 0.05714285714285714
0 0.6389285714285714 0.5742857142857143 0.019285714285714285 0.06476190476190476
0 0.6407142857142857 0.6471428571428571 0.022857142857142857 0.06761904761904762
1 0.9532142857142857 0.5914285714285714 0.029285714285714286 0.06666666666666667
0 0.9757142857142858 0.5866666666666667 0.03142857142857143 0.06476190476190476
