3 0.245 0.6290476190476191 0.17285714285714285 0.10380952380952381
0 0.9578571428571429 0.10285714285714286 0.05 0.07238095238095238
0 0.38535714285714284 0.4519047619047619 0.055 0.11904761904761904
0 0.2517857142857143 0.37761904761904763 0.060714285714285714 0.10952380952380952
0 0.09892857142857144 0.2842857142857143 0.075 0.1019047619047619
0 0.27785714285714286 0.26666666666666666 0.054285714285714284 0.09333333333333334
0 0.22214285714285714 0.2804761904761905 0.05 0.10761904761904761
3 0.5092857142857142 0.3566666666666667 0.06 0.14761904761904762
0 0.33964285714285714 0.24428571428571427 0.04928571428571429 0.1
0 0.2639285714285714 0.17238095238095238 0.11214285714285714 0.05523809523809524
3 0.22464285714285714 0.11285714285714285 0.105 0.07333333333333333
0 0.06785714285714285 0.6571428571428571 0.1357142857142857 0.08
0 0.047857142857142855 0.8576190476190476 0.09571428571428571 0.11142857142857143
0 0.9657142857142857 0.01380952380952381 0.06142857142857143 0.02761904761904762
