0 0.70325 0.674 0.0505 0.058666666666666666
0 0.62875 0.6763333333333333 0.0465 0.05
0 0.59075 0.6776666666666666 0.0485 0.054
0 0.56925 0.5856666666666667 0.0485 0.027333333333333334
0 0.57125 0.7486666666666667 0.0655 0.037333333333333336
0 0.57825 0.7856666666666666 0.0665 0.03666666666666667
0 0.58225 0.821 0.0645 0.042
0 0.493 0.7656666666666667 0.027 0.07
0 0.38125 0.8543333333333333 0.0685 0.04733333333333333
0 0.39375 0.8206666666666667 0.0685 0.04
0 0.4095 0.7463333333333333 0.058 0.04066666666666666
0 0.40325 0.713 0.0535 0.026
0 0.385 0.6673333333333333 0.046 0.04666666666666667
3 0.34775 0.6616666666666666 0.0455 0.04733333333333333
0 0.30475 0.6656666666666666 0.0385 0.046
0 0.2675 0.6556666666666666 0.044 0.04466666666666667
