0 0.19535714285714287 0.10238095238095238 0.023571428571428573 0.05238095238095238
0 0.28714285714285714 0.2123809523809524 0.03 0.05142857142857143
0 0.21892857142857142 0.3466666666666667 0.029285714285714286 0.08952380952380952
0 0.30857142857142855 0.3233333333333333 0.03428571428571429 0.058095238095238096
0 0.34535714285714286 0.45666666666666667 0.04071428571428572 0.07904761904761905
0 0.2935714285714286 0.49523809523809526 0.03857142857142857 0.09142857142857143
0 0.31857142857142856 0.6152380952380953 0.045714285714285714 0.09904761904761905
0 0.2842857142857143 0.7566666666666667 0.04857142857142857 0.12476190476190477
0 0.44285714285714284 0.9219047619047619 0.06571428571428571 0.13904761904761906
0 0.37142857142857144 0.62 0.054285714285714284 0.09904761904761905
0 0.435 0.19952380952380952 0.045714285714285714 0.054285714285714284
0 0.5553571428571429 0.09238095238095238 0.04928571428571429 0.0380952380952381
1 0.6064285714285714 0.13047619047619047 0.04285714285714286 0.0419047619047619
