0 0.88025 0.886 0.1285 0.21866666666666668
0 0.7665 0.6723333333333333 0.142 0.13666666666666666
0 0.70175 0.7806666666666666 0.1285 0.2
0 0.54125 0.6773333333333333 0.0975 0.17333333333333334
0 0.4315 0.6136666666666667 0.097 0.15133333333333332
0 0.33175 0.5503333333333333 0.0755 0.14466666666666667
0 0.14675 0.43766666666666665 0.1135 0.10733333333333334
0 0.0665 0.358 0.059 0.11466666666666667
0 0.9825 0.9156666666666666 0.035 0.12333333333333334
0 0.8475 0.4696666666666667 0.121 0.098
0 0.69825 0.39466666666666667 0.1085 0.08933333333333333
0 0.37475 0.26566666666666666 0.0425 0.08866666666666667
0 0.317 0.23266666666666666 0.046 0.08
0 0.196 0.17466666666666666 0.096 0.06
0 0.194 0.29033333333333333 0.103 0.08066666666666666
0 0.44075 0.13066666666666665 0.0715 0.072
0 0.11575 0.14466666666666667 0.0985 0.048
0 0.073 0.116 0.093 0.05733333333333333
0 0.02575 0.07666666666666666 0.0515 0.052
0 0.74975 0.044 0.0805 0.064
