0 0.05178571428571429 0.35850253807106597 0.020714285714285713 0.024111675126903553
0 0.008214285714285714 0.1884517766497462 0.016428571428571428 0.0266497461928934
0 0.017142857142857144 0.19923857868020303 0.025714285714285714 0.02284263959390863
0 0.030714285714285715 0.20939086294416243 0.024285714285714285 0.025380710659898477
3 0.0425 0.2151015228426396 0.029285714285714286 0.02918781725888325
3 0.05678571428571429 0.22398477157360405 0.029285714285714286 0.02918781725888325
3 0.13857142857142857 0.27284263959390864 0.02857142857142857 0.030456852791878174
3 0.16607142857142856 0.28743654822335024 0.027857142857142858 0.02918781725888325
3 0.1742857142857143 0.2963197969543147 0.027142857142857142 0.031725888324873094
3 0.18678571428571428 0.3026649746192893 0.027857142857142858 0.031725888324873094
1 0.15 0.5843908629441624 0.03857142857142857 0.05203045685279188
1 0.18142857142857144 0.7785532994923858 0.03571428571428571 0.06472081218274112
3 0.7596428571428572 0.48413705583756345 0.02642857142857143 0.03426395939086294
3 0.7510714285714286 0.4980964467005076 0.035 0.03934010152284264
0 0.7417857142857143 0.5184010152284264 0.03214285714285714 0.02918781725888325
1 0.7203571428571428 0.5717005076142132 0.05785714285714286 0.05964467005076142
0 0.6403571428571428 0.45685279187817257 0.030714285714285715 0.03299492385786802
0 0.6325 0.4746192893401015 0.027857142857142858 0.030456852791878174
3 0.6217857142857143 0.5133248730964467 0.03214285714285714 0.03426395939086294
2 0.49857142857142855 0.6110406091370558 0.08428571428571428 0.08756345177664974
2 0.5114285714285715 0.5875634517766497 0.08428571428571428 0.09137055837563451
2 0.5285714285714286 0.4873096446700508 0.05 0.10913705583756345
2 0.45035714285714284 0.46446700507614214 0.056428571428571425 0.04314720812182741
2 0.4742857142857143 0.4460659898477157 0.05 0.03426395939086294
2 0.47035714285714286 0.42385786802030456 0.047857142857142855 0.03299492385786802
2 0.4903571428571429 0.40418781725888325 0.045 0.031725888324873094
2 0.6028571428571429 0.3534263959390863 0.06857142857142857 0.06725888324873096
2 0.5632142857142857 0.25253807106598986 0.039285714285714285 0.07614213197969544
2 0.48035714285714287 0.3356598984771574 0.047857142857142855 0.08756345177664974
0 0.5707142857142857 0.7779187817258884 0.03571428571428571 0.04314720812182741
3 0.6107142857142858 0.8121827411167513 0.03571428571428571 0.04314720812182741
3 0.6578571428571428 0.8470812182741116 0.03571428571428571 0.04187817258883249
