0 0.8860714285714286 0.17333333333333334 0.07785714285714286 0.12
0 0.9728571428571429 0.10047619047619048 0.05285714285714286 0.09238095238095238
3 0.9482142857142857 0.023333333333333334 0.06928571428571428 0.04666666666666667
0 0.4660714285714286 0.01380952380952381 0.07928571428571428 0.02761904761904762
0 0.4567857142857143 0.3780952380952381 0.11071428571428571 0.07238095238095238
0 0.46 0.30714285714285716 0.10714285714285714 0.06952380952380953
0 0.4589285714285714 0.24142857142857144 0.11071428571428571 0.06952380952380953
3 0.45785714285714285 0.5109523809523809 0.13285714285714287 0.0980952380952381
0 0.4575 0.599047619047619 0.145 0.08571428571428572
0 0.45714285714285713 0.7014285714285714 0.14285714285714285 0.07904761904761905
0 0.46285714285714286 0.799047619047619 0.15714285714285714 0.08571428571428572
0 0.4610714285714286 0.9128571428571428 0.16642857142857143 0.1019047619047619
0 0.7017857142857142 0.4785714285714286 0.052142857142857144 0.14761904761904762
