3 0.06857142857142857 0.7933333333333333 0.1 0.14666666666666667
0 0.14142857142857143 0.7333333333333333 0.09857142857142857 0.1219047619047619
0 0.21428571428571427 0.6942857142857143 0.07714285714285714 0.10476190476190476
0 0.2775 0.6714285714285714 0.07785714285714286 0.08
3 0.3625 0.6085714285714285 0.07214285714285715 0.07809523809523809
0 0.32392857142857145 0.6390476190476191 0.08214285714285714 0.0761904761904762
0 0.4010714285714286 0.5895238095238096 0.07785714285714286 0.06095238095238095
3 0.3782142857142857 0.5342857142857143 0.05928571428571429 0.05142857142857143
0 0.34 0.5557142857142857 0.06428571428571428 0.04666666666666667
0 0.30178571428571427 0.5780952380952381 0.062142857142857146 0.05142857142857143
0 0.26071428571428573 0.5995238095238096 0.06857142857142857 0.05619047619047619
0 0.21607142857142858 0.6238095238095238 0.06928571428571428 0.06285714285714286
0 0.16035714285714286 0.6523809523809524 0.060714285714285714 0.06476190476190476
0 0.09785714285714285 0.679047619047619 0.07 0.06857142857142857
0 0.0375 0.7228571428571429 0.07357142857142857 0.07809523809523809
0 0.029642857142857144 0.5704761904761905 0.05785714285714286 0.06666666666666667
0 0.08821428571428572 0.5561904761904762 0.05071428571428571 0.05714285714285714
0 0.1375 0.5395238095238095 0.055 0.05619047619047619
0 0.18 0.520952380952381 0.055714285714285716 0.05142857142857143
0 0.21928571428571428 0.5042857142857143 0.055714285714285716 0.054285714285714284
0 0.2532142857142857 0.49238095238095236 0.052142857142857144 0.04380952380952381
0 0.40785714285714286 0.47714285714285715 0.06 0.04
0 0.47285714285714286 0.4942857142857143 0.055714285714285716 0.04
0 0.3842857142857143 0.3919047619047619 0.04 0.023809523809523808
3 0.48857142857142855 0.42333333333333334 0.05285714285714286 0.04476190476190476
0 0.5203571428571429 0.4180952380952381 0.04071428571428572 0.030476190476190476
0 0.5417857142857143 0.40476190476190477 0.04357142857142857 0.03428571428571429
0 0.5917857142857142 0.38571428571428573 0.035 0.02666666666666667
3 0.6014285714285714 0.51 0.06142857142857143 0.04666666666666667
3 0.5742857142857143 0.44095238095238093 0.04428571428571428 0.04
0 0.5446428571428571 0.33380952380952383 0.029285714285714286 0.021904761904761906
0 0.5703571428571429 0.3438095238095238 0.023571428571428573 0.017142857142857144
0 0.5914285714285714 0.3485714285714286 0.027142857142857142 0.01904761904761905
0 0.6114285714285714 0.9738095238095238 0.14857142857142858 0.05238095238095238
0 0.5775 0.9142857142857143 0.155 0.10476190476190476
0 0.5721428571428572 0.829047619047619 0.13857142857142857 0.09047619047619047
0 0.56 0.7695238095238095 0.11857142857142858 0.0761904761904762
0 0.5482142857142858 0.7133333333333334 0.11214285714285714 0.06857142857142857
0 0.5425 0.6638095238095238 0.09357142857142857 0.05904761904761905
0 0.56 0.6338095238095238 0.09571428571428571 0.054285714285714284
0 0.6 0.6076190476190476 0.08428571428571428 0.06095238095238095
