0 0.19035714285714286 0.9519047619047619 0.04642857142857143 0.09619047619047619
1 0.18142857142857144 0.7257142857142858 0.04285714285714286 0.10476190476190476
1 0.16892857142857143 0.6 0.052142857142857144 0.14285714285714285
3 0.1175 0.38142857142857145 0.07642857142857143 0.04666666666666667
0 0.12285714285714286 0.30714285714285716 0.03571428571428571 0.07142857142857142
0 0.12857142857142856 0.18333333333333332 0.027142857142857142 0.04476190476190476
1 0.25821428571428573 0.03238095238095238 0.05785714285714286 0.05142857142857143
1 0.29428571428571426 0.18714285714285714 0.09142857142857143 0.07904761904761905
0 0.24821428571428572 0.45 0.035 0.07523809523809524
0 0.26071428571428573 0.5347619047619048 0.037142857142857144 0.08857142857142856
3 0.2735714285714286 0.6257142857142857 0.03428571428571429 0.09142857142857143
0 0.36 0.8104761904761905 0.041428571428571426 0.10857142857142857
0 0.3435714285714286 0.690952380952381 0.03857142857142857 0.1
0 0.3292857142857143 0.5704761904761905 0.03571428571428571 0.08952380952380952
0 0.31607142857142856 0.4685714285714286 0.04071428571428572 0.08571428571428572
3 0.30107142857142855 0.38952380952380955 0.030714285714285715 0.06857142857142857
0 0.3767857142857143 0.21571428571428572 0.05785714285714286 0.04476190476190476
0 0.3821428571428571 0.25047619047619046 0.06 0.0419047619047619
0 0.38142857142857145 0.2861904761904762 0.06571428571428571 0.037142857142857144
0 0.3975 0.3180952380952381 0.05785714285714286 0.0419047619047619
0 0.4025 0.35904761904761906 0.062142857142857146 0.05142857142857143
0 0.4157142857142857 0.42 0.06142857142857143 0.06666666666666667
0 0.4275 0.47523809523809524 0.065 0.06285714285714286
0 0.43785714285714283 0.5261904761904762 0.06285714285714286 0.06
0 0.43964285714285717 0.5823809523809523 0.06642857142857143 0.06190476190476191
0 0.44857142857142857 0.6409523809523809 0.07 0.07238095238095238
0 0.45571428571428574 0.7061904761904761 0.07571428571428572 0.06952380952380953
0 0.47464285714285714 0.7919047619047619 0.07785714285714286 0.07714285714285714
3 0.4878571428571429 0.8714285714285714 0.07714285714285714 0.08
0 0.5060714285714286 0.9614285714285714 0.08071428571428571 0.07714285714285714
0 0.6364285714285715 0.910952380952381 0.07428571428571429 0.06380952380952382
0 0.6139285714285714 0.8504761904761905 0.08214285714285714 0.06285714285714286
0 0.5964285714285714 0.7928571428571428 0.08285714285714285 0.06380952380952382
0 0.5585714285714286 0.5914285714285714 0.07285714285714286 0.05333333333333334
0 0.5675 0.6366666666666667 0.07357142857142857 0.05238095238095238
3 0.7164285714285714 0.6033333333333334 0.07714285714285714 0.06571428571428571
0 0.6632142857142858 0.4819047619047619 0.04642857142857143 0.07809523809523809
0 0.6982142857142857 0.4714285714285714 0.04357142857142857 0.08190476190476191
0 0.7289285714285715 0.4633333333333333 0.04357142857142857 0.08285714285714285
0 0.765 0.45571428571428574 0.045714285714285714 0.08285714285714285
0 0.5160714285714286 0.42428571428571427 0.062142857142857146 0.04857142857142857
0 0.5117857142857143 0.38571428571428573 0.056428571428571425 0.045714285714285714
0 0.49642857142857144 0.3519047619047619 0.06285714285714286 0.04666666666666667
0 0.48642857142857143 0.2861904761904762 0.05714285714285714 0.04666666666666667
0 0.47714285714285715 0.25047619047619046 0.05857142857142857 0.04380952380952381
0 0.47 0.22333333333333333 0.055714285714285716 0.040952380952380955
0 0.4617857142857143 0.19666666666666666 0.052142857142857144 0.037142857142857144
0 0.8935714285714286 0.6966666666666667 0.06 0.09428571428571429
0 0.9278571428571428 0.6866666666666666 0.06 0.09142857142857143
0 0.9617857142857142 0.6747619047619048 0.06785714285714285 0.1
0 0.9275 0.5495238095238095 0.06785714285714285 0.05714285714285714
0 0.8364285714285714 0.4338095238095238 0.05142857142857143 0.08095238095238096
