0 0.16392857142857142 0.3657142857142857 0.052142857142857144 0.06476190476190476
0 0.15107142857142858 0.24666666666666667 0.047857142857142855 0.06285714285714286
0 0.10785714285714286 0.2480952380952381 0.05285714285714286 0.06952380952380953
0 0.06428571428571428 0.24904761904761905 0.047142857142857146 0.06190476190476191
0 0.027142857142857142 0.24761904761904763 0.05142857142857143 0.06857142857142857
0 0.013928571428571429 0.3547619047619048 0.027857142857142858 0.058095238095238096
0 0.3967857142857143 0.8590476190476191 0.047857142857142855 0.05333333333333334
0 0.5075 0.8095238095238095 0.02214285714285714 0.07238095238095238
0 0.45035714285714284 0.6438095238095238 0.023571428571428573 0.06857142857142857
0 0.5092857142857142 0.2895238095238095 0.022857142857142857 0.06857142857142857
0 0.5153571428571428 0.03380952380952381 0.023571428571428573 0.06761904761904762
0 0.4275 0.025238095238095237 0.03214285714285714 0.05047619047619047
3 0.5107142857142857 0.7209523809523809 0.022857142857142857 0.06857142857142857
3 0.51 0.6323809523809524 0.02 0.06285714285714286
3 0.47964285714285715 0.48428571428571426 0.02642857142857143 0.058095238095238096
1 0.32785714285714285 0.9576190476190476 0.05857142857142857 0.04666666666666667
1 0.5103571428571428 0.9119047619047619 0.023571428571428573 0.08095238095238096
1 0.5128571428571429 0.16857142857142857 0.03571428571428571 0.14476190476190476
0 0.285 0.8914285714285715 0.03857142857142857 0.030476190476190476
0 0.8 0.939047619047619 0.054285714285714284 0.0380952380952381
