0 0.1525 0.010952380952380953 0.056428571428571425 0.021904761904761906
0 0.19178571428571428 0.03571428571428571 0.06642857142857143 0.06380952380952382
0 0.24642857142857144 0.06333333333333334 0.09714285714285714 0.06761904761904762
0 0.24892857142857142 0.08761904761904762 0.075 0.07047619047619047
0 0.30214285714285716 0.11619047619047619 0.09142857142857143 0.07047619047619047
0 0.03571428571428571 0.2938095238095238 0.07142857142857142 0.12285714285714286
0 0.08357142857142857 0.3161904761904762 0.10142857142857142 0.10476190476190476
0 0.12357142857142857 0.37047619047619046 0.10571428571428572 0.12
0 0.16535714285714287 0.43857142857142856 0.11214285714285714 0.14952380952380953
0 0.215 0.52 0.11428571428571428 0.18476190476190477
3 0.2764285714285714 0.611904761904762 0.12428571428571429 0.21428571428571427
0 0.34785714285714286 0.7485714285714286 0.12857142857142856 0.23809523809523808
3 0.44821428571428573 0.8747619047619047 0.12642857142857142 0.24857142857142858
0 0.5635714285714286 0.9366666666666666 0.11428571428571428 0.12476190476190477
0 0.9278571428571428 0.7780952380952381 0.1442857142857143 0.13333333333333333
0 0.9346428571428571 0.5895238095238096 0.13071428571428573 0.17333333333333334
0 0.8332142857142857 0.6438095238095238 0.1692857142857143 0.11238095238095239
0 0.7278571428571429 0.5542857142857143 0.16 0.09904761904761905
0 0.51 0.5142857142857142 0.15857142857142856 0.18285714285714286
0 0.78 0.45476190476190476 0.14714285714285713 0.1380952380952381
3 0.6339285714285714 0.4480952380952381 0.15785714285714286 0.12476190476190477
