0 0.7389285714285714 0.3738095238095238 0.015 0.037142857142857144
0 0.415 0.33380952380952383 0.014285714285714285 0.040952380952380955
1 0.5153571428571428 0.1976190476190476 0.02642857142857143 0.08666666666666667
0 0.45107142857142857 0.8019047619047619 0.027857142857142858 0.017142857142857144
0 0.39035714285714285 0.8042857142857143 0.025 0.018095238095238095
0 0.4546428571428571 0.8404761904761905 0.029285714285714286 0.02
0 0.39571428571428574 0.8447619047619047 0.03 0.02095238095238095
0 0.4539285714285714 0.8952380952380953 0.030714285714285715 0.022857142857142857
0 0.395 0.9533333333333334 0.04 0.022857142857142857
0 0.395 0.991904761904762 0.037142857142857144 0.01619047619047619
