2 0.2082142857142857 0.6890862944162437 0.08214285714285714 0.2614213197969543
2 0.2567857142857143 0.3331218274111675 0.085 0.2880710659898477
2 0.9296428571428571 0.3426395939086294 0.08214285714285714 0.23857868020304568
2 0.7457142857142857 0.8610406091370558 0.10714285714285714 0.1383248730964467
0 0.03535714285714286 0.3483502538071066 0.062142857142857146 0.06725888324873096
0 0.8607142857142858 0.47652284263959394 0.04285714285714286 0.10025380710659898
2 0.2960714285714286 0.06662436548223351 0.05071428571428571 0.13071065989847716
3 0.9475 0.18908629441624367 0.029285714285714286 0.09137055837563451
0 0.9646428571428571 0.09771573604060914 0.025 0.0583756345177665
0 0.9717857142857143 0.023477157360406092 0.027857142857142858 0.046954314720812185
3 0.9353571428571429 0.02918781725888325 0.035 0.0583756345177665
