2 0.046785714285714285 0.1802030456852792 0.08928571428571429 0.050761421319796954
3 0.19678571428571429 0.21065989847715735 0.03214285714285714 0.03299492385786802
3 0.05964285714285714 0.4930203045685279 0.025 0.021573604060913704
3 0.060714285714285714 0.5393401015228426 0.03857142857142857 0.027918781725888325
3 0.007142857142857143 0.6269035532994924 0.014285714285714285 0.02030456852791878
3 0.13642857142857143 0.6618020304568528 0.02857142857142857 0.024111675126903553
1 0.26535714285714285 0.7404822335025381 0.047857142857142855 0.03680203045685279
3 0.3582142857142857 0.8178934010152284 0.03214285714285714 0.031725888324873094
0 0.18178571428571427 0.5133248730964467 0.03214285714285714 0.02918781725888325
2 0.21714285714285714 0.5526649746192893 0.08 0.05456852791878172
0 0.3053571428571429 0.26015228426395937 0.027857142857142858 0.030456852791878174
3 0.30428571428571427 0.36484771573604063 0.03 0.02918781725888325
0 0.3467857142857143 0.025380710659898477 0.017857142857142856 0.050761421319796954
3 0.4496428571428571 0.23857868020304568 0.03357142857142857 0.03553299492385787
3 0.5060714285714286 0.25951776649746194 0.029285714285714286 0.031725888324873094
0 0.5457142857142857 0.0850253807106599 0.03 0.030456852791878174
0 0.5171428571428571 0.40482233502538073 0.027142857142857142 0.03299492385786802
3 0.4107142857142857 0.5875634517766497 0.018571428571428572 0.06345177664974619
2 0.42892857142857144 0.5621827411167513 0.03785714285714286 0.15228426395939088
0 0.46214285714285713 0.4879441624365482 0.03428571428571429 0.02918781725888325
0 0.46714285714285714 0.5939086294416244 0.022857142857142857 0.025380710659898477
3 0.5053571428571428 0.467005076142132 0.025 0.030456852791878174
3 0.5235714285714286 0.5621827411167513 0.024285714285714285 0.027918781725888325
3 0.555 0.6008883248730964 0.024285714285714285 0.02918781725888325
3 0.5785714285714286 0.5310913705583756 0.03 0.03680203045685279
3 0.5771428571428572 0.699238578680203 0.032857142857142856 0.03807106598984772
0 0.8892857142857142 0.9060913705583756 0.022857142857142857 0.0532994923857868
0 0.9146428571428571 0.8375634517766497 0.023571428571428573 0.05583756345177665
3 0.9821428571428571 0.6389593908629442 0.03 0.05456852791878172
2 0.95 0.7284263959390863 0.06285714285714286 0.1218274111675127
3 0.6535714285714286 0.5272842639593909 0.025714285714285714 0.031725888324873094
3 0.6735714285714286 0.6186548223350253 0.025714285714285714 0.03680203045685279
2 0.9617857142857142 0.16941624365482233 0.07071428571428572 0.10786802030456853
0 0.9346428571428571 0.017766497461928935 0.029285714285714286 0.03553299492385787
0 0.7053571428571429 0.08439086294416244 0.029285714285714286 0.03426395939086294
3 0.7832142857142858 0.07550761421319797 0.027857142857142858 0.03934010152284264
3 0.7485714285714286 0.017766497461928935 0.02857142857142857 0.03553299492385787
