0 0.4042857142857143 0.550952380952381 0.054285714285714284 0.09619047619047619
0 0.6403571428571428 0.7385714285714285 0.08214285714285714 0.12857142857142856
0 0.6410714285714286 0.5504761904761905 0.07071428571428572 0.09333333333333334
0 0.4767857142857143 0.3923809523809524 0.04928571428571429 0.06285714285714286
0 0.275 0.4104761904761905 0.03428571428571429 0.06476190476190476
0 0.06535714285714286 0.6671428571428571 0.10642857142857143 0.10571428571428572
0 0.27285714285714285 0.30666666666666664 0.03571428571428571 0.05904761904761905
0 0.30107142857142855 0.2823809523809524 0.03785714285714286 0.054285714285714284
0 0.24821428571428572 0.16714285714285715 0.027857142857142858 0.037142857142857144
0 0.22642857142857142 0.1180952380952381 0.024285714285714285 0.03238095238095238
0 0.21357142857142858 0.08095238095238096 0.018571428571428572 0.030476190476190476
0 0.20357142857142857 0.04857142857142857 0.02 0.030476190476190476
0 0.5478571428571428 0.9385714285714286 0.08 0.12285714285714286
0 0.8714285714285714 0.9638095238095238 0.07571428571428572 0.07238095238095238
