0 0.6321428571428571 0.949238578680203 0.03 0.09898477157360407
0 0.5917857142857142 0.7411167512690355 0.027857142857142858 0.09644670050761421
0 0.5435714285714286 0.7715736040609137 0.025714285714285714 0.1116751269035533
3 0.49214285714285716 0.6535532994923858 0.02857142857142857 0.07868020304568528
0 0.4092857142857143 0.5856598984771574 0.027142857142857142 0.06979695431472081
0 0.5803571428571429 0.5348984771573604 0.023571428571428573 0.06725888324873096
0 0.44857142857142857 0.3813451776649746 0.024285714285714285 0.04949238578680203
0 0.5189285714285714 0.26713197969543145 0.019285714285714285 0.044416243654822336
3 0.5921428571428572 0.29378172588832485 0.018571428571428572 0.06725888324873096
0 0.5664285714285714 0.22461928934010153 0.017142857142857144 0.0583756345177665
3 0.6217857142857143 0.20431472081218274 0.017857142857142856 0.05583756345177665
0 0.5703571428571429 0.09581218274111675 0.017857142857142856 0.04187817258883249
2 0.5935714285714285 0.03426395939086294 0.022857142857142857 0.06852791878172589
2 0.5160714285714286 0.031091370558375634 0.029285714285714286 0.06218274111675127
0 0.4667857142857143 0.12309644670050761 0.019285714285714285 0.03299492385786802
0 0.47785714285714287 0.01713197969543147 0.015714285714285715 0.03426395939086294
2 0.18714285714285714 0.5932741116751269 0.07714285714285714 0.17385786802030456
2 0.10214285714285715 0.5120558375634517 0.09857142857142857 0.0799492385786802
2 0.3078571428571429 0.16624365482233502 0.027142857142857142 0.1116751269035533
2 0.28964285714285715 0.09644670050761421 0.027857142857142858 0.08375634517766498
1 0.3192857142857143 0.08121827411167512 0.025714285714285714 0.06091370558375635
3 0.21892857142857142 0.06916243654822335 0.019285714285714285 0.03680203045685279
3 0.18678571428571428 0.03680203045685279 0.025 0.03553299492385787
3 0.13285714285714287 0.05964467005076142 0.025714285714285714 0.03553299492385787
3 0.15178571428571427 0.07677664974619289 0.027857142857142858 0.021573604060913704
3 0.15642857142857142 0.08439086294416244 0.022857142857142857 0.013959390862944163
3 0.15892857142857142 0.1065989847715736 0.030714285714285715 0.025380710659898477
3 0.24392857142857144 0.053934010152284266 0.029285714285714286 0.024111675126903553
3 0.2507142857142857 0.06472081218274112 0.02857142857142857 0.017766497461928935
3 0.25392857142857145 0.08058375634517767 0.02642857142857143 0.024111675126903553
3 0.25392857142857145 0.12246192893401016 0.023571428571428573 0.024111675126903553
1 0.13214285714285715 0.0133248730964467 0.03142857142857143 0.024111675126903553
2 0.04964285714285714 0.1967005076142132 0.045 0.03807106598984772
2 0.045 0.21192893401015228 0.045714285714285714 0.03807106598984772
2 0.014285714285714285 0.19225888324873097 0.022857142857142857 0.024111675126903553
2 0.011428571428571429 0.2201776649746193 0.02 0.03680203045685279
2 0.05285714285714286 0.31916243654822335 0.08714285714285715 0.06472081218274112
