0 0.21321428571428572 0.8142857142857143 0.095 0.2057142857142857
0 0.32392857142857145 0.9176190476190477 0.09071428571428572 0.16476190476190475
0 0.5753571428571429 0.8980952380952381 0.07928571428571428 0.2038095238095238
0 0.9535714285714286 0.8380952380952381 0.09285714285714286 0.1180952380952381
0 0.9457142857142857 0.9380952380952381 0.10714285714285714 0.12380952380952381
0 0.07428571428571429 0.4280952380952381 0.12142857142857143 0.10761904761904761
0 0.10821428571428572 0.18761904761904763 0.08071428571428571 0.05142857142857143
0 0.465 0.1976190476190476 0.08428571428571428 0.05238095238095238
3 0.56 0.20095238095238097 0.06571428571428571 0.05714285714285714
0 0.6685714285714286 0.39476190476190476 0.09857142857142857 0.06761904761904762
0 0.8514285714285714 0.4533333333333333 0.10285714285714286 0.1180952380952381
0 0.7921428571428571 0.21714285714285714 0.09142857142857143 0.05333333333333334
0 0.895 0.22238095238095237 0.08857142857142856 0.04666666666666667
3 0.9653571428571428 0.3628571428571429 0.06928571428571428 0.07238095238095238
