0 0.6571428571428571 0.8616751269035533 0.05285714285714286 0.06345177664974619
0 0.3982142857142857 0.8591370558375635 0.023571428571428573 0.08375634517766498
0 0.3117857142857143 0.8838832487309645 0.029285714285714286 0.08756345177664974
0 0.4160714285714286 0.3464467005076142 0.016428571428571428 0.048223350253807105
0 0.5075 0.28616751269035534 0.016428571428571428 0.05710659898477157
0 0.5457142857142857 0.46573604060913704 0.02 0.0583756345177665
0 0.5828571428571429 0.5621827411167513 0.03428571428571429 0.05583756345177665
0 0.8853571428571428 0.5336294416243654 0.04214285714285714 0.03934010152284264
0 0.9428571428571428 0.5272842639593909 0.041428571428571426 0.03680203045685279
0 0.44892857142857145 0.9498730964467005 0.02214285714285714 0.09771573604060914
0 0.9892857142857143 0.506979695431472 0.02142857142857143 0.03680203045685279
3 0.74 0.5678934010152284 0.05 0.04949238578680203
3 0.8285714285714286 0.549492385786802 0.05 0.04568527918781726
0 0.5339285714285714 0.6821065989847716 0.023571428571428573 0.08248730964467005
3 0.4860714285714286 0.8559644670050761 0.02214285714285714 0.10025380710659898
0 0.45357142857142857 0.01015228426395939 0.014285714285714285 0.017766497461928935
