3 0.14035714285714285 0.08883248730964467 0.017857142857142856 0.025380710659898477
3 0.14607142857142857 0.09200507614213198 0.020714285714285713 0.021573604060913704
0 0.14964285714285713 0.10025380710659898 0.020714285714285713 0.02030456852791878
0 0.15178571428571427 0.1116751269035533 0.015 0.017766497461928935
0 0.17107142857142857 0.1065989847715736 0.017857142857142856 0.02030456852791878
0 0.1732142857142857 0.10215736040609137 0.015 0.021573604060913704
3 0.165 0.12436548223350254 0.01 0.02030456852791878
0 0.16785714285714284 0.15926395939086294 0.011428571428571429 0.021573604060913704
3 0.2042857142857143 0.4486040609137056 0.03428571428571429 0.03934010152284264
1 0.2932142857142857 0.022208121827411168 0.020714285714285713 0.024111675126903553
1 0.31 0.04060913705583756 0.018571428571428572 0.027918781725888325
3 0.3267857142857143 0.05583756345177665 0.019285714285714285 0.017766497461928935
3 0.3657142857142857 0.10215736040609137 0.012857142857142857 0.0266497461928934
3 0.37607142857142856 0.12246192893401016 0.010714285714285714 0.02918781725888325
3 0.3825 0.15101522842639595 0.010714285714285714 0.027918781725888325
0 0.3510714285714286 0.08883248730964467 0.010714285714285714 0.02030456852791878
0 0.3703571428571429 0.1700507614213198 0.012142857142857143 0.02284263959390863
3 0.35928571428571426 0.20431472081218274 0.014285714285714285 0.027918781725888325
3 0.3875 0.17449238578680204 0.012142857142857143 0.024111675126903553
2 0.3653571428571429 0.3299492385786802 0.05357142857142857 0.05583756345177665
2 0.4010714285714286 0.2519035532994924 0.02214285714285714 0.046954314720812185
2 0.4357142857142857 0.27982233502538073 0.06428571428571428 0.07487309644670051
2 0.5032142857142857 0.23604060913705585 0.04357142857142857 0.048223350253807105
2 0.56 0.1967005076142132 0.04 0.04568527918781726
2 0.6525 0.13007614213197968 0.04928571428571429 0.05456852791878172
0 0.6832142857142857 0.1199238578680203 0.016428571428571428 0.01903553299492386
0 0.40285714285714286 0.7652284263959391 0.02 0.06091370558375635
0 0.445 0.475253807106599 0.018571428571428572 0.04187817258883249
0 0.47 0.47715736040609136 0.018571428571428572 0.04314720812182741
0 0.45 0.4086294416243655 0.015714285714285715 0.03553299492385787
