3 0.67475 0.746 0.2175 0.19066666666666668
0 0.90125 0.8543333333333333 0.1975 0.20466666666666666
0 0.35125 0.6323333333333333 0.1625 0.19533333333333333
0 0.54375 0.14 0.0845 0.072
3 0.50975 0.36766666666666664 0.0935 0.12866666666666668
0 0.582 0.4076666666666667 0.102 0.13533333333333333
3 0.6655 0.44166666666666665 0.081 0.178
0 0.777 0.4666666666666667 0.093 0.15866666666666668
3 0.89925 0.4856666666666667 0.0955 0.198
0 0.104 0.050333333333333334 0.085 0.06866666666666667
0 0.21375 0.14 0.0825 0.05733333333333333
3 0.981 0.2683333333333333 0.038 0.13133333333333333
