3 0.05678571428571429 0.8542857142857143 0.11214285714285714 0.2038095238095238
0 0.19142857142857142 0.7195238095238096 0.12142857142857143 0.1438095238095238
3 0.11678571428571428 0.6057142857142858 0.10071428571428571 0.11047619047619048
3 0.07892857142857143 0.4980952380952381 0.07785714285714286 0.09142857142857143
0 0.055714285714285716 0.42523809523809525 0.07714285714285714 0.06761904761904762
3 0.02214285714285714 0.37523809523809526 0.041428571428571426 0.06285714285714286
0 0.29428571428571426 0.6728571428571428 0.12 0.12857142857142856
3 0.5310714285714285 0.7752380952380953 0.15928571428571428 0.2
0 0.5789285714285715 0.7071428571428572 0.14214285714285715 0.1438095238095238
0 0.6160714285714286 0.6519047619047619 0.14357142857142857 0.13238095238095238
0 0.6653571428571429 0.6133333333333333 0.12357142857142857 0.11428571428571428
0 0.6964285714285714 0.559047619047619 0.12571428571428572 0.11619047619047619
0 0.7314285714285714 0.5285714285714286 0.11 0.08952380952380952
0 0.7478571428571429 0.4942857142857143 0.10571428571428572 0.07809523809523809
0 0.7717857142857143 0.4704761904761905 0.105 0.08
3 0.7789285714285714 0.43666666666666665 0.09642857142857143 0.08285714285714285
0 0.7967857142857143 0.41523809523809524 0.08928571428571429 0.07238095238095238
0 0.8192857142857143 0.3985714285714286 0.08428571428571428 0.06380952380952382
0 0.8317857142857142 0.3861904761904762 0.085 0.058095238095238096
0 0.835 0.3680952380952381 0.08142857142857143 0.05619047619047619
3 0.8489285714285715 0.3461904761904762 0.07642857142857143 0.06190476190476191
3 0.8685714285714285 0.3161904761904762 0.07142857142857142 0.05142857142857143
0 0.25857142857142856 0.4276190476190476 0.07285714285714286 0.06666666666666667
0 0.38357142857142856 0.490952380952381 0.05142857142857143 0.1
3 0.44357142857142856 0.49476190476190474 0.05285714285714286 0.0980952380952381
0 0.51 0.49952380952380954 0.047142857142857146 0.08857142857142856
3 0.15607142857142858 0.31523809523809526 0.062142857142857146 0.05714285714285714
0 0.8317857142857142 0.9471428571428572 0.10642857142857143 0.10571428571428572
3 0.9646428571428571 0.9314285714285714 0.06928571428571428 0.13714285714285715
0 0.9682142857142857 0.8314285714285714 0.06357142857142857 0.08190476190476191
3 0.98 0.6257142857142857 0.04 0.06666666666666667
3 0.9696428571428571 0.5676190476190476 0.060714285714285714 0.05333333333333334
3 0.98 0.5266666666666666 0.04 0.03428571428571429
3 0.8821428571428571 0.30095238095238097 0.06285714285714286 0.047619047619047616
3 0.8957142857142857 0.2885714285714286 0.07142857142857142 0.045714285714285714
3 0.9107142857142857 0.25857142857142856 0.06714285714285714 0.05619047619047619
3 0.9542857142857143 0.21904761904761905 0.03857142857142857 0.03238095238095238
0 0.9360714285714286 0.2561904761904762 0.052142857142857144 0.03428571428571429
0 0.9396428571428571 0.24857142857142858 0.04642857142857143 0.030476190476190476
0 0.9478571428571428 0.22904761904761906 0.05142857142857143 0.025714285714285714
0 0.9464285714285714 0.2357142857142857 0.045714285714285714 0.02761904761904762
