1 0.41425 0.755 0.0835 0.23666666666666666
1 0.40275 0.554 0.0595 0.14
3 0.4915 0.5363333333333333 0.06 0.13
3 0.3215 0.31133333333333335 0.086 0.064
0 0.368 0.25333333333333335 0.03 0.05466666666666667
0 0.332 0.20733333333333334 0.065 0.04133333333333333
0 0.30075 0.16966666666666666 0.0285 0.042
0 0.34675 0.119 0.0225 0.03
3 0.301 0.024666666666666667 0.014 0.025333333333333333
3 0.30225 0.04533333333333334 0.0135 0.02666666666666667
3 0.55275 0.46266666666666667 0.0535 0.09733333333333333
1 0.47675 0.27466666666666667 0.0435 0.07066666666666667
0 0.61175 0.9276666666666666 0.0955 0.14066666666666666
1 0.62675 0.5336666666666666 0.0985 0.126
1 0.43675 0.142 0.0255 0.044
0 0.4085 0.12166666666666667 0.024 0.03266666666666666
0 0.4045 0.08433333333333333 0.02 0.024666666666666667
