0 0.9696428571428571 0.40482233502538073 0.060714285714285714 0.13705583756345177
0 0.7128571428571429 0.09517766497461928 0.06 0.06852791878172589
0 0.6382142857142857 0.2296954314720812 0.060714285714285714 0.06852791878172589
0 0.6139285714285714 0.27918781725888325 0.062142857142857146 0.07360406091370558
0 0.5285714285714286 0.4333756345177665 0.06428571428571428 0.07487309644670051
0 0.5032142857142857 0.4879441624365482 0.062142857142857146 0.0850253807106599
0 0.4092857142857143 0.5374365482233503 0.05 0.11294416243654823
0 0.5228571428571429 0.26649746192893403 0.05857142857142857 0.08629441624365482
0 0.3692857142857143 0.7100253807106599 0.055714285714285716 0.09263959390862944
0 0.11035714285714286 0.7722081218274112 0.07357142857142857 0.13071065989847716
2 0.105 0.39276649746192893 0.13714285714285715 0.22208121827411167
3 0.10821428571428572 0.1034263959390863 0.06642857142857143 0.0850253807106599
3 0.10857142857142857 0.031725888324873094 0.05714285714285714 0.06345177664974619
1 0.04428571428571428 0.17385786802030456 0.08857142857142856 0.1548223350253807
1 0.02857142857142857 0.2468274111675127 0.05714285714285714 0.12563451776649745
3 0.028214285714285713 0.9263959390862944 0.05357142857142857 0.13451776649746192
