0 0.29464285714285715 0.7147619047619047 0.047857142857142855 0.06952380952380953
0 0.255 0.6423809523809524 0.04285714285714286 0.06190476190476191
0 0.3267857142857143 0.6233333333333333 0.047857142857142855 0.05238095238095238
0 0.20392857142857143 0.4819047619047619 0.02642857142857143 0.030476190476190476
0 0.2417857142857143 0.4828571428571429 0.03214285714285714 0.03238095238095238
0 0.25821428571428573 0.5652380952380952 0.03642857142857143 0.040952380952380955
0 0.1492857142857143 0.40095238095238095 0.024285714285714285 0.02666666666666667
0 0.19392857142857142 0.4219047619047619 0.025 0.030476190476190476
0 0.16178571428571428 0.37952380952380954 0.02214285714285714 0.021904761904761906
0 0.12785714285714286 0.36714285714285716 0.02142857142857143 0.021904761904761906
0 0.11285714285714285 0.3438095238095238 0.022857142857142857 0.02095238095238095
0 0.08964285714285715 0.31333333333333335 0.019285714285714285 0.01904761904761905
0 0.056428571428571425 0.3271428571428571 0.02142857142857143 0.021904761904761906
0 0.026071428571428572 0.21666666666666667 0.009285714285714286 0.010476190476190476
0 0.04392857142857143 0.24 0.010714285714285714 0.013333333333333334
0 0.060714285714285714 0.2557142857142857 0.012857142857142857 0.012380952380952381
0 0.007857142857142858 0.1895238095238095 0.008571428571428572 0.005714285714285714
0 0.008928571428571428 0.19904761904761906 0.013571428571428571 0.007619047619047619
0 0.027857142857142858 0.2733333333333333 0.012857142857142857 0.013333333333333334
0 0.010714285714285714 0.2780952380952381 0.012857142857142857 0.013333333333333334
0 0.046785714285714285 0.2980952380952381 0.016428571428571428 0.01904761904761905
0 0.0225 0.3019047619047619 0.013571428571428571 0.017142857142857144
0 0.03964285714285714 0.3461904761904762 0.016428571428571428 0.021904761904761906
0 0.002142857142857143 0.16523809523809524 0.004285714285714286 0.008571428571428572
0 0.005714285714285714 0.24428571428571427 0.011428571428571429 0.01619047619047619
0 0.27535714285714286 0.9514285714285714 0.06642857142857143 0.09714285714285714
0 0.41464285714285715 0.75 0.06642857142857143 0.07333333333333333
0 0.061785714285714284 0.19380952380952382 0.005 0.006666666666666667
