0 0.008571428571428572 0.1313451776649746 0.017142857142857144 0.013959390862944163
0 0.009285714285714286 0.11802030456852793 0.018571428571428572 0.015228426395939087
0 0.013571428571428571 0.1034263959390863 0.017142857142857144 0.013959390862944163
0 0.01607142857142857 0.0901015228426396 0.016428571428571428 0.015228426395939087
0 0.0175 0.07487309644670051 0.015 0.017766497461928935
0 0.024642857142857143 0.23794416243654823 0.016428571428571428 0.013959390862944163
0 0.018214285714285714 0.26776649746192893 0.017857142857142856 0.012690355329949238
0 0.02 0.25317258883248733 0.015714285714285715 0.011421319796954314
0 0.009285714285714286 0.3039340101522843 0.017142857142857144 0.013959390862944163
0 0.05178571428571429 0.2151015228426396 0.012142857142857143 0.0266497461928934
0 0.06785714285714285 0.217005076142132 0.01 0.025380710659898477
0 0.07678571428571429 0.21890862944162437 0.010714285714285714 0.0266497461928934
0 0.08571428571428572 0.21954314720812182 0.011428571428571429 0.025380710659898477
0 0.095 0.2233502538071066 0.01 0.02284263959390863
0 0.10357142857142858 0.22461928934010153 0.011428571428571429 0.025380710659898477
0 0.11321428571428571 0.22588832487309646 0.010714285714285714 0.025380710659898477
0 0.12285714285714286 0.22715736040609136 0.012857142857142857 0.025380710659898477
0 0.13071428571428573 0.2296954314720812 0.01 0.025380710659898477
0 0.14 0.2315989847715736 0.011428571428571429 0.024111675126903553
0 0.007142857142857143 0.3223350253807107 0.014285714285714285 0.015228426395939087
0 0.006071428571428571 0.33756345177664976 0.012142857142857143 0.012690355329949238
0 0.004642857142857143 0.35152284263959394 0.009285714285714286 0.012690355329949238
0 0.30892857142857144 0.47588832487309646 0.02214285714285714 0.02030456852791878
0 0.005 0.6986040609137056 0.01 0.01649746192893401
1 0.061785714285714284 0.7074873096446701 0.05785714285714286 0.04187817258883249
1 0.07785714285714286 0.7227157360406091 0.05142857142857143 0.044416243654822336
1 0.22714285714285715 0.6668781725888325 0.05 0.04187817258883249
1 0.1982142857142857 0.7899746192893401 0.052142857142857144 0.03934010152284264
0 0.2807142857142857 0.766497461928934 0.02857142857142857 0.02284263959390863
0 0.42928571428571427 0.031091370558375634 0.008571428571428572 0.0266497461928934
3 0.41892857142857143 0.116751269035533 0.007857142857142858 0.025380710659898477
0 0.4325 0.008248730964467006 0.0064285714285714285 0.01649746192893401
0 0.4446428571428571 0.4022842639593909 0.017857142857142856 0.02030456852791878
0 0.36357142857142855 0.7379441624365483 0.012857142857142857 0.01903553299492386
1 0.465 0.5114213197969543 0.022857142857142857 0.02284263959390863
1 0.5032142857142857 0.4720812182741117 0.027857142857142858 0.027918781725888325
3 0.4742857142857143 0.5463197969543148 0.02 0.01903553299492386
1 0.4810714285714286 0.5685279187817259 0.045 0.03553299492385787
0 0.5882142857142857 0.3223350253807107 0.015 0.017766497461928935
0 0.6385714285714286 0.4460659898477157 0.017142857142857144 0.01649746192893401
0 0.6410714285714286 0.6192893401015228 0.017857142857142856 0.02030456852791878
1 0.7692857142857142 0.43908629441624364 0.03 0.02284263959390863
0 0.7060714285714286 0.467005076142132 0.019285714285714285 0.012690355329949238
2 0.9292857142857143 0.5704314720812182 0.05 0.03426395939086294
0 0.9485714285714286 0.550761421319797 0.024285714285714285 0.02284263959390863
3 0.9392857142857143 0.37753807106598986 0.022857142857142857 0.02918781725888325
