0 0.5903571428571428 0.5970812182741116 0.02642857142857143 0.03680203045685279
0 0.605 0.4815989847715736 0.022857142857142857 0.031725888324873094
0 0.8810714285714286 0.33185279187817257 0.023571428571428573 0.021573604060913704
0 0.45535714285714285 0.616751269035533 0.012142857142857143 0.03807106598984772
0 0.4714285714285714 0.5831218274111675 0.012857142857142857 0.04187817258883249
3 0.48392857142857143 0.5425126903553299 0.012142857142857143 0.044416243654822336
0 0.5021428571428571 0.5526649746192893 0.011428571428571429 0.031725888324873094
0 0.4932142857142857 0.45114213197969544 0.012142857142857143 0.03426395939086294
0 0.47928571428571426 0.46954314720812185 0.011428571428571429 0.03553299492385787
0 0.4610714285714286 0.4593908629441624 0.010714285714285714 0.03553299492385787
0 0.45964285714285713 0.4130710659898477 0.012142857142857143 0.04187817258883249
1 0.45357142857142857 0.3610406091370558 0.014285714285714285 0.05456852791878172
2 0.40964285714285714 0.11611675126903553 0.010714285714285714 0.03934010152284264
3 0.5078571428571429 0.10088832487309644 0.018571428571428572 0.024111675126903553
0 0.49464285714285716 0.06345177664974619 0.017857142857142856 0.017766497461928935
0 0.49642857142857144 0.050761421319796954 0.02 0.017766497461928935
0 0.5214285714285715 0.06091370558375635 0.02 0.017766497461928935
