1 0.36214285714285716 0.9403553299492385 0.041428571428571426 0.10152284263959391
1 0.30357142857142855 0.8984771573604061 0.04 0.13451776649746192
0 0.06964285714285715 0.4593908629441624 0.04928571428571429 0.03299492385786802
2 0.025714285714285714 0.8515228426395939 0.05142857142857143 0.1319796954314721
2 0.27035714285714285 0.7404822335025381 0.23214285714285715 0.21446700507614214
2 0.5167857142857143 0.6687817258883249 0.14357142857142857 0.13959390862944163
3 0.6775 0.5152284263959391 0.07214285714285715 0.06598984771573604
3 0.89 0.5501269035532995 0.07285714285714286 0.07233502538071065
3 0.5078571428571429 0.1484771573604061 0.012857142857142857 0.02284263959390863
0 0.5264285714285715 0.15418781725888325 0.012857142857142857 0.01649746192893401
0 0.5925 0.10723350253807107 0.009285714285714286 0.01903553299492386
3 0.5914285714285714 0.08375634517766498 0.007142857142857143 0.02030456852791878
3 0.5282142857142857 0.08312182741116751 0.009285714285714286 0.01903553299492386
0 0.5185714285714286 0.07423857868020305 0.007142857142857143 0.013959390862944163
0 0.5321428571428571 0.07487309644670051 0.008571428571428572 0.012690355329949238
0 0.5553571428571429 0.07614213197969544 0.007857142857142858 0.015228426395939087
3 0.5875 0.021573604060913704 0.0064285714285714285 0.012690355329949238
3 0.5889285714285715 0.014593908629441625 0.0064285714285714285 0.01649746192893401
3 0.5892857142857143 0.00951776649746193 0.005714285714285714 0.013959390862944163
