0 0.5903571428571428 0.731904761904762 0.10357142857142858 0.07333333333333333
0 0.6942857142857143 0.5133333333333333 0.06142857142857143 0.02666666666666667
0 0.6182142857142857 0.939047619047619 0.155 0.1219047619047619
0 0.8867857142857143 0.5085714285714286 0.052142857142857144 0.03238095238095238
0 0.9564285714285714 0.6033333333333334 0.06714285714285714 0.04666666666666667
0 0.9303571428571429 0.5233333333333333 0.05357142857142857 0.03333333333333333
0 0.8967857142857143 0.49 0.04357142857142857 0.03333333333333333
0 0.9467857142857142 0.49857142857142855 0.05357142857142857 0.03333333333333333
0 0.9546428571428571 0.4738095238095238 0.04642857142857143 0.03333333333333333
0 0.9846428571428572 0.5109523809523809 0.030714285714285715 0.039047619047619046
0 0.9446428571428571 0.6847619047619048 0.04357142857142857 0.07047619047619047
0 0.87 0.8533333333333334 0.13857142857142857 0.10857142857142857
0 0.27285714285714285 0.5152380952380953 0.02142857142857143 0.03619047619047619
0 0.1632142857142857 0.5338095238095238 0.023571428571428573 0.04285714285714286
0 0.12857142857142856 0.5433333333333333 0.03 0.040952380952380955
0 0.03321428571428572 0.6761904761904762 0.06357142857142857 0.05333333333333334
1 0.3417857142857143 0.5495238095238095 0.08642857142857142 0.06285714285714286
1 0.6535714285714286 0.5747619047619048 0.06571428571428571 0.04857142857142857
0 0.4589285714285714 0.41714285714285715 0.019285714285714285 0.02095238095238095
0 0.23642857142857143 0.38333333333333336 0.01 0.012380952380952381
0 0.23964285714285713 0.3638095238095238 0.009285714285714286 0.009523809523809525
0 0.23607142857142857 0.3742857142857143 0.009285714285714286 0.011428571428571429
0 0.2392857142857143 0.35523809523809524 0.008571428571428572 0.009523809523809525
0 0.29642857142857143 0.44666666666666666 0.03857142857142857 0.02095238095238095
0 0.29214285714285715 0.4257142857142857 0.03857142857142857 0.02095238095238095
0 0.28714285714285714 0.4123809523809524 0.032857142857142856 0.015238095238095238
0 0.2332142857142857 0.4 0.012142857142857143 0.015238095238095238
3 0.025714285714285714 0.5514285714285714 0.03857142857142857 0.05904761904761905
0 0.28 0.37761904761904763 0.025714285714285714 0.014285714285714285
3 0.2810714285714286 0.3861904761904762 0.027857142857142858 0.01619047619047619
0 0.2839285714285714 0.39380952380952383 0.030714285714285715 0.014285714285714285
3 0.2835714285714286 0.3995238095238095 0.027142857142857142 0.018095238095238095
0 0.2860714285714286 0.40285714285714286 0.027857142857142858 0.013333333333333334
