0 0.37265135699373697 0.27968460111317256 0.0511482254697286 0.04359925788497217
0 0.6633611691022965 0.15398886827458255 0.04384133611691023 0.04267161410018553
0 0.7760960334029228 0.18877551020408162 0.04697286012526096 0.036178107606679034
0 0.29436325678496866 0.30612244897959184 0.05219206680584551 0.04638218923933209
0 0.2528705636743215 0.23747680890538034 0.049582463465553235 0.04267161410018553
0 0.08402922755741127 0.18181818181818182 0.049060542797494784 0.04081632653061224
0 0.1798016701461378 0.21335807050092764 0.049582463465553235 0.05009276437847866
1 0.18815240083507306 0.24907235621521337 0.13308977035490605 0.10482374768089053
1 0.055845511482254695 0.19619666048237477 0.11169102296450939 0.11595547309833024
0 0.8280271398747391 0.20037105751391465 0.048538622129436326 0.04267161410018553
2 0.9585073068893528 0.3515769944341373 0.08194154488517745 0.08348794063079777
