0 0.44857142857142857 0.33883248730964466 0.025714285714285714 0.06852791878172589
0 0.40785714285714286 0.36484771573604063 0.02857142857142857 0.06979695431472081
0 0.4589285714285714 0.7125634517766497 0.029285714285714286 0.10786802030456853
0 0.3342857142857143 0.9638324873096447 0.05142857142857143 0.06979695431472081
0 0.36857142857142855 0.8356598984771574 0.03857142857142857 0.13071065989847716
0 0.3767857142857143 0.7144670050761421 0.027857142857142858 0.10152284263959391
0 0.38571428571428573 0.6269035532994924 0.02857142857142857 0.08629441624365482
0 0.3917857142857143 0.5 0.029285714285714286 0.10406091370558376
0 0.42392857142857143 0.49682741116751267 0.029285714285714286 0.09771573604060914
0 0.4042857142857143 0.4289340101522843 0.025714285714285714 0.07106598984771574
0 0.44107142857142856 0.4086294416243655 0.025 0.08883248730964467
0 0.37535714285714283 0.30710659898477155 0.04071428571428572 0.04060913705583756
