1 0.47285714285714286 0.5433333333333333 0.02142857142857143 0.05047619047619047
1 0.47464285714285714 0.45571428571428574 0.016428571428571428 0.03142857142857143
1 0.18928571428571428 0.5471428571428572 0.07428571428571429 0.1419047619047619
1 0.1632142857142857 0.7142857142857143 0.09071428571428572 0.17714285714285713
1 0.09535714285714286 0.91 0.10071428571428571 0.1742857142857143
1 0.42607142857142855 0.27904761904761904 0.019285714285714285 0.045714285714285714
1 0.43535714285714283 0.24476190476190476 0.015 0.03238095238095238
1 0.046785714285714285 0.5566666666666666 0.06357142857142857 0.035238095238095235
1 0.031785714285714285 0.6071428571428571 0.06357142857142857 0.035238095238095235
1 0.29678571428571426 0.30047619047619045 0.013571428571428571 0.029523809523809525
1 0.32607142857142857 0.2557142857142857 0.015 0.035238095238095235
2 0.23107142857142857 0.42428571428571427 0.03785714285714286 0.06761904761904762
0 0.8278571428571428 0.25666666666666665 0.01 0.008571428571428572
0 0.8928571428571429 0.39666666666666667 0.017142857142857144 0.018095238095238095
2 0.9389285714285714 0.31238095238095237 0.023571428571428573 0.02666666666666667
0 0.6932142857142857 0.7161904761904762 0.03642857142857143 0.06476190476190476
0 0.6992857142857143 0.6476190476190476 0.03 0.04
0 0.4175 0.19666666666666666 0.0064285714285714285 0.006666666666666667
0 0.35214285714285715 0.19428571428571428 0.005714285714285714 0.007619047619047619
0 0.3414285714285714 0.1980952380952381 0.005714285714285714 0.007619047619047619
0 0.32607142857142857 0.2280952380952381 0.0064285714285714285 0.008571428571428572
3 0.34035714285714286 0.22142857142857142 0.0064285714285714285 0.012380952380952381
3 0.375 0.12095238095238095 0.004285714285714286 0.007619047619047619
3 0.40464285714285714 0.17142857142857143 0.005 0.007619047619047619
1 0.4082142857142857 0.18571428571428572 0.009285714285714286 0.02095238095238095
1 0.42 0.22714285714285715 0.011428571428571429 0.029523809523809525
1 0.4007142857142857 0.14476190476190476 0.005714285714285714 0.011428571428571429
0 0.39285714285714285 0.12904761904761905 0.004285714285714286 0.004761904761904762
1 0.355 0.10047619047619048 0.007142857142857143 0.008571428571428572
1 0.29892857142857143 0.14333333333333334 0.010714285714285714 0.006666666666666667
0 0.15821428571428572 0.6614285714285715 0.035 0.05047619047619047
1 0.43642857142857144 0.3385714285714286 0.015714285714285715 0.039047619047619046
0 0.44785714285714284 0.3047619047619048 0.01 0.013333333333333334
1 0.5775 0.19952380952380952 0.007857142857142858 0.008571428571428572
1 0.021785714285714287 0.1523809523809524 0.016428571428571428 0.015238095238095238
1 0.11571428571428571 0.4042857142857143 0.032857142857142856 0.018095238095238095
0 0.12892857142857142 0.38142857142857145 0.02642857142857143 0.01619047619047619
0 0.14464285714285716 0.36523809523809525 0.019285714285714285 0.01619047619047619
0 0.18535714285714286 0.3038095238095238 0.020714285714285713 0.011428571428571429
1 0.16857142857142857 0.3119047619047619 0.022857142857142857 0.012380952380952381
0 0.16 0.2757142857142857 0.011428571428571429 0.012380952380952381
0 0.08678571428571429 0.36095238095238097 0.029285714285714286 0.011428571428571429
0 0.095 0.3504761904761905 0.022857142857142857 0.011428571428571429
0 0.20642857142857143 0.28523809523809524 0.02142857142857143 0.010476190476190476
0 0.20964285714285713 0.28095238095238095 0.019285714285714285 0.009523809523809525
0 0.195 0.29 0.018571428571428572 0.010476190476190476
0 0.17714285714285713 0.27380952380952384 0.01 0.010476190476190476
3 0.08 0.8347619047619048 0.04285714285714286 0.07142857142857142
0 0.26285714285714284 0.44142857142857145 0.012857142857142857 0.023809523809523808
0 0.16285714285714287 0.31761904761904763 0.02 0.012380952380952381
