0 0.53875 0.8946666666666667 0.0495 0.06933333333333333
0 0.58025 0.725 0.0425 0.05
0 0.612 0.6843333333333333 0.037 0.04733333333333333
0 0.5855 0.6723333333333333 0.037 0.04066666666666666
0 0.63575 0.6996666666666667 0.0375 0.05
0 0.62575 0.762 0.0405 0.050666666666666665
0 0.658 0.715 0.033 0.043333333333333335
0 0.55475 0.7113333333333334 0.0395 0.04666666666666667
0 0.56775 0.651 0.0355 0.04733333333333333
0 0.53375 0.6896666666666667 0.0405 0.043333333333333335
0 0.6615 0.592 0.036 0.036
0 0.67 0.572 0.035 0.034666666666666665
0 0.2905 0.44733333333333336 0.022 0.021333333333333333
0 0.30425 0.43766666666666665 0.0275 0.023333333333333334
0 0.322 0.42433333333333334 0.027 0.023333333333333334
0 0.3405 0.419 0.027 0.023333333333333334
0 0.41725 0.37566666666666665 0.0215 0.016666666666666666
0 0.36775 0.4003333333333333 0.0325 0.022
0 0.018 0.6106666666666667 0.036 0.036
0 0.78875 0.16066666666666668 0.0155 0.009333333333333334
0 0.801 0.15033333333333335 0.019 0.01
0 0.8075 0.14666666666666667 0.019 0.012
0 0.81975 0.14133333333333334 0.0165 0.010666666666666666
0 0.8245 0.13833333333333334 0.015 0.01
0 0.84025 0.13 0.0155 0.009333333333333334
0 0.91875 0.14333333333333334 0.0125 0.008
0 0.86625 0.16 0.0115 0.008
0 0.882 0.16166666666666665 0.014 0.01
0 0.91225 0.16866666666666666 0.0135 0.009333333333333334
0 0.916 0.16433333333333333 0.015 0.007333333333333333
0 0.93925 0.16466666666666666 0.0165 0.012
0 0.905 0.186 0.019 0.010666666666666666
0 0.9915 0.20433333333333334 0.014 0.012666666666666666
0 0.9775 0.178 0.019 0.017333333333333333
0 0.99575 0.18233333333333332 0.0085 0.012666666666666666
0 0.133 0.009666666666666667 0.017 0.008666666666666666
0 0.143 0.008 0.018 0.009333333333333334
