0 0.4253571428571429 0.6466666666666666 0.06642857142857143 0.0419047619047619
0 0.4375 0.6042857142857143 0.045 0.035238095238095235
0 0.5807142857142857 0.6361904761904762 0.047142857142857146 0.03619047619047619
0 0.545 0.5919047619047619 0.03857142857142857 0.035238095238095235
0 0.5885714285714285 0.5633333333333334 0.03857142857142857 0.035238095238095235
0 0.6307142857142857 0.49714285714285716 0.025714285714285714 0.02666666666666667
0 0.43464285714285716 0.5023809523809524 0.03214285714285714 0.021904761904761906
0 0.5103571428571428 0.5871428571428572 0.04357142857142857 0.04476190476190476
0 0.6164285714285714 0.6071428571428571 0.03428571428571429 0.03333333333333333
0 0.65 0.5761904761904761 0.032857142857142856 0.03619047619047619
0 0.6775 0.5519047619047619 0.027857142857142858 0.03142857142857143
0 0.6982142857142857 0.54 0.025 0.030476190476190476
0 0.5903571428571428 0.5228571428571429 0.029285714285714286 0.030476190476190476
0 0.5546428571428571 0.5380952380952381 0.03785714285714286 0.03619047619047619
0 0.5210714285714285 0.5614285714285714 0.039285714285714285 0.03333333333333333
0 0.6553571428571429 0.48142857142857143 0.023571428571428573 0.02
0 0.6825 0.47095238095238096 0.023571428571428573 0.02
0 0.6989285714285715 0.45904761904761904 0.020714285714285713 0.01904761904761905
1 0.4564285714285714 0.5457142857142857 0.04285714285714286 0.0380952380952381
0 0.4332142857142857 0.5404761904761904 0.029285714285714286 0.021904761904761906
3 0.39785714285714285 0.4876190476190476 0.03 0.02857142857142857
3 0.38142857142857145 0.5238095238095238 0.03 0.02857142857142857
0 0.5060714285714286 0.52 0.035 0.02666666666666667
0 0.48964285714285716 0.5171428571428571 0.035 0.02666666666666667
3 0.34964285714285714 0.4795238095238095 0.03357142857142857 0.023809523809523808
0 0.26142857142857145 0.45571428571428574 0.032857142857142856 0.021904761904761906
0 0.3317857142857143 0.4719047619047619 0.027857142857142858 0.021904761904761906
0 0.31892857142857145 0.4676190476190476 0.027857142857142858 0.022857142857142857
0 0.3075 0.47 0.027857142857142858 0.021904761904761906
0 0.2953571428571429 0.4657142857142857 0.027857142857142858 0.022857142857142857
0 0.3464285714285714 0.518095238095238 0.02857142857142857 0.022857142857142857
0 0.33071428571428574 0.5128571428571429 0.02857142857142857 0.021904761904761906
0 0.3142857142857143 0.5090476190476191 0.02857142857142857 0.021904761904761906
0 0.3 0.5033333333333333 0.02857142857142857 0.021904761904761906
0 0.29 0.5014285714285714 0.02857142857142857 0.021904761904761906
0 0.7064285714285714 0.41095238095238096 0.02142857142857143 0.01619047619047619
0 0.6742857142857143 0.43047619047619046 0.024285714285714285 0.015238095238095238
0 0.7282142857142857 0.44142857142857145 0.019285714285714285 0.01619047619047619
0 0.7128571428571429 0.4080952380952381 0.02142857142857143 0.01619047619047619
0 0.8296428571428571 0.7671428571428571 0.09357142857142857 0.06571428571428571
0 0.18714285714285714 0.6123809523809524 0.05 0.04380952380952381
0 0.1575 0.7814285714285715 0.08785714285714286 0.07714285714285714
0 0.03678571428571428 0.8938095238095238 0.07357142857142857 0.09619047619047619
0 0.0225 0.729047619047619 0.045 0.06
0 0.5489285714285714 0.48333333333333334 0.039285714285714285 0.02761904761904762
