3 0.4203571428571429 0.006979695431472081 0.007857142857142858 0.013959390862944163
3 0.43107142857142855 0.006345177664974619 0.007857142857142858 0.012690355329949238
0 0.43607142857142855 0.013959390862944163 0.007857142857142858 0.012690355329949238
0 0.42928571428571427 0.015228426395939087 0.007142857142857143 0.012690355329949238
0 0.41714285714285715 0.07804568527918782 0.008571428571428572 0.013959390862944163
0 0.42714285714285716 0.07487309644670051 0.01 0.012690355329949238
0 0.4421428571428571 0.07360406091370558 0.01 0.012690355329949238
0 0.495 0.05520304568527919 0.014285714285714285 0.011421319796954314
2 0.5267857142857143 0.04631979695431472 0.035 0.021573604060913704
3 0.4810714285714286 0.06408629441624365 0.009285714285714286 0.01903553299492386
2 0.49892857142857144 0.08629441624365482 0.023571428571428573 0.04060913705583756
0 0.45785714285714285 0.17956852791878172 0.01 0.01903553299492386
1 0.6 0.30774111675126903 0.022857142857142857 0.05203045685279188
1 0.6153571428571428 0.35913705583756345 0.020714285714285713 0.050761421319796954
0 0.6314285714285715 0.4029187817258883 0.03142857142857143 0.03426395939086294
0 0.6532142857142857 0.4879441624365482 0.023571428571428573 0.03680203045685279
3 0.6707142857142857 0.5355329949238579 0.018571428571428572 0.050761421319796954
3 0.6775 0.5970812182741116 0.017857142857142856 0.05964467005076142
3 0.6746428571428571 0.6763959390862944 0.017857142857142856 0.05583756345177665
3 0.6717857142857143 0.7436548223350253 0.019285714285714285 0.06091370558375635
2 0.5317857142857143 0.6611675126903553 0.019285714285714285 0.08375634517766498
0 0.5171428571428571 0.8477157360406091 0.02142857142857143 0.06598984771573604
2 0.4739285714285714 0.9657360406091371 0.03785714285714286 0.06598984771573604
0 0.48428571428571426 0.2956852791878173 0.011428571428571429 0.025380710659898477
0 0.017857142857142856 0.9600253807106599 0.03571428571428571 0.07741116751269035
3 0.04964285714285714 0.942258883248731 0.04071428571428572 0.10786802030456853
0 0.08464285714285714 0.9460659898477157 0.03214285714285714 0.08756345177664974
3 0.12214285714285714 0.9314720812182741 0.03571428571428571 0.09390862944162437
0 0.01 0.8857868020304569 0.02 0.07868020304568528
0 0.03464285714285714 0.875 0.03785714285714286 0.0799492385786802
0 0.06928571428571428 0.8616751269035533 0.03571428571428571 0.07868020304568528
0 0.09964285714285714 0.8597715736040609 0.030714285714285715 0.06725888324873096
0 0.1332142857142857 0.8515228426395939 0.03214285714285714 0.08121827411167512
0 0.16071428571428573 0.8604060913705583 0.03 0.07360406091370558
0 0.009642857142857142 0.7480964467005076 0.019285714285714285 0.08248730964467005
0 0.05964285714285714 0.7258883248730964 0.027857142857142858 0.07106598984771574
3 0.13214285714285715 0.7468274111675127 0.07 0.07233502538071065
0 0.2507142857142857 0.35406091370558374 0.015714285714285715 0.03553299492385787
3 0.2710714285714286 0.3483502538071066 0.016428571428571428 0.04187817258883249
0 0.26821428571428574 0.475253807106599 0.03357142857142857 0.0266497461928934
3 0.3339285714285714 0.38451776649746194 0.03357142857142857 0.030456852791878174
3 0.3382142857142857 0.39784263959390864 0.03357142857142857 0.031725888324873094
0 0.3375 0.4143401015228426 0.030714285714285715 0.0266497461928934
0 0.3289285714285714 0.44543147208121825 0.016428571428571428 0.03299492385786802
0 0.30357142857142855 0.5634517766497462 0.024285714285714285 0.048223350253807105
3 0.3342857142857143 0.4796954314720812 0.02 0.03299492385786802
