0 0.052 0.6503333333333333 0.054 0.06333333333333334
3 0.055 0.49533333333333335 0.044 0.068
0 0.01475 0.4876666666666667 0.0295 0.05533333333333333
0 0.5075 0.7543333333333333 0.039 0.106
0 0.51 0.57 0.041 0.068
0 0.61925 0.5496666666666666 0.0365 0.07266666666666667
0 0.507 0.488 0.028 0.06
3 0.71925 0.7726666666666666 0.0505 0.12133333333333333
0 0.79425 0.704 0.0845 0.05333333333333334
0 0.69225 0.476 0.0425 0.050666666666666665
0 0.50375 0.407 0.0215 0.03933333333333333
0 0.50575 0.353 0.0195 0.043333333333333335
0 0.6365 0.3313333333333333 0.031 0.03866666666666667
0 0.619 0.284 0.021 0.029333333333333333
0 0.39325 0.405 0.0555 0.03266666666666666
0 0.405 0.375 0.051 0.028666666666666667
0 0.40575 0.35533333333333333 0.0545 0.029333333333333333
0 0.415 0.30433333333333334 0.043 0.026
3 0.41925 0.281 0.0385 0.026
3 0.43825 0.168 0.0425 0.024
0 0.435 0.18233333333333332 0.039 0.022
0 0.43875 0.15 0.0355 0.021333333333333333
0 0.44225 0.13766666666666666 0.0305 0.015333333333333332
0 0.44575 0.12566666666666668 0.0325 0.015333333333333332
0 0.447 0.11566666666666667 0.032 0.015333333333333332
0 0.4095 0.102 0.012 0.017333333333333333
0 0.25575 0.22333333333333333 0.0285 0.02666666666666667
0 0.412 0.08233333333333333 0.016 0.014
0 0.428 0.07866666666666666 0.01 0.014666666666666666
1 0.505 0.268 0.018 0.042666666666666665
0 0.62075 0.22433333333333333 0.0225 0.03
1 0.50375 0.227 0.0165 0.034
0 0.5045 0.20133333333333334 0.017 0.029333333333333333
0 0.5005 0.173 0.015 0.026
0 0.502 0.15533333333333332 0.016 0.021333333333333333
0 0.6045 0.183 0.027 0.020666666666666667
0 0.59775 0.169 0.0275 0.018
0 0.5835 0.163 0.028 0.018
0 0.59975 0.151 0.0305 0.019333333333333334
0 0.5935 0.14166666666666666 0.035 0.016666666666666666
0 0.593 0.133 0.029 0.018
0 0.58675 0.124 0.0295 0.018666666666666668
0 0.5835 0.11666666666666667 0.03 0.014666666666666666
0 0.582 0.10233333333333333 0.028 0.016666666666666666
0 0.574 0.08766666666666667 0.021 0.015333333333333332
0 0.5745 0.07866666666666666 0.024 0.012
3 0.45075 0.092 0.0285 0.021333333333333333
1 0.4995 0.132 0.017 0.03333333333333333
0 0.5 0.09933333333333333 0.012 0.02
