0 0.285 0.0532994923857868 0.02 0.03553299492385787
0 0.4042857142857143 0.18401015228426396 0.018571428571428572 0.04060913705583756
0 0.13178571428571428 0.16116751269035534 0.030714285714285715 0.04060913705583756
0 0.2 0.0450507614213198 0.024285714285714285 0.031725888324873094
0 0.24142857142857144 0.09517766497461928 0.022857142857142857 0.03553299492385787
0 0.40714285714285714 0.10786802030456853 0.014285714285714285 0.03807106598984772
0 0.07357142857142857 0.524746192893401 0.045714285714285714 0.0799492385786802
0 0.9767857142857143 0.3001269035532995 0.020714285714285713 0.03934010152284264
0 0.8885714285714286 0.27284263959390864 0.02142857142857143 0.03553299492385787
0 0.8496428571428571 0.37119289340101524 0.025 0.04187817258883249
0 0.8296428571428571 0.4143401015228426 0.027857142857142858 0.05456852791878172
0 0.8107142857142857 0.4682741116751269 0.027142857142857142 0.04314720812182741
0 0.5160714285714286 0.41751269035532995 0.017857142857142856 0.0532994923857868
3 0.8628571428571429 0.3299492385786802 0.027142857142857142 0.0532994923857868
3 0.78 0.5831218274111675 0.02857142857142857 0.07741116751269035
3 0.9560714285714286 0.23223350253807107 0.030714285714285715 0.03807106598984772
0 0.3107142857142857 0.19923857868020303 0.015714285714285715 0.03299492385786802
0 0.2739285714285714 0.8115482233502538 0.030714285714285715 0.07741116751269035
0 0.37214285714285716 0.8026649746192893 0.032857142857142856 0.10786802030456853
3 0.3767857142857143 0.6516497461928934 0.029285714285714286 0.0901015228426396
3 0.39 0.4460659898477157 0.022857142857142857 0.07487309644670051
2 0.33464285714285713 0.1782994923857868 0.029285714285714286 0.08756345177664974
2 0.5310714285714285 0.25951776649746194 0.020714285714285713 0.12563451776649745
0 0.4060714285714286 0.024746192893401017 0.010714285714285714 0.0266497461928934
0 0.28285714285714286 0.008248730964467006 0.018571428571428572 0.01649746192893401
0 0.9842857142857143 0.03807106598984772 0.011428571428571429 0.02284263959390863
0 0.9892857142857143 0.024746192893401017 0.012857142857142857 0.02918781725888325
2 0.9267857142857143 0.02918781725888325 0.04642857142857143 0.0532994923857868
0 0.3410714285714286 0.09708121827411167 0.013571428571428571 0.02918781725888325
