0 0.64775 0.295 0.0785 0.048666666666666664
0 0.73425 0.285 0.0785 0.04733333333333333
0 0.0655 0.375 0.097 0.054
3 0.16625 0.35533333333333333 0.0825 0.058666666666666666
0 0.2585 0.3466666666666667 0.081 0.052
0 0.18775 0.26866666666666666 0.0775 0.050666666666666665
0 0.28825 0.257 0.0715 0.05
0 0.3775 0.24866666666666667 0.069 0.042666666666666665
0 0.1135 0.22333333333333333 0.045 0.042666666666666665
0 0.0535 0.17666666666666667 0.064 0.034666666666666665
0 0.0675 0.156 0.061 0.029333333333333333
0 0.201 0.14833333333333334 0.061 0.035333333333333335
0 0.16475 0.13533333333333333 0.0365 0.034666666666666665
0 0.1635 0.094 0.029 0.034666666666666665
3 0.153 0.06433333333333334 0.046 0.026
0 0.1715 0.047 0.046 0.022
1 0.21575 0.044 0.0425 0.04933333333333333
0 0.1795 0.03766666666666667 0.04 0.024666666666666667
0 0.18825 0.03 0.0355 0.02266666666666667
0 0.20175 0.023666666666666666 0.0355 0.020666666666666667
0 0.2125 0.016666666666666666 0.04 0.018666666666666668
3 0.486 0.314 0.065 0.06133333333333333
0 0.5465 0.22866666666666666 0.067 0.04133333333333333
0 0.6 0.20166666666666666 0.042 0.04066666666666666
1 0.68175 0.10833333333333334 0.0675 0.054
0 0.65625 0.10333333333333333 0.0395 0.032
1 0.5425 0.034 0.051 0.04533333333333334
0 0.5435 0.018 0.047 0.02666666666666667
0 0.53575 0.024666666666666667 0.0425 0.02666666666666667
0 0.6335 0.034333333333333334 0.04 0.028666666666666667
0 0.62975 0.027333333333333334 0.0445 0.02266666666666667
0 0.6265 0.019333333333333334 0.038 0.018666666666666668
0 0.78425 0.20266666666666666 0.0565 0.03866666666666667
0 0.81875 0.27466666666666667 0.0535 0.04133333333333333
0 0.87675 0.032 0.0285 0.025333333333333333
3 0.8445 0.011333333333333334 0.03 0.02266666666666667
