0 0.15107142857142858 0.37952380952380954 0.07785714285714286 0.08285714285714285
0 0.6257142857142857 0.5557142857142857 0.21428571428571427 0.1742857142857143
0 0.5314285714285715 0.39571428571428574 0.11285714285714285 0.08285714285714285
0 0.4117857142857143 0.3433333333333333 0.08642857142857142 0.06380952380952382
3 0.3417857142857143 0.30142857142857143 0.06642857142857143 0.07333333333333333
3 0.28035714285714286 0.26476190476190475 0.07357142857142857 0.08952380952380952
0 0.22714285714285715 0.2623809523809524 0.045714285714285714 0.04476190476190476
0 0.17107142857142857 0.23142857142857143 0.03642857142857143 0.03619047619047619
0 0.1467857142857143 0.21428571428571427 0.029285714285714286 0.02857142857142857
0 0.10928571428571429 0.1980952380952381 0.02142857142857143 0.02666666666666667
0 0.12821428571428573 0.20714285714285716 0.023571428571428573 0.025714285714285714
0 0.09392857142857143 0.18857142857142858 0.017857142857142856 0.02857142857142857
0 0.03678571428571428 0.1376190476190476 0.015 0.01619047619047619
0 0.07178571428571429 0.14857142857142858 0.017857142857142856 0.011428571428571429
2 0.11142857142857143 0.15285714285714286 0.04428571428571428 0.039047619047619046
2 0.24892857142857142 0.19047619047619047 0.07357142857142857 0.06285714285714286
3 0.2 0.2119047619047619 0.04 0.029523809523809525
0 0.40285714285714286 0.23714285714285716 0.047142857142857146 0.03428571428571429
0 0.5103571428571428 0.30428571428571427 0.07214285714285715 0.04857142857142857
0 0.5689285714285715 0.3628571428571429 0.10928571428571429 0.06095238095238095
1 0.19321428571428573 0.16476190476190475 0.029285714285714286 0.03238095238095238
3 0.2057142857142857 0.17523809523809525 0.015714285714285715 0.017142857142857144
3 0.14714285714285713 0.15714285714285714 0.012857142857142857 0.013333333333333334
3 0.15964285714285714 0.16333333333333333 0.012142857142857143 0.018095238095238095
3 0.1717857142857143 0.1661904761904762 0.013571428571428571 0.02
