0 0.6475 0.8085714285714286 0.065 0.09904761904761905
0 0.5510714285714285 0.621904761904762 0.03357142857142857 0.047619047619047616
0 0.4875 0.49714285714285716 0.027857142857142858 0.03238095238095238
0 0.4517857142857143 0.4895238095238095 0.023571428571428573 0.02666666666666667
0 0.4392857142857143 0.4576190476190476 0.02 0.025714285714285714
0 0.525 0.3523809523809524 0.025714285714285714 0.017142857142857144
0 0.4632142857142857 0.7242857142857143 0.03785714285714286 0.07523809523809524
2 0.38607142857142857 0.4004761904761905 0.062142857142857146 0.06190476190476191
2 0.6596428571428572 0.3138095238095238 0.05785714285714286 0.03142857142857143
0 0.3175 0.3738095238095238 0.015 0.021904761904761906
0 0.32321428571428573 0.3504761904761905 0.015 0.01904761904761905
0 0.33107142857142857 0.3304761904761905 0.015 0.017142857142857144
0 0.3007142857142857 0.3461904761904762 0.012857142857142857 0.01619047619047619
0 0.31142857142857144 0.3333333333333333 0.015714285714285715 0.015238095238095238
0 0.2985714285714286 0.31952380952380954 0.014285714285714285 0.01619047619047619
0 0.2810714285714286 0.3 0.012142857142857143 0.013333333333333334
0 0.485 0.3304761904761905 0.025714285714285714 0.015238095238095238
0 0.7271428571428571 0.31 0.027142857142857142 0.014285714285714285
0 0.6953571428571429 0.3423809523809524 0.02214285714285714 0.014285714285714285
0 0.8321428571428572 0.3219047619047619 0.025714285714285714 0.015238095238095238
0 0.8653571428571428 0.3142857142857143 0.02214285714285714 0.015238095238095238
0 0.385 0.4514285714285714 0.02 0.030476190476190476
0 0.19142857142857142 0.3061904761904762 0.02 0.012380952380952381
0 0.20107142857142857 0.2923809523809524 0.020714285714285713 0.011428571428571429
0 0.2825 0.32047619047619047 0.013571428571428571 0.012380952380952381
3 0.43714285714285717 0.3171428571428571 0.015714285714285715 0.02095238095238095
3 0.5014285714285714 0.3261904761904762 0.012857142857142857 0.01619047619047619
0 0.5253571428571429 0.32666666666666666 0.02214285714285714 0.013333333333333334
0 0.5210714285714285 0.3238095238095238 0.02214285714285714 0.013333333333333334
0 0.5175 0.32 0.019285714285714285 0.011428571428571429
0 0.5103571428571428 0.31523809523809526 0.020714285714285713 0.011428571428571429
0 0.5628571428571428 0.31 0.02142857142857143 0.012380952380952381
0 0.57 0.31285714285714283 0.02142857142857143 0.010476190476190476
0 0.5746428571428571 0.319047619047619 0.02214285714285714 0.013333333333333334
0 0.9885714285714285 0.2719047619047619 0.02 0.029523809523809525
