3 0.14785714285714285 0.4276190476190476 0.07714285714285714 0.047619047619047616
0 0.24071428571428571 0.4319047619047619 0.07428571428571429 0.04285714285714286
3 0.515 0.07952380952380952 0.027142857142857142 0.06
3 0.49642857142857144 0.23095238095238096 0.027142857142857142 0.06571428571428571
3 0.49785714285714283 0.29904761904761906 0.027142857142857142 0.06857142857142857
1 0.49178571428571427 0.38571428571428573 0.03785714285714286 0.10666666666666667
3 0.4828571428571429 0.4942857142857143 0.03142857142857143 0.08
0 0.41785714285714287 0.69 0.037142857142857144 0.11142857142857143
0 0.9060714285714285 0.7261904761904762 0.09071428571428572 0.05047619047619047
3 0.8175 0.7157142857142857 0.07642857142857143 0.05047619047619047
