0 0.2818371607515658 0.4554730983302412 0.029227557411273485 0.06679035250463822
0 0.3126304801670146 0.43692022263450836 0.032359081419624215 0.06307977736549165
0 0.24973903966597077 0.3047309833024119 0.024530271398747392 0.041743970315398886
0 0.19911273486430062 0.08858998144712431 0.012004175365344467 0.023191094619666047
0 0.12108559498956159 0.06957328385899815 0.009394572025052192 0.016697588126159554
0 0.10307933194154488 0.07560296846011132 0.010960334029227558 0.013914656771799629
0 0.17640918580375783 0.05844155844155844 0.009394572025052192 0.014842300556586271
0 0.18789144050104384 0.05102040816326531 0.010438413361169102 0.016697588126159554
0 0.18136743215031315 0.030612244897959183 0.006784968684759917 0.016697588126159554
0 0.17301670146137788 0.011595547309833023 0.006784968684759917 0.013914656771799629
0 0.16127348643006262 0.012059369202226345 0.007306889352818371 0.012987012987012988
0 0.10255741127348643 0.05612244897959184 0.008872651356993737 0.01020408163265306
0 0.10386221294363257 0.041280148423005564 0.009394572025052192 0.015769944341372914
0 0.1022964509394572 0.02458256029684601 0.010438413361169102 0.012059369202226345
