0 0.7800104384133612 0.7764378478664193 0.04018789144050104 0.08719851576994433
3 0.80741127348643 0.87569573283859 0.038622129436325675 0.08163265306122448
0 0.7246868475991649 0.5667903525046383 0.0255741127348643 0.04638218923933209
0 0.7139874739039666 0.5162337662337663 0.03653444676409186 0.04916512059369202
3 0.7027661795407099 0.4717068645640074 0.02348643006263048 0.041743970315398886
0 0.6782359081419624 0.4962894248608534 0.02139874739039666 0.04267161410018553
0 0.5592379958246346 0.08116883116883117 0.007828810020876827 0.01020408163265306
0 0.5521920668058455 0.11873840445269017 0.008350730688935281 0.014842300556586271
0 0.5524530271398748 0.14703153988868276 0.007828810020876827 0.015769944341372914
0 0.5652400835073069 0.17207792207792208 0.009394572025052192 0.015769944341372914
