0 0.20785714285714285 0.6928571428571428 0.06142857142857143 0.18
0 0.21285714285714286 0.29619047619047617 0.04428571428571428 0.12761904761904763
0 0.11 0.24761904761904763 0.05 0.10666666666666667
0 0.05714285714285714 0.5952380952380952 0.06428571428571428 0.13523809523809524
0 0.6207142857142857 0.39 0.09714285714285714 0.05047619047619047
0 0.6610714285714285 0.719047619047619 0.11642857142857142 0.07047619047619047
0 0.6292857142857143 0.51 0.09714285714285714 0.05238095238095238
0 0.6239285714285714 0.4438095238095238 0.095 0.05714285714285714
0 0.6796428571428571 0.8766666666666667 0.11357142857142857 0.08095238095238096
0 0.6703571428571429 0.8033333333333333 0.115 0.07714285714285714
3 0.6557142857142857 0.638095238095238 0.09857142857142857 0.07047619047619047
3 0.6414285714285715 0.5728571428571428 0.09714285714285714 0.058095238095238096
3 0.6110714285714286 0.3319047619047619 0.07785714285714286 0.06
0 0.0275 0.8404761904761905 0.055 0.16857142857142857
0 0.28785714285714287 0.9471428571428572 0.05285714285714286 0.09428571428571429
3 0.12178571428571429 0.12095238095238095 0.045 0.10857142857142857
0 0.5807142857142857 0.06619047619047619 0.07571428571428572 0.06190476190476191
3 0.575 0.020476190476190478 0.07571428571428572 0.040952380952380955
3 0.6921428571428572 0.9633333333333334 0.12142857142857143 0.07333333333333333
3 0.085 0.38285714285714284 0.06714285714285714 0.12380952380952381
