0 0.31642857142857145 0.15333333333333332 0.018571428571428572 0.04380952380952381
0 0.31107142857142855 0.08047619047619048 0.017857142857142856 0.03142857142857143
0 0.30964285714285716 0.02761904761904762 0.015 0.024761904761904763
0 0.013928571428571429 0.26904761904761904 0.025 0.02761904761904762
0 0.35464285714285715 0.45666666666666667 0.030714285714285715 0.06761904761904762
0 0.45571428571428574 0.9395238095238095 0.05 0.12095238095238095
0 0.4425 0.799047619047619 0.04642857142857143 0.12571428571428572
0 0.4235714285714286 0.6471428571428571 0.037142857142857144 0.08666666666666667
3 0.3653571428571429 0.5466666666666666 0.03357142857142857 0.0761904761904762
3 0.4039285714285714 0.5038095238095238 0.030714285714285715 0.06666666666666667
0 0.44142857142857145 0.3742857142857143 0.03142857142857143 0.06476190476190476
3 0.505 0.2638095238095238 0.037142857142857144 0.04380952380952381
0 0.37392857142857144 0.20761904761904762 0.020714285714285713 0.03619047619047619
0 0.6139285714285714 0.18142857142857144 0.045 0.02761904761904762
0 0.8457142857142858 0.07333333333333333 0.02142857142857143 0.01904761904761905
