2 0.031071428571428573 0.09137055837563451 0.039285714285714285 0.03807106598984772
2 0.03535714285714286 0.0583756345177665 0.065 0.06345177664974619
1 0.09285714285714286 0.13705583756345177 0.04 0.08121827411167512
3 0.11571428571428571 0.21446700507614214 0.02 0.04060913705583756
3 0.25642857142857145 0.626269035532995 0.027142857142857142 0.05964467005076142
1 0.2857142857142857 0.7442893401015228 0.045714285714285714 0.12563451776649745
0 0.4225 0.06472081218274112 0.015 0.030456852791878174
0 0.3460714285714286 0.33185279187817257 0.029285714285714286 0.03680203045685279
0 0.3925 0.3699238578680203 0.027857142857142858 0.03934010152284264
0 0.36714285714285716 0.39149746192893403 0.027142857142857142 0.03680203045685279
0 0.4442857142857143 0.4213197969543147 0.02857142857142857 0.03807106598984772
0 0.3107142857142857 0.3020304568527919 0.03 0.03299492385786802
0 0.27285714285714285 0.3020304568527919 0.024285714285714285 0.03299492385786802
3 0.2782142857142857 0.2753807106598985 0.030714285714285715 0.03553299492385787
3 0.41 0.4289340101522843 0.032857142857142856 0.04568527918781726
2 0.32071428571428573 0.3413705583756345 0.047142857142857146 0.06091370558375635
3 0.4660714285714286 0.48286802030456855 0.030714285714285715 0.046954314720812185
2 0.5317857142857143 0.506979695431472 0.04357142857142857 0.06472081218274112
0 0.5332142857142858 0.557741116751269 0.03357142857142857 0.046954314720812185
0 0.48214285714285715 0.01015228426395939 0.014285714285714285 0.02030456852791878
3 0.4025 0.21954314720812182 0.025 0.06852791878172589
3 0.42714285714285716 0.21890862944162437 0.024285714285714285 0.06218274111675127
0 0.37785714285714284 0.2265228426395939 0.017142857142857144 0.03934010152284264
3 0.5292857142857142 0.8559644670050761 0.024285714285714285 0.07487309644670051
0 0.57 0.924492385786802 0.018571428571428572 0.06725888324873096
0 0.6253571428571428 0.7227157360406091 0.027857142857142858 0.06725888324873096
0 0.6192857142857143 0.6243654822335025 0.032857142857142856 0.0583756345177665
3 0.6857142857142857 0.8413705583756346 0.02142857142857143 0.07360406091370558
0 0.6575 0.9708121827411168 0.017857142857142856 0.05583756345177665
3 0.9703571428571428 0.8959390862944162 0.047857142857142855 0.07868020304568528
0 0.7889285714285714 0.5228426395939086 0.023571428571428573 0.05583756345177665
0 0.7225 0.383248730964467 0.012142857142857143 0.050761421319796954
0 0.7178571428571429 0.4796954314720812 0.014285714285714285 0.05583756345177665
0 0.7164285714285714 0.5456852791878173 0.017142857142857144 0.05583756345177665
0 0.6785714285714286 0.39847715736040606 0.014285714285714285 0.0532994923857868
0 0.6717857142857143 0.48223350253807107 0.016428571428571428 0.0532994923857868
0 0.6996428571428571 0.3756345177664975 0.015 0.04568527918781726
3 0.7421428571428571 0.32043147208121825 0.017142857142857144 0.04949238578680203
1 0.6978571428571428 0.46383248730964466 0.025714285714285714 0.13324873096446702
3 0.6821428571428572 0.32043147208121825 0.014285714285714285 0.05456852791878172
1 0.7035714285714286 0.2880710659898477 0.02 0.08375634517766498
0 0.7039285714285715 0.19225888324873097 0.010714285714285714 0.03680203045685279
0 0.7035714285714286 0.2315989847715736 0.011428571428571429 0.03680203045685279
