0 0.4682142857142857 0.8210659898477157 0.017857142857142856 0.05583756345177665
0 0.5435714285714286 0.8096446700507615 0.041428571428571426 0.03807106598984772
0 0.5582142857142857 0.942258883248731 0.020714285714285713 0.07487309644670051
0 0.5460714285714285 0.868020304568528 0.04357142857142857 0.04568527918781726
0 0.6375 0.876269035532995 0.04357142857142857 0.03426395939086294
0 0.6557142857142857 0.9543147208121827 0.04428571428571428 0.03299492385786802
0 0.6271428571428571 0.6802030456852792 0.037142857142857144 0.027918781725888325
0 0.5339285714285714 0.5044416243654822 0.030714285714285715 0.024111675126903553
0 0.6107142857142858 0.5831218274111675 0.032857142857142856 0.0266497461928934
0 0.5757142857142857 0.38451776649746194 0.011428571428571429 0.027918781725888325
0 0.5921428571428572 0.3864213197969543 0.011428571428571429 0.02918781725888325
0 0.5678571428571428 0.34517766497461927 0.022857142857142857 0.02030456852791878
0 0.51 0.39593908629441626 0.008571428571428572 0.027918781725888325
0 0.4975 0.3286802030456853 0.010714285714285714 0.02030456852791878
0 0.48035714285714287 0.31852791878172587 0.009285714285714286 0.02284263959390863
0 0.48928571428571427 0.24111675126903553 0.008571428571428572 0.02030456852791878
0 0.045 0.19796954314720813 0.018571428571428572 0.012690355329949238
0 0.05821428571428571 0.18908629441624367 0.013571428571428571 0.017766497461928935
0 0.06821428571428571 0.18210659898477158 0.013571428571428571 0.01649746192893401
0 0.075 0.1751269035532995 0.014285714285714285 0.015228426395939087
0 0.08178571428571428 0.17068527918781726 0.013571428571428571 0.013959390862944163
0 0.08928571428571429 0.15926395939086294 0.017142857142857144 0.01649746192893401
0 0.5078571428571429 0.006345177664974619 0.005714285714285714 0.01015228426395939
0 0.5253571428571429 0.010786802030456852 0.005 0.008883248730964468
0 0.5082142857142857 0.023477157360406092 0.005 0.008883248730964468
0 0.5060714285714286 0.041243654822335024 0.005 0.008883248730964468
0 0.5064285714285715 0.03362944162436548 0.005714285714285714 0.008883248730964468
0 0.4878571428571429 0.04631979695431472 0.005714285714285714 0.008883248730964468
0 0.4967857142857143 0.08819796954314721 0.007857142857142858 0.011421319796954314
0 0.4825 0.08819796954314721 0.0064285714285714285 0.011421319796954314
0 0.5114285714285715 0.08121827411167512 0.012857142857142857 0.012690355329949238
0 0.4592857142857143 0.12309644670050761 0.014285714285714285 0.01015228426395939
0 0.46785714285714286 0.06535532994923858 0.012857142857142857 0.011421319796954314
0 0.455 0.14720812182741116 0.014285714285714285 0.015228426395939087
0 0.4542857142857143 0.13578680203045684 0.014285714285714285 0.012690355329949238
0 0.44642857142857145 0.16687817258883247 0.015714285714285715 0.011421319796954314
0 0.4475 0.17639593908629442 0.015 0.012690355329949238
0 0.44357142857142856 0.20050761421319796 0.007142857142857143 0.017766497461928935
0 0.43392857142857144 0.27093908629441626 0.017857142857142856 0.01649746192893401
0 0.43535714285714283 0.26078680203045684 0.016428571428571428 0.01649746192893401
0 0.43785714285714283 0.2512690355329949 0.018571428571428572 0.017766497461928935
0 0.42607142857142855 0.3102791878172589 0.019285714285714285 0.01649746192893401
0 0.42857142857142855 0.34581218274111675 0.024285714285714285 0.01903553299492386
0 0.41964285714285715 0.35850253807106597 0.02214285714285714 0.021573604060913704
0 0.41035714285714286 0.38515228426395937 0.02642857142857143 0.021573604060913704
0 0.40464285714285714 0.42449238578680204 0.027857142857142858 0.01903553299492386
0 0.43607142857142855 0.3876903553299492 0.015 0.02918781725888325
3 0.49464285714285716 0.19543147208121828 0.007857142857142858 0.015228426395939087
0 0.5310714285714285 0.14276649746192893 0.016428571428571428 0.013959390862944163
0 0.5285714285714286 0.13388324873096447 0.015714285714285715 0.011421319796954314
0 0.5282142857142857 0.12690355329949238 0.013571428571428571 0.01015228426395939
0 0.5303571428571429 0.1218274111675127 0.013571428571428571 0.01015228426395939
0 0.5310714285714285 0.11548223350253807 0.013571428571428571 0.01015228426395939
0 0.5282142857142857 0.0901015228426396 0.013571428571428571 0.01015228426395939
0 0.5296428571428572 0.07360406091370558 0.013571428571428571 0.01015228426395939
0 0.5314285714285715 0.09961928934010152 0.014285714285714285 0.011421319796954314
0 0.5296428571428572 0.06472081218274112 0.013571428571428571 0.01015228426395939
0 0.5467857142857143 0.0983502538071066 0.0064285714285714285 0.011421319796954314
0 0.5542857142857143 0.09200507614213198 0.004285714285714286 0.008883248730964468
0 0.5867857142857142 0.0983502538071066 0.0064285714285714285 0.013959390862944163
0 0.5682142857142857 0.09137055837563451 0.015 0.012690355329949238
0 0.5932142857142857 0.07423857868020305 0.0064285714285714285 0.011421319796954314
0 0.5510714285714285 0.19796954314720813 0.012142857142857143 0.015228426395939087
0 0.5314285714285715 0.19416243654822335 0.017142857142857144 0.012690355329949238
0 0.5642857142857143 0.2626903553299492 0.02 0.015228426395939087
0 0.5471428571428572 0.3369289340101523 0.022857142857142857 0.01649746192893401
0 0.5639285714285714 0.29885786802030456 0.016428571428571428 0.013959390862944163
0 0.5853571428571429 0.29124365482233505 0.020714285714285713 0.013959390862944163
0 0.5853571428571429 0.28109137055837563 0.019285714285714285 0.01649746192893401
0 0.5871428571428572 0.3026649746192893 0.02142857142857143 0.01649746192893401
0 0.6053571428571428 0.3864213197969543 0.012142857142857143 0.02918781725888325
0 0.5660714285714286 0.07423857868020305 0.013571428571428571 0.008883248730964468
0 0.5667857142857143 0.07043147208121828 0.012142857142857143 0.008883248730964468
0 0.5660714285714286 0.06535532994923858 0.012142857142857143 0.008883248730964468
0 0.5603571428571429 0.060279187817258884 0.012142857142857143 0.008883248730964468
0 0.5628571428571428 0.10913705583756345 0.012857142857142857 0.007614213197969543
0 0.5642857142857143 0.11611675126903553 0.012857142857142857 0.008883248730964468
0 0.5646428571428571 0.1199238578680203 0.015 0.008883248730964468
0 0.565 0.125 0.014285714285714285 0.008883248730964468
0 0.5792857142857143 0.23857868020304568 0.02 0.017766497461928935
0 0.5785714285714286 0.2265228426395939 0.02 0.013959390862944163
0 0.5757142857142857 0.21446700507614214 0.018571428571428572 0.012690355329949238
0 0.575 0.21954314720812182 0.018571428571428572 0.015228426395939087
0 0.5735714285714286 0.2049492385786802 0.018571428571428572 0.013959390862944163
3 0.5707142857142857 0.19416243654822335 0.017142857142857144 0.012690355329949238
3 0.5739285714285715 0.2017766497461929 0.017857142857142856 0.015228426395939087
0 0.5675 0.18591370558375633 0.017857142857142856 0.011421319796954314
0 0.5703571428571429 0.17576142131979697 0.017857142857142856 0.013959390862944163
0 0.5696428571428571 0.17068527918781726 0.016428571428571428 0.011421319796954314
0 0.5653571428571429 0.15862944162436549 0.016428571428571428 0.012690355329949238
0 0.5721428571428572 0.15418781725888325 0.017142857142857144 0.011421319796954314
3 0.5682142857142857 0.1434010152284264 0.013571428571428571 0.01015228426395939
0 0.5678571428571428 0.1383248730964467 0.015714285714285715 0.007614213197969543
0 0.5671428571428572 0.13451776649746192 0.015714285714285715 0.012690355329949238
0 0.5721428571428572 0.25380710659898476 0.02 0.015228426395939087
3 0.5625 0.3083756345177665 0.015 0.017766497461928935
0 0.5289285714285714 0.20875634517766498 0.016428571428571428 0.013959390862944163
0 0.5310714285714285 0.18718274111675126 0.016428571428571428 0.013959390862944163
0 0.5310714285714285 0.22144670050761422 0.020714285714285713 0.013959390862944163
0 0.5332142857142858 0.2303299492385787 0.015 0.013959390862944163
0 0.5310714285714285 0.23857868020304568 0.020714285714285713 0.012690355329949238
0 0.5307142857142857 0.2468274111675127 0.02142857142857143 0.013959390862944163
0 0.5328571428571428 0.25380710659898476 0.02 0.015228426395939087
0 0.5317857142857143 0.2626903553299492 0.020714285714285713 0.015228426395939087
0 0.5328571428571428 0.2715736040609137 0.02 0.012690355329949238
0 0.5335714285714286 0.28109137055837563 0.022857142857142857 0.013959390862944163
1 0.5317857142857143 0.3020304568527919 0.03357142857142857 0.030456852791878174
1 0.5428571428571428 0.31789340101522845 0.032857142857142856 0.024111675126903553
0 0.55 0.3680203045685279 0.024285714285714285 0.02030456852791878
0 0.5539285714285714 0.38261421319796957 0.02642857142857143 0.01649746192893401
0 0.5503571428571429 0.4200507614213198 0.02642857142857143 0.015228426395939087
0 0.5510714285714285 0.42956852791878175 0.02642857142857143 0.01649746192893401
0 0.5510714285714285 0.4447969543147208 0.027857142857142858 0.021573604060913704
0 0.5342857142857143 0.4581218274111675 0.027142857142857142 0.02030456852791878
0 0.5325 0.4727157360406091 0.027857142857142858 0.021573604060913704
0 0.5357142857142857 0.4866751269035533 0.03 0.021573604060913704
3 0.5553571428571429 0.4022842639593909 0.023571428571428573 0.02284263959390863
0 0.5860714285714286 0.4733502538071066 0.030714285714285715 0.02030456852791878
0 0.5992857142857143 0.4612944162436548 0.03 0.021573604060913704
0 0.5946428571428571 0.4460659898477157 0.029285714285714286 0.01903553299492386
0 0.5939285714285715 0.4365482233502538 0.029285714285714286 0.017766497461928935
0 0.5978571428571429 0.4873096446700508 0.02857142857142857 0.02030456852791878
0 0.6003571428571428 0.5006345177664975 0.030714285714285715 0.024111675126903553
0 0.6032142857142857 0.5171319796954315 0.027857142857142858 0.0266497461928934
0 0.5992857142857143 0.5336294416243654 0.032857142857142856 0.024111675126903553
0 0.6017857142857143 0.5520304568527918 0.03357142857142857 0.025380710659898477
0 0.6042857142857143 0.5691624365482234 0.032857142857142856 0.024111675126903553
3 0.615 0.6142131979695431 0.04 0.030456852791878174
3 0.5782142857142857 0.6065989847715736 0.016428571428571428 0.03553299492385787
3 0.6164285714285714 0.6573604060913706 0.032857142857142856 0.03299492385786802
0 0.6210714285714286 0.6408629441624365 0.03357142857142857 0.025380710659898477
3 0.6178571428571429 0.7684010152284264 0.03571428571428571 0.03426395939086294
0 0.37142857142857144 0.5748730964467005 0.017142857142857144 0.04060913705583756
1 0.5878571428571429 0.0450507614213198 0.012857142857142857 0.011421319796954314
0 0.5975 0.056472081218274114 0.005 0.008883248730964468
