1 0.0475 0.919047619047619 0.095 0.1295238095238095
1 0.5185714285714286 0.38857142857142857 0.05285714285714286 0.0838095238095238
0 0.575 0.32285714285714284 0.022857142857142857 0.03428571428571429
0 0.6114285714285714 0.2714285714285714 0.017142857142857144 0.022857142857142857
0 0.6453571428571429 0.2257142857142857 0.016428571428571428 0.01904761904761905
1 0.6671428571428571 0.20333333333333334 0.02142857142857143 0.03142857142857143
0 0.645 0.15142857142857144 0.011428571428571429 0.015238095238095238
0 0.6717857142857143 0.14 0.010714285714285714 0.013333333333333334
0 0.6671428571428571 0.13 0.012857142857142857 0.01619047619047619
3 0.6921428571428572 0.1376190476190476 0.011428571428571429 0.01619047619047619
3 0.7178571428571429 0.11571428571428571 0.008571428571428572 0.014285714285714285
0 0.7257142857142858 0.11 0.008571428571428572 0.012380952380952381
1 0.8139285714285714 0.07333333333333333 0.009285714285714286 0.015238095238095238
1 0.8360714285714286 0.03571428571428571 0.007857142857142858 0.012380952380952381
0 0.8525 0.1180952380952381 0.010714285714285714 0.011428571428571429
0 0.8628571428571429 0.08857142857142856 0.014285714285714285 0.007619047619047619
0 0.8653571428571428 0.08095238095238096 0.013571428571428571 0.005714285714285714
3 0.8271428571428572 0.03619047619047619 0.007142857142857143 0.007619047619047619
1 0.7753571428571429 0.04047619047619048 0.025 0.014285714285714285
0 0.9575 0.13095238095238096 0.020714285714285713 0.012380952380952381
