3 0.9671189979123174 0.7926716141001855 0.029227557411273485 0.09369202226345083
0 0.9642484342379958 0.687847866419295 0.030793319415448852 0.08070500927643785
0 0.965553235908142 0.5955473098330241 0.030271398747390398 0.0686456400742115
0 0.9613778705636743 0.5315398886827458 0.026096033402922755 0.0686456400742115
0 0.5015657620041754 0.6266233766233766 0.04801670146137787 0.05287569573283859
0 0.528705636743215 0.536178107606679 0.04697286012526096 0.059369202226345084
0 0.5495824634655533 0.475417439703154 0.020876826722338204 0.05844155844155844
0 0.5882045929018789 0.10018552875695733 0.029227557411273485 0.025974025974025976
0 0.5868997912317327 0.08580705009276438 0.030793319415448852 0.02504638218923933
0 0.1912839248434238 0.12523191094619665 0.029749478079331943 0.03525046382189239
0 0.21424843423799583 0.05705009276437848 0.02661795407098121 0.03432282003710575
0 0.19363256784968685 0.038033395176252316 0.025052192066805846 0.03153988868274583
0 0.17640918580375783 0.034786641929499075 0.025052192066805846 0.0287569573283859
0 0.16310020876826722 0.03153988868274583 0.024530271398747392 0.03153988868274583
0 0.13804801670146138 0.09601113172541743 0.029749478079331943 0.030612244897959183
