1 0.77175 0.598 0.0245 0.042666666666666665
1 0.6605 0.5116666666666667 0.007 0.01
0 0.655 0.5256666666666666 0.007 0.007333333333333333
0 0.64575 0.535 0.0115 0.01
0 0.64675 0.53 0.0115 0.008
0 0.61125 0.529 0.0115 0.007333333333333333
0 0.60525 0.5473333333333333 0.0095 0.010666666666666666
0 0.5885 0.5706666666666667 0.012 0.014666666666666666
0 0.568 0.5936666666666667 0.014 0.015333333333333332
0 0.5425 0.5876666666666667 0.014 0.014
0 0.52825 0.5876666666666667 0.0145 0.012666666666666666
3 0.52 0.5926666666666667 0.011 0.018666666666666668
0 0.53775 0.6336666666666667 0.0185 0.016666666666666666
0 0.5235 0.6513333333333333 0.021 0.021333333333333333
0 0.509 0.666 0.023 0.021333333333333333
0 0.429 0.683 0.031 0.022
0 0.467 0.718 0.028 0.028
0 0.4395 0.7513333333333333 0.033 0.032
0 0.45825 0.775 0.0365 0.038
0 0.4005 0.8116666666666666 0.036 0.062
3 0.352 0.7633333333333333 0.048 0.04
0 0.256 0.8053333333333333 0.04 0.03333333333333333
0 0.2955 0.8283333333333334 0.051 0.05
0 0.337 0.88 0.051 0.058666666666666666
0 0.625 0.7746666666666666 0.027 0.04
0 0.52475 0.8183333333333334 0.0365 0.046
3 0.6255 0.855 0.031 0.074
3 0.59425 0.9736666666666667 0.0455 0.05266666666666667
3 0.45625 0.9663333333333334 0.0605 0.06733333333333333
