0 0.3603571428571429 0.5895238095238096 0.07642857142857143 0.13142857142857142
0 0.3032142857142857 0.5533333333333333 0.07642857142857143 0.11619047619047619
3 0.21964285714285714 0.5523809523809524 0.095 0.1523809523809524
1 0.07357142857142857 0.5276190476190477 0.13857142857142857 0.13904761904761906
0 0.8017857142857143 0.018571428571428572 0.023571428571428573 0.037142857142857144
1 0.5175 0.07952380952380952 0.047857142857142855 0.04857142857142857
0 0.4225 0.09047619047619047 0.03785714285714286 0.0380952380952381
0 0.4725 0.04476190476190476 0.029285714285714286 0.03238095238095238
0 0.5057142857142857 0.019523809523809523 0.025714285714285714 0.025714285714285714
3 0.09678571428571428 0.2604761904761905 0.065 0.04476190476190476
0 0.05857142857142857 0.2914285714285714 0.07142857142857142 0.0380952380952381
0 0.027142857142857142 0.3252380952380952 0.054285714285714284 0.04666666666666667
0 0.13464285714285715 0.1657142857142857 0.05785714285714286 0.03238095238095238
0 0.5242857142857142 0.006666666666666667 0.018571428571428572 0.013333333333333334
