0 0.47785714285714287 0.10333333333333333 0.05 0.0980952380952381
0 0.5267857142857143 0.1061904761904762 0.04214285714285714 0.08666666666666667
0 0.5796428571428571 0.10428571428571429 0.04214285714285714 0.08476190476190476
0 0.6278571428571429 0.09952380952380953 0.04 0.09047619047619047
3 0.4035714285714286 0.16380952380952382 0.08428571428571428 0.05714285714285714
3 0.4125 0.21571428571428572 0.11071428571428571 0.06571428571428571
0 0.4089285714285714 0.26285714285714284 0.11071428571428571 0.06857142857142857
0 0.4114285714285714 0.32095238095238093 0.11428571428571428 0.07047619047619047
0 0.41464285714285715 0.38666666666666666 0.13785714285714284 0.06857142857142857
0 0.41285714285714287 0.4614285714285714 0.12 0.07523809523809524
0 0.41535714285714287 0.549047619047619 0.14785714285714285 0.11714285714285715
0 0.4328571428571429 0.6385714285714286 0.13142857142857142 0.09428571428571429
0 0.4139285714285714 0.7352380952380952 0.1707142857142857 0.10857142857142857
0 0.41892857142857143 0.8423809523809523 0.18357142857142858 0.1019047619047619
3 0.4317857142857143 0.9595238095238096 0.20642857142857143 0.07714285714285714
0 0.5207142857142857 0.008095238095238095 0.08571428571428572 0.01619047619047619
0 0.6682142857142858 0.06714285714285714 0.04071428571428572 0.06952380952380953
