0 0.4589285714285714 0.6230964467005076 0.030714285714285715 0.06345177664974619
0 0.3692857142857143 0.574238578680203 0.03857142857142857 0.046954314720812185
0 0.6110714285714286 0.2969543147208122 0.016428571428571428 0.03299492385786802
0 0.6278571428571429 0.2684010152284264 0.017142857142857144 0.0266497461928934
0 0.45071428571428573 0.44352791878172587 0.024285714285714285 0.031725888324873094
0 0.48678571428571427 0.5145939086294417 0.02642857142857143 0.044416243654822336
0 0.48178571428571426 0.4365482233502538 0.025 0.04060913705583756
0 0.49142857142857144 0.20241116751269037 0.02142857142857143 0.021573604060913704
0 0.6571428571428571 0.09961928934010152 0.008571428571428572 0.011421319796954314
0 0.6721428571428572 0.09073604060913705 0.01 0.011421319796954314
0 0.6346428571428572 0.2201776649746193 0.016428571428571428 0.01903553299492386
