0 0.55775 0.842 0.0665 0.11066666666666666
0 0.924 0.8676666666666667 0.097 0.08333333333333333
3 0.986 0.9403333333333334 0.028 0.07133333333333333
0 0.48225 0.6813333333333333 0.0565 0.05333333333333334
0 0.4595 0.6423333333333333 0.056 0.04733333333333333
0 0.42825 0.6276666666666667 0.0535 0.042
0 0.45375 0.5906666666666667 0.0575 0.036
0 0.43725 0.571 0.0605 0.03
0 0.4335 0.5513333333333333 0.052 0.029333333333333333
0 0.41975 0.5366666666666666 0.0535 0.030666666666666665
0 0.411 0.519 0.047 0.024666666666666667
1 0.2155 0.9336666666666666 0.067 0.13266666666666665
0 0.33825 0.793 0.0475 0.102
0 0.23425 0.8116666666666666 0.0555 0.114
0 0.2385 0.6966666666666667 0.043 0.07466666666666667
0 0.24925 0.6346666666666667 0.0325 0.052
0 0.2475 0.581 0.038 0.06466666666666666
0 0.25725 0.549 0.0255 0.035333333333333335
0 0.2635 0.503 0.021 0.03
0 0.31775 0.49533333333333335 0.0195 0.025333333333333333
0 0.34975 0.49433333333333335 0.0195 0.026
0 0.405 0.49066666666666664 0.046 0.025333333333333333
0 0.389 0.469 0.032 0.022
0 0.389 0.4553333333333333 0.035 0.018666666666666668
0 0.27125 0.45266666666666666 0.0175 0.02
0 0.38975 0.44133333333333336 0.0165 0.017333333333333333
3 0.36075 0.43133333333333335 0.0295 0.02266666666666667
0 0.27475 0.43366666666666664 0.0165 0.022
0 0.3705 0.42033333333333334 0.036 0.015333333333333332
0 0.35725 0.41733333333333333 0.0285 0.014666666666666666
0 0.35625 0.4056666666666667 0.0245 0.015333333333333332
3 0.32475 0.405 0.0145 0.020666666666666667
3 0.035 0.8016666666666666 0.07 0.048666666666666664
0 0.05 0.7663333333333333 0.1 0.048666666666666664
1 0.0635 0.7193333333333334 0.119 0.076
0 0.09975 0.6476666666666666 0.0685 0.043333333333333335
0 0.11475 0.6173333333333333 0.0675 0.034666666666666665
3 0.12975 0.5866666666666667 0.0685 0.037333333333333336
0 0.134 0.5723333333333334 0.067 0.03133333333333333
0 0.14375 0.553 0.0615 0.028666666666666667
0 0.08125 0.5333333333333333 0.0325 0.029333333333333333
0 0.106 0.49066666666666664 0.027 0.025333333333333333
0 0.13875 0.4836666666666667 0.0235 0.027333333333333334
0 0.30825 0.3893333333333333 0.0115 0.014666666666666666
0 0.28525 0.3943333333333333 0.0245 0.014
0 0.287 0.382 0.01 0.013333333333333334
3 0.2745 0.388 0.01 0.013333333333333334
0 0.359 0.39066666666666666 0.027 0.013333333333333334
0 0.359 0.38333333333333336 0.023 0.012
0 0.35325 0.381 0.0225 0.011333333333333334
0 0.35525 0.37433333333333335 0.0095 0.01
0 0.352 0.36866666666666664 0.01 0.012
0 0.341 0.3636666666666667 0.019 0.012666666666666666
0 0.3695 0.3566666666666667 0.018 0.010666666666666666
0 0.39325 0.35733333333333334 0.0215 0.013333333333333334
0 0.27825 0.36666666666666664 0.0205 0.012
0 0.3405 0.35333333333333333 0.014 0.008
0 0.28725 0.35233333333333333 0.0095 0.007333333333333333
