0 0.29775 0.7406666666666667 0.2035 0.25333333333333335
0 0.485 0.5633333333333334 0.06 0.11466666666666667
0 0.36725 0.42333333333333334 0.0445 0.06933333333333333
3 0.46675 0.429 0.0435 0.082
0 0.4195 0.396 0.061 0.04533333333333334
3 0.5415 0.3436666666666667 0.034 0.046
3 0.5315 0.32266666666666666 0.03 0.044
3 0.43375 0.3446666666666667 0.0255 0.04533333333333334
1 0.64775 0.422 0.0745 0.05466666666666667
3 0.75925 0.41733333333333333 0.0735 0.06933333333333333
3 0.95325 0.49133333333333334 0.0935 0.08
3 0.8915 0.401 0.078 0.056666666666666664
3 0.91075 0.39 0.0745 0.06133333333333333
3 0.8675 0.36733333333333335 0.064 0.04
3 0.983 0.36466666666666664 0.034 0.042666666666666665
3 0.88525 0.329 0.0665 0.04066666666666666
3 0.29225 0.341 0.0445 0.042
0 0.27925 0.32 0.0315 0.028
0 0.26875 0.2976666666666667 0.0235 0.03266666666666666
3 0.307 0.27466666666666667 0.022 0.02266666666666667
3 0.328 0.25733333333333336 0.019 0.024
3 0.24725 0.2936666666666667 0.0305 0.03
0 0.2105 0.292 0.036 0.025333333333333333
0 0.24225 0.283 0.0265 0.023333333333333334
3 0.25625 0.26966666666666667 0.0245 0.023333333333333334
0 0.272 0.25933333333333336 0.02 0.02
0 0.2845 0.245 0.02 0.022
3 0.29325 0.23833333333333334 0.0145 0.020666666666666667
0 0.302 0.234 0.015 0.016
0 0.30875 0.22633333333333333 0.0165 0.016666666666666666
0 0.3285 0.21066666666666667 0.014 0.017333333333333333
0 0.3165 0.222 0.013 0.014666666666666666
0 0.2005 0.277 0.024 0.022
3 0.208 0.2653333333333333 0.021 0.02666666666666667
0 0.11775 0.49133333333333334 0.0485 0.06
3 0.034 0.5023333333333333 0.068 0.058
