0 0.18357142857142858 0.5657142857142857 0.05714285714285714 0.12380952380952381
3 0.21821428571428572 0.2757142857142857 0.047857142857142855 0.10952380952380952
3 0.24035714285714285 0.15666666666666668 0.045 0.0980952380952381
3 0.20964285714285713 0.44666666666666666 0.045 0.09523809523809523
0 0.19464285714285715 0.01619047619047619 0.07214285714285715 0.03238095238095238
3 0.7453571428571428 0.96 0.08928571428571429 0.08
0 0.5696428571428571 0.9266666666666666 0.045 0.14666666666666667
1 0.5185714285714286 0.7980952380952381 0.05142857142857143 0.18857142857142858
3 0.525 0.5780952380952381 0.041428571428571426 0.12380952380952381
3 0.5696428571428571 0.5704761904761905 0.035 0.09904761904761905
0 0.5725 0.7533333333333333 0.039285714285714285 0.13333333333333333
3 0.7514285714285714 0.6533333333333333 0.05 0.11428571428571428
0 0.5739285714285715 0.2776190476190476 0.03642857142857143 0.10380952380952381
1 0.6692857142857143 0.2876190476190476 0.03571428571428571 0.11428571428571428
0 0.5664285714285714 0.05476190476190476 0.03142857142857143 0.08666666666666667
0 0.5746428571428571 0.43761904761904763 0.052142857142857144 0.10952380952380952
3 0.22 0.9142857142857143 0.07571428571428572 0.15428571428571428
0 0.13785714285714284 0.9138095238095238 0.06714285714285714 0.16095238095238096
0 0.7017857142857142 0.5347619047619048 0.09214285714285714 0.06761904761904762
