0 0.685 0.6328571428571429 0.07571428571428572 0.1838095238095238
0 0.5042857142857143 0.8928571428571429 0.07285714285714286 0.21428571428571427
0 0.6367857142857143 0.35904761904761906 0.05357142857142857 0.09904761904761905
0 0.5021428571428571 0.4228571428571429 0.07571428571428572 0.08952380952380952
0 0.26321428571428573 0.47714285714285715 0.13642857142857143 0.05904761904761905
0 0.22642857142857142 0.6204761904761905 0.15142857142857144 0.08095238095238096
0 0.24357142857142858 0.5476190476190477 0.14714285714285713 0.06857142857142857
0 0.26857142857142857 0.4138095238095238 0.12 0.06571428571428571
0 0.2792857142857143 0.3580952380952381 0.11714285714285715 0.05523809523809524
0 0.2835714285714286 0.3138095238095238 0.10571428571428572 0.058095238095238096
0 0.29678571428571426 0.27095238095238094 0.10642857142857143 0.04476190476190476
0 0.56 0.3028571428571429 0.04857142857142857 0.10285714285714286
3 0.5739285714285715 0.15285714285714286 0.05357142857142857 0.1019047619047619
3 0.9032142857142857 0.37142857142857144 0.08642857142857142 0.11619047619047619
0 0.7185714285714285 0.15571428571428572 0.054285714285714284 0.07904761904761905
0 0.6539285714285714 0.10857142857142857 0.03642857142857143 0.05714285714285714
0 0.5785714285714286 0.014761904761904763 0.03857142857142857 0.029523809523809525
0 0.14821428571428572 0.06714285714285714 0.08071428571428571 0.04666666666666667
0 0.03321428571428572 0.2257142857142857 0.065 0.08952380952380952
0 0.08285714285714285 0.22047619047619046 0.06428571428571428 0.09619047619047619
0 0.135 0.22142857142857142 0.06428571428571428 0.09238095238095238
0 0.18857142857142858 0.22 0.05142857142857143 0.08761904761904762
0 0.2367857142857143 0.22428571428571428 0.045 0.08285714285714285
3 0.3960714285714286 0.27285714285714285 0.055 0.0980952380952381
0 0.21071428571428572 0.71 0.16285714285714287 0.08666666666666667
0 0.19392857142857142 0.8166666666666667 0.16785714285714284 0.0980952380952381
0 0.17642857142857143 0.9342857142857143 0.18 0.11238095238095239
0 0.175 0.31857142857142856 0.04285714285714286 0.08857142857142856
0 0.08464285714285714 0.39095238095238094 0.08214285714285714 0.12095238095238095
0 0.033928571428571426 0.39714285714285713 0.06785714285714285 0.11047619047619048
1 0.8482142857142857 0.16380952380952382 0.07928571428571428 0.09904761904761905
