0 0.32225 0.7483333333333333 0.1015 0.082
3 0.40725 0.593 0.0695 0.05533333333333333
0 0.47325 0.5423333333333333 0.0605 0.03933333333333333
0 0.39375 0.5123333333333333 0.0565 0.046
0 0.4535 0.476 0.052 0.044
0 0.57525 0.4696666666666667 0.0465 0.03266666666666666
0 0.52625 0.503 0.0535 0.042
0 0.0915 0.6726666666666666 0.085 0.044
0 0.018 0.6696666666666666 0.036 0.046
0 0.59425 0.3943333333333333 0.0445 0.035333333333333335
0 0.63675 0.37133333333333335 0.0385 0.037333333333333336
0 0.65975 0.4166666666666667 0.0455 0.032
0 0.70475 0.387 0.0425 0.03
0 0.7635 0.36433333333333334 0.05 0.03
0 0.8035 0.3466666666666667 0.042 0.030666666666666665
0 0.79925 0.288 0.0305 0.024
0 0.82725 0.2743333333333333 0.0305 0.028666666666666667
0 0.85775 0.305 0.0315 0.022
0 0.8815 0.2896666666666667 0.034 0.020666666666666667
3 0.91375 0.272 0.0275 0.025333333333333333
0 0.89475 0.248 0.0275 0.021333333333333333
0 0.4 0.09533333333333334 0.013 0.009333333333333334
0 0.41925 0.097 0.0145 0.011333333333333334
0 0.44225 0.09966666666666667 0.0135 0.011333333333333334
0 0.45125 0.10033333333333333 0.0125 0.012666666666666666
0 0.45925 0.10066666666666667 0.0125 0.013333333333333334
0 0.4435 0.112 0.014 0.010666666666666666
0 0.4545 0.114 0.013 0.012
