0 0.535 0.9119047619047619 0.027142857142857142 0.08285714285714285
0 0.4775 0.8238095238095238 0.023571428571428573 0.06476190476190476
0 0.5060714285714286 0.8028571428571428 0.02214285714285714 0.0761904761904762
0 0.4710714285714286 0.719047619047619 0.02214285714285714 0.05714285714285714
0 0.5289285714285714 0.61 0.020714285714285713 0.05047619047619047
0 0.46464285714285714 0.4580952380952381 0.016428571428571428 0.03619047619047619
0 0.5232142857142857 0.5523809523809524 0.019285714285714285 0.045714285714285714
0 0.46714285714285714 0.4990476190476191 0.017142857142857144 0.0419047619047619
0 0.5175 0.5119047619047619 0.017857142857142856 0.037142857142857144
0 0.5110714285714286 0.43047619047619046 0.012142857142857143 0.02857142857142857
0 0.505 0.39 0.015714285714285715 0.03333333333333333
0 0.445 0.2257142857142857 0.011428571428571429 0.022857142857142857
0 0.45571428571428574 0.2057142857142857 0.01 0.022857142857142857
0 0.4717857142857143 0.15523809523809523 0.010714285714285714 0.01904761904761905
0 0.4382142857142857 0.06190476190476191 0.0064285714285714285 0.015238095238095238
0 0.46 0.08095238095238096 0.012857142857142857 0.011428571428571429
0 0.4278571428571429 0.29428571428571426 0.02857142857142857 0.017142857142857144
0 0.42678571428571427 0.28095238095238095 0.02642857142857143 0.017142857142857144
0 0.42678571428571427 0.27095238095238094 0.02642857142857143 0.014285714285714285
0 0.42714285714285716 0.2619047619047619 0.025714285714285714 0.011428571428571429
0 0.4392857142857143 0.04857142857142857 0.007142857142857143 0.011428571428571429
0 0.43785714285714283 0.019523809523809523 0.007142857142857143 0.014285714285714285
0 0.45821428571428574 0.01 0.0064285714285714285 0.010476190476190476
0 0.4667857142857143 0.10095238095238095 0.007857142857142858 0.011428571428571429
0 0.4332142857142857 0.35904761904761906 0.02642857142857143 0.01904761904761905
0 0.4282142857142857 0.32476190476190475 0.030714285714285715 0.017142857142857144
3 0.5535714285714286 0.8166666666666667 0.027142857142857142 0.07333333333333333
3 0.5021428571428571 0.7057142857142857 0.02 0.05714285714285714
3 0.4282142857142857 0.2509523809523809 0.02642857142857143 0.014285714285714285
3 0.42428571428571427 0.2280952380952381 0.02 0.01619047619047619
1 0.48678571428571427 0.6366666666666667 0.020714285714285713 0.06190476190476191
1 0.445 0.3861904761904762 0.03571428571428571 0.025714285714285714
1 0.5089285714285714 0.310952380952381 0.03357142857142857 0.023809523809523808
1 0.4253571428571429 0.18333333333333332 0.029285714285714286 0.021904761904761906
1 0.4278571428571429 0.20476190476190476 0.024285714285714285 0.017142857142857144
1 0.44107142857142856 0.14142857142857143 0.010714285714285714 0.025714285714285714
1 0.4853571428571429 0.07571428571428572 0.025 0.018095238095238095
1 0.48678571428571427 0.9776190476190476 0.023571428571428573 0.04476190476190476
3 0.45821428571428574 0.025238095238095237 0.0064285714285714285 0.014285714285714285
0 0.44 0.09952380952380953 0.007142857142857143 0.01619047619047619
