0 0.25857142857142856 0.09380952380952381 0.06714285714285714 0.04476190476190476
0 0.25857142857142856 0.11904761904761904 0.06428571428571428 0.05333333333333334
0 0.2325 0.1442857142857143 0.08357142857142857 0.054285714285714284
0 0.21714285714285714 0.19380952380952382 0.06 0.06380952380952382
0 0.17392857142857143 0.2604761904761905 0.060714285714285714 0.08476190476190476
3 0.08071428571428571 0.26857142857142857 0.08714285714285715 0.08761904761904762
0 0.12214285714285714 0.3595238095238095 0.08428571428571428 0.10761904761904761
0 0.024285714285714285 0.38857142857142857 0.04857142857142857 0.10095238095238095
0 0.05285714285714286 0.49476190476190474 0.10571428571428572 0.15142857142857144
3 0.3314285714285714 0.9471428571428572 0.09714285714285714 0.10380952380952381
0 0.6825 0.3361904761904762 0.060714285714285714 0.09523809523809523
0 0.5871428571428572 0.33285714285714285 0.05 0.08666666666666667
0 0.5603571428571429 0.04619047619047619 0.02642857142857143 0.04476190476190476
3 0.5732142857142857 0.07571428571428572 0.030714285714285715 0.06571428571428571
0 0.4657142857142857 0.013333333333333334 0.055714285714285716 0.02666666666666667
0 0.4635714285714286 0.02857142857142857 0.05857142857142857 0.030476190476190476
0 0.46 0.04238095238095238 0.05714285714285714 0.04285714285714286
0 0.45821428571428574 0.06857142857142857 0.05785714285714286 0.047619047619047616
0 0.475 0.08666666666666667 0.05857142857142857 0.0419047619047619
3 0.4075 0.3280952380952381 0.10214285714285715 0.08095238095238096
3 0.37785714285714284 0.7066666666666667 0.08428571428571428 0.17714285714285713
0 0.4075 0.48142857142857143 0.07071428571428572 0.13047619047619047
1 0.23107142857142857 0.5219047619047619 0.125 0.22095238095238096
