0 0.4575 0.9079949238578681 0.02642857142857143 0.09263959390862944
0 0.25785714285714284 0.949238578680203 0.03571428571428571 0.09898477157360407
0 0.36142857142857143 0.7817258883248731 0.03428571428571429 0.09137055837563451
1 0.46964285714285714 0.5920050761421319 0.03357142857142857 0.13071065989847716
0 0.32357142857142857 0.5501269035532995 0.027142857142857142 0.06472081218274112
3 0.45 0.44225888324873097 0.02142857142857143 0.06979695431472081
0 0.5142857142857142 0.41751269035532995 0.02 0.0583756345177665
0 0.38535714285714284 0.3762690355329949 0.023571428571428573 0.04949238578680203
0 0.4710714285714286 0.21192893401015228 0.019285714285714285 0.048223350253807105
0 0.4303571428571429 0.2131979695431472 0.019285714285714285 0.04568527918781726
0 0.37535714285714283 0.2398477157360406 0.023571428571428573 0.04568527918781726
1 0.4092857142857143 0.1548223350253807 0.02857142857142857 0.08883248730964467
0 0.48214285714285715 0.0901015228426396 0.015714285714285715 0.03807106598984772
0 0.45714285714285713 0.04060913705583756 0.015714285714285715 0.03553299492385787
0 0.42642857142857143 0.07487309644670051 0.015714285714285715 0.03299492385786802
0 0.40464285714285714 0.06535532994923858 0.017857142857142856 0.03426395939086294
0 0.15142857142857144 0.39149746192893403 0.027142857142857142 0.04187817258883249
0 0.014285714285714285 0.7049492385786802 0.02857142857142857 0.05456852791878172
0 0.21571428571428572 0.21763959390862944 0.022857142857142857 0.046954314720812185
1 0.2357142857142857 0.15736040609137056 0.03142857142857143 0.08375634517766498
1 0.25642857142857145 0.09708121827411167 0.03142857142857143 0.07487309644670051
1 0.29285714285714287 0.04631979695431472 0.037142857142857144 0.08248730964467005
