3 0.19050104384133612 0.07977736549165121 0.007306889352818371 0.011131725417439703
0 0.27609603340292277 0.461038961038961 0.014613778705636743 0.025974025974025976
0 0.2917536534446764 0.45640074211502785 0.013569937369519834 0.02411873840445269
0 0.3058455114822547 0.4512987012987013 0.015657620041753653 0.02504638218923933
0 0.32176409185803756 0.4429499072356215 0.015135699373695199 0.026901669758812616
0 0.7560020876826722 0.975417439703154 0.042275574112734866 0.04730983302411874
0 0.7314718162839249 0.8775510204081632 0.04123173277661795 0.07235621521335807
0 0.6967640918580376 0.87569573283859 0.037578288100208766 0.06679035250463822
0 0.6850208768267223 0.7912801484230055 0.0360125260960334 0.06493506493506493
0 0.651356993736952 0.725417439703154 0.03549060542797495 0.05380333951762523
0 0.6122129436325678 0.7068645640074211 0.027139874739039668 0.05194805194805195
3 0.6255219206680585 0.6757884972170687 0.02661795407098121 0.05287569573283859
1 0.5806367432150313 0.62569573283859 0.04645093945720251 0.09925788497217068
0 0.9164926931106472 0.87708719851577 0.028183716075156576 0.045454545454545456
0 0.7466075156576201 0.6507421150278293 0.027661795407098122 0.038033395176252316
0 0.6980688935281837 0.5839517625231911 0.02348643006263048 0.036178107606679034
0 0.6599686847599165 0.5310760667903525 0.02244258872651357 0.036178107606679034
3 0.6195198329853863 0.474025974025974 0.018789144050104383 0.03525046382189239
0 0.5683716075156576 0.4601113172541744 0.024008350730688934 0.029684601113172542
0 0.5884655532359081 0.4313543599257885 0.01826722338204593 0.02411873840445269
0 0.5756784968684759 0.41233766233766234 0.015657620041753653 0.023191094619666047
1 0.3977035490605428 0.2717996289424861 0.011482254697286013 0.02040816326530612
0 0.5206158663883089 0.3358070500927644 0.013048016701461378 0.02040816326530612
0 0.5519311064718163 0.3826530612244898 0.016179540709812108 0.02504638218923933
0 0.48616910229645094 0.28617810760667906 0.012004175365344467 0.017625231910946195
1 0.37995824634655534 0.13821892393320964 0.008350730688935281 0.012987012987012988
3 0.6724947807933194 0.18645640074211503 0.013048016701461378 0.012987012987012988
0 0.3656054279749478 0.12059369202226346 0.005741127348643006 0.00927643784786642
0 0.36325678496868474 0.11688311688311688 0.006263048016701462 0.00927643784786642
0 0.35908141962421714 0.11038961038961038 0.005219206680584551 0.00927643784786642
0 0.32541753653444677 0.10899814471243043 0.005741127348643006 0.01020408163265306
0 0.31758872651356995 0.09230055658627087 0.004697286012526096 0.008348794063079777
0 0.31497912317327764 0.08070500927643785 0.004697286012526096 0.0074211502782931356
2 0.32437369519832987 0.08998144712430427 0.008872651356993737 0.01855287569573284
1 0.30454070981210857 0.08256029684601113 0.007828810020876827 0.016697588126159554
2 0.2927974947807933 0.07421150278293136 0.008350730688935281 0.016697588126159554
1 0.2972338204592902 0.06818181818181818 0.006784968684759917 0.013914656771799629
0 0.2938413361169102 0.06307977736549165 0.0041753653444676405 0.0074211502782931356
0 0.2881002087682672 0.06168831168831169 0.003131524008350731 0.006493506493506494
0 0.27035490605427975 0.11410018552875696 0.010438413361169102 0.00927643784786642
0 0.2896659707724426 0.12337662337662338 0.005219206680584551 0.014842300556586271
0 0.2690501043841336 0.12476808905380334 0.005741127348643006 0.01020408163265306
2 0.26565762004175364 0.09461966604823747 0.013569937369519834 0.016697588126159554
