0 0.44642857142857145 0.05238095238095238 0.017142857142857144 0.03238095238095238
0 0.4714285714285714 0.06666666666666667 0.014285714285714285 0.03238095238095238
0 0.5996428571428571 0.15904761904761905 0.023571428571428573 0.03428571428571429
0 0.4032142857142857 0.049523809523809526 0.019285714285714285 0.03238095238095238
0 0.3364285714285714 0.05047619047619047 0.017142857142857144 0.030476190476190476
1 0.4975 0.16333333333333333 0.023571428571428573 0.05047619047619047
1 0.5946428571428571 0.24523809523809523 0.027857142857142858 0.05238095238095238
0 0.14785714285714285 0.4785714285714286 0.06714285714285714 0.054285714285714284
1 0.5835714285714285 0.5352380952380953 0.03571428571428571 0.08571428571428572
0 0.5421428571428571 0.5385714285714286 0.032857142857142856 0.07904761904761905
0 0.8796428571428572 0.38666666666666666 0.04357142857142857 0.05904761904761905
0 0.8532142857142857 0.33 0.03214285714285714 0.04285714285714286
0 0.8039285714285714 0.23666666666666666 0.03214285714285714 0.040952380952380955
0 0.7860714285714285 0.1957142857142857 0.023571428571428573 0.035238095238095235
