0 0.11035714285714286 0.07741116751269035 0.029285714285714286 0.02284263959390863
3 0.2307142857142857 0.017766497461928935 0.014285714285714285 0.03299492385786802
0 0.2842857142857143 0.04060913705583756 0.011428571428571429 0.025380710659898477
0 0.1675 0.21954314720812182 0.015 0.030456852791878174
3 0.1432142857142857 0.2652284263959391 0.017857142857142856 0.03553299492385787
3 0.17035714285714285 0.29251269035532995 0.017857142857142856 0.044416243654822336
3 0.17642857142857143 0.3756345177664975 0.018571428571428572 0.04060913705583756
2 0.14 0.3546954314720812 0.022857142857142857 0.07741116751269035
3 0.2357142857142857 0.8654822335025381 0.037142857142857144 0.1116751269035533
0 0.1975 0.6687817258883249 0.04071428571428572 0.03807106598984772
0 0.20714285714285716 0.4612944162436548 0.02857142857142857 0.06472081218274112
0 0.2417857142857143 0.39911167512690354 0.025 0.05456852791878172
3 0.3314285714285714 0.24809644670050762 0.018571428571428572 0.044416243654822336
0 0.37 0.2017766497461929 0.017142857142857144 0.03299492385786802
3 0.4010714285714286 0.3032994923857868 0.020714285714285713 0.03807106598984772
3 0.3439285714285714 0.2982233502538071 0.017857142857142856 0.04568527918781726
3 0.3539285714285714 0.3413705583756345 0.020714285714285713 0.0532994923857868
3 0.4967857142857143 0.3597715736040609 0.039285714285714285 0.03934010152284264
0 0.43357142857142855 0.5856598984771574 0.05142857142857143 0.04949238578680203
0 0.5053571428571428 0.5939086294416244 0.04928571428571429 0.048223350253807105
3 0.6260714285714286 0.24555837563451777 0.03214285714285714 0.03426395939086294
3 0.635 0.25888324873096447 0.03571428571428571 0.04314720812182741
0 0.7125 0.2550761421319797 0.025 0.03553299492385787
0 0.6996428571428571 0.17893401015228427 0.02214285714285714 0.03807106598984772
2 0.9725 0.29949238578680204 0.055 0.09390862944162437
0 0.8517857142857143 0.39276649746192893 0.03357142857142857 0.04187817258883249
0 0.7239285714285715 0.4714467005076142 0.039285714285714285 0.046954314720812185
0 0.6467857142857143 0.5139593908629442 0.039285714285714285 0.04568527918781726
3 0.3585714285714286 0.8191624365482234 0.03857142857142857 0.11294416243654823
