0 0.49642857142857144 0.7652380952380953 0.03 0.08666666666666667
0 0.48678571428571427 0.939047619047619 0.03642857142857143 0.1219047619047619
0 0.59 0.7652380952380953 0.024285714285714285 0.07333333333333333
0 0.6739285714285714 0.7295238095238096 0.025 0.06476190476190476
0 0.505 0.5933333333333334 0.02 0.05523809523809524
3 0.4085714285714286 0.5766666666666667 0.022857142857142857 0.054285714285714284
0 0.47785714285714287 0.32095238095238093 0.014285714285714285 0.022857142857142857
3 0.5517857142857143 0.5423809523809524 0.016428571428571428 0.03333333333333333
0 0.37142857142857144 0.7152380952380952 0.03142857142857143 0.06476190476190476
0 0.425 0.5128571428571429 0.022857142857142857 0.040952380952380955
0 0.45357142857142857 0.40904761904761905 0.015714285714285715 0.02761904761904762
0 0.655 0.5695238095238095 0.02 0.04
0 0.3846428571428571 0.2995238095238095 0.015 0.018095238095238095
0 0.4253571428571429 0.2057142857142857 0.019285714285714285 0.011428571428571429
0 0.46 0.18333333333333332 0.015714285714285715 0.012380952380952381
0 0.4617857142857143 0.20904761904761904 0.019285714285714285 0.012380952380952381
0 0.49714285714285716 0.23904761904761904 0.01 0.015238095238095238
0 0.545 0.21714285714285714 0.008571428571428572 0.017142857142857144
0 0.5621428571428572 0.16904761904761906 0.017142857142857144 0.012380952380952381
0 0.4107142857142857 0.14476190476190476 0.011428571428571429 0.011428571428571429
0 0.42 0.2319047619047619 0.008571428571428572 0.012380952380952381
0 0.3942857142857143 0.2776190476190476 0.01 0.014285714285714285
0 0.4235714285714286 0.22 0.01 0.015238095238095238
0 0.45607142857142857 0.22142857142857142 0.016428571428571428 0.010476190476190476
0 0.4542857142857143 0.22952380952380952 0.02 0.009523809523809525
0 0.45285714285714285 0.23809523809523808 0.018571428571428572 0.011428571428571429
0 0.4446428571428571 0.26095238095238094 0.019285714285714285 0.011428571428571429
0 0.44607142857142856 0.2523809523809524 0.02214285714285714 0.011428571428571429
0 0.4025 0.26142857142857145 0.013571428571428571 0.02
0 0.42928571428571427 0.29619047619047617 0.022857142857142857 0.013333333333333334
0 0.4317857142857143 0.2904761904761905 0.02214285714285714 0.015238095238095238
0 0.37714285714285717 0.3319047619047619 0.02142857142857143 0.018095238095238095
0 0.44392857142857145 0.07380952380952381 0.013571428571428571 0.012380952380952381
0 0.6432142857142857 0.4533333333333333 0.017857142857142856 0.030476190476190476
0 0.5832142857142857 0.2671428571428571 0.009285714285714286 0.01619047619047619
0 0.6203571428571428 0.22666666666666666 0.010714285714285714 0.017142857142857144
0 0.6235714285714286 0.2619047619047619 0.01 0.013333333333333334
0 0.6392857142857142 0.2757142857142857 0.007142857142857143 0.014285714285714285
