0 0.4082142857142857 0.6604761904761904 0.047857142857142855 0.07142857142857142
0 0.38107142857142856 0.6247619047619047 0.04071428571428572 0.06095238095238095
0 0.4432142857142857 0.5766666666666667 0.039285714285714285 0.06571428571428571
0 0.4253571428571429 0.5485714285714286 0.039285714285714285 0.05904761904761905
0 0.4782142857142857 0.5147619047619048 0.03214285714285714 0.04857142857142857
0 0.46 0.48 0.03428571428571429 0.047619047619047616
0 0.5064285714285715 0.45571428571428574 0.02857142857142857 0.04666666666666667
0 0.4853571428571429 0.44047619047619047 0.02642857142857143 0.040952380952380955
0 0.4692857142857143 0.4114285714285714 0.024285714285714285 0.04380952380952381
0 0.6135714285714285 0.1819047619047619 0.015714285714285715 0.02095238095238095
0 0.6510714285714285 0.12095238095238095 0.009285714285714286 0.013333333333333334
0 0.6867857142857143 0.12714285714285714 0.012142857142857143 0.014285714285714285
0 0.6885714285714286 0.10571428571428572 0.008571428571428572 0.011428571428571429
0 0.6732142857142858 0.09333333333333334 0.013571428571428571 0.011428571428571429
0 0.44642857142857145 0.22714285714285715 0.02857142857142857 0.014285714285714285
