0 0.28470772442588727 0.8116883116883117 0.09237995824634655 0.08534322820037106
1 0.40292275574112735 0.4095547309833024 0.03444676409185804 0.06586270871985157
0 0.5302713987473904 0.44109461966604824 0.04592901878914405 0.03432282003710575
0 0.4981732776617954 0.2101113172541744 0.010960334029227558 0.013914656771799629
1 0.8201983298538622 0.24860853432282004 0.02348643006263048 0.01855287569573284
0 0.41727557411273486 0.20964749536178107 0.01826722338204593 0.014842300556586271
3 0.5075678496868476 0.26716141001855287 0.010960334029227558 0.025974025974025976
0 0.40970772442588727 0.28664192949907236 0.026096033402922755 0.022263450834879406
1 0.43606471816283926 0.17207792207792208 0.009916492693110648 0.02504638218923933
3 0.45981210855949894 0.1377551020408163 0.012526096033402923 0.012059369202226345
