2 0.4 0.054285714285714284 0.07285714285714286 0.10857142857142857
0 0.48464285714285715 0.03333333333333333 0.04357142857142857 0.06666666666666667
0 0.24357142857142858 0.4876190476190476 0.07571428571428572 0.17714285714285713
0 0.037142857142857144 0.4004761904761905 0.07428571428571429 0.10952380952380952
0 0.21392857142857144 0.6957142857142857 0.07642857142857143 0.19714285714285715
0 0.08107142857142857 0.9376190476190476 0.10214285714285715 0.12476190476190477
0 0.17035714285714285 0.9480952380952381 0.08071428571428571 0.1
0 0.6357142857142857 0.2 0.06142857142857143 0.13904761904761906
0 0.7475 0.17142857142857143 0.047857142857142855 0.09904761904761905
0 0.5825 0.6357142857142857 0.06642857142857143 0.2123809523809524
0 0.68 0.6952380952380952 0.08 0.2038095238095238
0 0.8042857142857143 0.5395238095238095 0.08142857142857143 0.1742857142857143
0 0.885 0.520952380952381 0.08714285714285715 0.17333333333333334
0 0.8464285714285714 0.7590476190476191 0.08714285714285715 0.19238095238095237
3 0.945 0.8085714285714286 0.10571428571428572 0.23809523809523808
0 0.8853571428571428 0.9633333333333334 0.085 0.07333333333333333
3 0.9346428571428571 0.029523809523809525 0.10214285714285715 0.05904761904761905
0 0.9539285714285715 0.10476190476190476 0.09214285714285714 0.06095238095238095
0 0.9678571428571429 0.19047619047619047 0.06428571428571428 0.06285714285714286
0 0.9796428571428571 0.27 0.03785714285714286 0.06380952380952382
0 0.9846428571428572 0.3414285714285714 0.02642857142857143 0.06571428571428571
