0 0.76775 0.9696666666666667 0.0685 0.06066666666666667
0 0.726 0.8193333333333334 0.081 0.12266666666666666
0 0.424 0.9213333333333333 0.116 0.15733333333333333
0 0.43575 0.7716666666666666 0.0895 0.11
0 0.4385 0.6963333333333334 0.072 0.09266666666666666
0 0.44425 0.631 0.0715 0.07533333333333334
0 0.44575 0.543 0.0275 0.059333333333333335
0 0.45825 0.502 0.0555 0.037333333333333336
0 0.604 0.5473333333333333 0.047 0.042666666666666665
0 0.8515 0.48966666666666664 0.05 0.04466666666666667
0 0.72975 0.557 0.0435 0.06466666666666666
0 0.70825 0.44966666666666666 0.0365 0.03133333333333333
0 0.58375 0.49166666666666664 0.0395 0.04066666666666666
0 0.57125 0.4633333333333333 0.0425 0.03333333333333333
0 0.57125 0.449 0.0395 0.03
0 0.454 0.44966666666666666 0.019 0.035333333333333335
0 0.45525 0.422 0.0195 0.028
0 0.4585 0.403 0.018 0.024666666666666667
0 0.491 0.402 0.015 0.02266666666666667
0 0.51575 0.4136666666666667 0.0175 0.022
0 0.5085 0.374 0.015 0.02
0 0.697 0.362 0.019 0.024
0 0.6925 0.34 0.018 0.02
0 0.56625 0.42333333333333334 0.0195 0.024
1 0.5535 0.38166666666666665 0.023 0.038
0 0.53825 0.358 0.0135 0.018666666666666668
0 0.53475 0.34833333333333333 0.0105 0.015333333333333332
0 0.5305 0.3303333333333333 0.011 0.014
0 0.48675 0.31933333333333336 0.0105 0.016
0 0.4855 0.3006666666666667 0.008 0.012
0 0.46 0.3566666666666667 0.013 0.016
0 0.46175 0.3283333333333333 0.0105 0.014
0 0.46225 0.32066666666666666 0.0095 0.012
0 0.4645 0.31533333333333335 0.009 0.009333333333333334
0 0.4655 0.297 0.008 0.012666666666666666
0 0.46575 0.29133333333333333 0.0075 0.008
0 0.46575 0.2856666666666667 0.0075 0.008666666666666666
0 0.46925 0.26066666666666666 0.0045 0.006666666666666667
0 0.49025 0.248 0.0045 0.005333333333333333
0 0.478 0.227 0.003 0.0033333333333333335
0 0.5635 0.27466666666666667 0.013 0.009333333333333334
0 0.582 0.2663333333333333 0.007 0.006
0 0.61925 0.302 0.0105 0.012
0 0.576 0.339 0.026 0.014
0 0.63925 0.3353333333333333 0.0195 0.017333333333333333
0 0.6175 0.32966666666666666 0.016 0.014
1 0.629 0.338 0.022 0.03333333333333333
