0 0.033 0.8116666666666666 0.026 0.043333333333333335
0 0.062 0.7716666666666666 0.025 0.03933333333333333
0 0.05475 0.5393333333333333 0.0195 0.02266666666666667
0 0.095 0.5703333333333334 0.017 0.022
0 0.114 0.6176666666666667 0.02 0.026
3 0.08375 0.5356666666666666 0.0155 0.018
0 0.08925 0.5533333333333333 0.0185 0.02266666666666667
3 0.06475 0.49366666666666664 0.0145 0.016666666666666666
0 0.0625 0.453 0.026 0.019333333333333334
3 0.0925 0.466 0.015 0.017333333333333333
0 0.064 0.4236666666666667 0.022 0.012666666666666666
0 0.04375 0.42633333333333334 0.0135 0.014
0 0.0385 0.415 0.012 0.014
0 0.05775 0.4103333333333333 0.0215 0.012666666666666666
0 0.061 0.402 0.023 0.010666666666666666
0 0.0505 0.3953333333333333 0.02 0.010666666666666666
3 0.0355 0.4033333333333333 0.012 0.013333333333333334
0 0.048 0.381 0.019 0.011333333333333334
0 0.0315 0.3923333333333333 0.011 0.011333333333333334
0 0.02725 0.38266666666666665 0.0125 0.012
3 0.024 0.374 0.011 0.012
0 0.022 0.36566666666666664 0.01 0.01
3 0.01825 0.358 0.0105 0.012
0 0.01675 0.351 0.0095 0.01
3 0.014 0.344 0.009 0.009333333333333334
3 0.00675 0.3233333333333333 0.0105 0.010666666666666666
3 0.05 0.33566666666666667 0.011 0.011333333333333334
3 0.0535 0.3426666666666667 0.01 0.010666666666666666
0 0.1235 0.6413333333333333 0.02 0.02666666666666667
0 0.133 0.6693333333333333 0.023 0.029333333333333333
3 0.14475 0.7003333333333334 0.0235 0.034
0 0.15625 0.7353333333333333 0.0245 0.036
0 0.16725 0.7686666666666667 0.0285 0.04133333333333333
3 0.18375 0.803 0.0265 0.03933333333333333
3 0.198 0.8443333333333334 0.027 0.043333333333333335
0 0.43625 0.918 0.0495 0.050666666666666665
0 0.40425 0.8756666666666667 0.0465 0.048666666666666664
3 0.5345 0.963 0.039 0.05266666666666667
3 0.5725 0.9133333333333333 0.039 0.04533333333333334
3 0.49575 0.8716666666666667 0.0355 0.04066666666666666
0 0.49125 0.815 0.0405 0.04066666666666666
3 0.5365 0.7856666666666666 0.042 0.042
3 0.576 0.752 0.032 0.036
3 0.60775 0.8846666666666667 0.0385 0.044
0 0.51975 0.6836666666666666 0.0325 0.028666666666666667
0 0.50975 0.6663333333333333 0.0345 0.028666666666666667
0 0.49625 0.651 0.0335 0.022
3 0.49 0.6343333333333333 0.025 0.023333333333333334
0 0.48675 0.614 0.0255 0.021333333333333333
0 0.531 0.5606666666666666 0.03 0.024
3 0.55725 0.5806666666666667 0.0295 0.02666666666666667
3 0.56575 0.5946666666666667 0.0305 0.029333333333333333
3 0.863 0.554 0.025 0.024
3 0.88625 0.5393333333333333 0.0245 0.024
0 0.93425 0.5103333333333333 0.0265 0.020666666666666667
0 0.96175 0.495 0.0235 0.020666666666666667
0 0.98275 0.455 0.0215 0.018
0 0.92575 0.4826666666666667 0.0235 0.018666666666666668
0 0.93375 0.44166666666666665 0.0225 0.018
