0 0.4810714285714286 0.4685714285714286 0.019285714285714285 0.05142857142857143
0 0.5217857142857143 0.30714285714285716 0.03214285714285714 0.02
0 0.47535714285714287 0.21095238095238095 0.010714285714285714 0.025714285714285714
0 0.45035714285714284 0.0380952380952381 0.007857142857142858 0.015238095238095238
0 0.4825 0.0719047619047619 0.009285714285714286 0.014285714285714285
0 0.51 0.21 0.011428571428571429 0.018095238095238095
0 0.4521428571428571 0.06666666666666667 0.01 0.015238095238095238
0 0.48892857142857143 0.0380952380952381 0.009285714285714286 0.013333333333333334
0 0.4714285714285714 0.016666666666666666 0.007142857142857143 0.012380952380952381
0 0.4860714285714286 0.017142857142857144 0.009285714285714286 0.011428571428571429
0 0.48678571428571427 0.02666666666666667 0.007857142857142858 0.013333333333333334
3 0.4739285714285714 0.03571428571428571 0.009285714285714286 0.014285714285714285
3 0.4525 0.09142857142857143 0.007857142857142858 0.01904761904761905
3 0.4514285714285714 0.07809523809523809 0.008571428571428572 0.017142857142857144
3 0.45035714285714284 0.007142857142857143 0.007857142857142858 0.014285714285714285
3 0.3917857142857143 0.3180952380952381 0.03214285714285714 0.02857142857142857
0 0.4525 0.3514285714285714 0.029285714285714286 0.030476190476190476
0 0.45285714285714285 0.22047619047619046 0.011428571428571429 0.02
1 0.4539285714285714 0.17238095238095238 0.017857142857142856 0.049523809523809526
1 0.4517857142857143 0.05285714285714286 0.009285714285714286 0.01619047619047619
