0 0.45285714285714285 0.8266666666666667 0.02857142857142857 0.07809523809523809
0 0.46535714285714286 0.49666666666666665 0.023571428571428573 0.04285714285714286
0 0.4710714285714286 0.4342857142857143 0.017857142857142856 0.03238095238095238
0 0.4975 0.39904761904761904 0.016428571428571428 0.02857142857142857
0 0.4775 0.2966666666666667 0.012142857142857143 0.021904761904761906
0 0.4942857142857143 0.32095238095238093 0.014285714285714285 0.02095238095238095
0 0.4957142857142857 0.35095238095238096 0.012857142857142857 0.023809523809523808
0 0.585 0.43476190476190474 0.03 0.021904761904761906
0 0.5667857142857143 0.3319047619047619 0.03357142857142857 0.021904761904761906
0 0.49464285714285716 0.22142857142857142 0.010714285714285714 0.01619047619047619
0 0.5110714285714286 0.22666666666666666 0.013571428571428571 0.017142857142857144
0 0.3796428571428571 0.1919047619047619 0.02214285714285714 0.014285714285714285
0 0.35714285714285715 0.1961904761904762 0.02 0.013333333333333334
0 0.34785714285714286 0.19095238095238096 0.018571428571428572 0.014285714285714285
0 0.3725 0.1823809523809524 0.025 0.01619047619047619
0 0.37714285714285717 0.1523809523809524 0.018571428571428572 0.013333333333333334
0 0.1625 0.09761904761904762 0.017857142857142856 0.010476190476190476
0 0.5967857142857143 0.12142857142857143 0.013571428571428571 0.010476190476190476
0 0.5817857142857142 0.13238095238095238 0.007857142857142858 0.013333333333333334
0 0.5796428571428571 0.11523809523809524 0.009285714285714286 0.009523809523809525
0 0.7003571428571429 0.11523809523809524 0.015 0.009523809523809525
3 0.47214285714285714 0.19333333333333333 0.014285714285714285 0.02095238095238095
0 0.5935714285714285 0.13333333333333333 0.005714285714285714 0.011428571428571429
0 0.5685714285714286 0.13380952380952382 0.01 0.012380952380952381
3 0.5589285714285714 0.13142857142857142 0.007857142857142858 0.013333333333333334
3 0.5485714285714286 0.13047619047619047 0.008571428571428572 0.013333333333333334
1 0.4725 0.35428571428571426 0.017857142857142856 0.10285714285714286
1 0.4757142857142857 0.26142857142857145 0.014285714285714285 0.039047619047619046
1 0.4785714285714286 0.2219047619047619 0.012857142857142857 0.02857142857142857
1 0.41464285714285715 0.15047619047619049 0.02642857142857143 0.01904761904761905
1 0.4967857142857143 0.28 0.017857142857142856 0.045714285714285714
1 0.49714285714285716 0.24761904761904763 0.014285714285714285 0.02666666666666667
3 0.5960714285714286 0.15142857142857144 0.019285714285714285 0.015238095238095238
3 0.39071428571428574 0.10380952380952381 0.01 0.011428571428571429
2 0.3517857142857143 0.17285714285714285 0.056428571428571425 0.02761904761904762
1 0.465 0.5485714285714286 0.02 0.05904761904761905
