0 0.7357142857142858 0.8976190476190476 0.19428571428571428 0.1457142857142857
0 0.73 0.7728571428571429 0.17285714285714285 0.12476190476190477
0 0.7225 0.6838095238095238 0.1692857142857143 0.09333333333333334
0 0.7153571428571428 0.6147619047619047 0.1407142857142857 0.07904761904761905
0 0.8867857142857143 0.5642857142857143 0.12785714285714286 0.09238095238095238
0 0.88 0.6295238095238095 0.15714285714285714 0.11238095238095239
0 0.8996428571428572 0.7276190476190476 0.16785714285714284 0.11047619047619048
0 0.9657142857142857 0.5152380952380953 0.06571428571428571 0.0761904761904762
0 0.14035714285714285 0.5304761904761904 0.12357142857142857 0.12
0 0.2671428571428571 0.4957142857142857 0.10428571428571429 0.13238095238095238
0 0.33714285714285713 0.5280952380952381 0.08571428571428572 0.13238095238095238
0 0.5971428571428572 0.20761904761904762 0.047142857142857146 0.03428571428571429
0 0.5778571428571428 0.18285714285714286 0.04285714285714286 0.03428571428571429
0 0.5135714285714286 0.16380952380952382 0.03857142857142857 0.03428571428571429
0 0.5096428571428572 0.19666666666666666 0.05785714285714286 0.04285714285714286
0 0.43714285714285717 0.22476190476190477 0.04 0.049523809523809526
0 0.3942857142857143 0.13904761904761906 0.04428571428571428 0.045714285714285714
0 0.2764285714285714 0.10523809523809524 0.06142857142857143 0.029523809523809525
0 0.15607142857142858 0.10047619047619048 0.056428571428571425 0.025714285714285714
3 0.37857142857142856 0.2904761904761905 0.04285714285714286 0.06476190476190476
3 0.30357142857142855 0.33666666666666667 0.08142857142857143 0.09428571428571429
2 0.27464285714285713 0.022857142857142857 0.07642857142857143 0.045714285714285714
0 0.2307142857142857 0.011904761904761904 0.022857142857142857 0.023809523809523808
3 0.3335714285714286 0.02666666666666667 0.025714285714285714 0.02666666666666667
0 0.31892857142857145 0.030476190476190476 0.020714285714285713 0.024761904761904763
0 0.3575 0.022857142857142857 0.027857142857142858 0.02857142857142857
0 0.32571428571428573 0.010476190476190476 0.027142857142857142 0.01904761904761905
0 0.4432142857142857 0.09333333333333334 0.04357142857142857 0.03428571428571429
0 0.49178571428571427 0.09666666666666666 0.029285714285714286 0.02761904761904762
0 0.5139285714285714 0.07571428571428572 0.016428571428571428 0.025714285714285714
0 0.5307142857142857 0.09238095238095238 0.02 0.03238095238095238
0 0.5546428571428571 0.11285714285714285 0.025 0.039047619047619046
0 0.5692857142857143 0.09047619047619047 0.02142857142857143 0.02857142857142857
0 0.5582142857142857 0.14857142857142858 0.030714285714285715 0.03619047619047619
0 0.5853571428571429 0.13142857142857142 0.030714285714285715 0.030476190476190476
0 0.5967857142857143 0.1523809523809524 0.03214285714285714 0.03238095238095238
2 0.5507142857142857 0.054285714285714284 0.024285714285714285 0.05714285714285714
0 0.6092857142857143 0.06761904761904762 0.022857142857142857 0.02857142857142857
0 0.6485714285714286 0.08142857142857143 0.027142857142857142 0.03142857142857143
0 0.6289285714285714 0.1 0.019285714285714285 0.02666666666666667
0 0.6107142857142858 0.11047619047619048 0.03 0.0380952380952381
0 0.65 0.14333333333333334 0.03 0.040952380952380955
0 0.6696428571428571 0.12 0.025 0.030476190476190476
0 0.6689285714285714 0.10238095238095238 0.025 0.021904761904761906
0 0.6778571428571428 0.08952380952380952 0.022857142857142857 0.024761904761904763
0 0.6875 0.062380952380952384 0.020714285714285713 0.023809523809523808
3 0.6692857142857143 0.06285714285714286 0.037142857142857144 0.03428571428571429
0 0.6921428571428572 0.02857142857142857 0.012857142857142857 0.017142857142857144
0 0.6757142857142857 0.024285714285714285 0.015714285714285715 0.014285714285714285
0 0.6564285714285715 0.020476190476190478 0.015714285714285715 0.018095238095238095
0 0.6814285714285714 0.14 0.03142857142857143 0.0380952380952381
0 0.7089285714285715 0.030952380952380953 0.015 0.018095238095238095
0 0.0325 0.7176190476190476 0.065 0.13428571428571429
