0 0.19678571428571429 0.04666666666666667 0.08071428571428571 0.06476190476190476
0 0.023571428571428573 0.23047619047619047 0.047142857142857146 0.08761904761904762
0 0.21035714285714285 0.18285714285714286 0.075 0.07428571428571429
3 0.23892857142857143 0.22333333333333333 0.07357142857142857 0.06952380952380953
0 0.2975 0.06952380952380953 0.03357142857142857 0.08
0 0.3171428571428571 0.17904761904761904 0.04428571428571428 0.10666666666666667
3 0.48142857142857143 0.039523809523809524 0.032857142857142856 0.07904761904761905
0 0.4764285714285714 0.22380952380952382 0.03428571428571429 0.10095238095238095
0 0.48392857142857143 0.3423809523809524 0.03642857142857143 0.10761904761904761
0 0.48214285714285715 0.4680952380952381 0.03571428571428571 0.10380952380952381
0 0.48464285714285715 0.5923809523809523 0.03785714285714286 0.10095238095238095
0 0.49107142857142855 0.8552380952380952 0.03214285714285714 0.11238095238095239
0 0.4928571428571429 0.9642857142857143 0.03428571428571429 0.06952380952380953
3 0.3535714285714286 0.9276190476190476 0.03571428571428571 0.12380952380952381
3 0.31107142857142855 0.9738095238095238 0.03357142857142857 0.05047619047619047
0 0.31607142857142856 0.7976190476190477 0.04071428571428572 0.11714285714285715
0 0.42678571428571427 0.6019047619047619 0.03357142857142857 0.12380952380952381
0 0.32107142857142856 0.669047619047619 0.039285714285714285 0.1019047619047619
3 0.3182142857142857 0.37952380952380954 0.03642857142857143 0.10380952380952381
0 0.31785714285714284 0.5009523809523809 0.04 0.10095238095238095
0 0.15714285714285714 0.8638095238095238 0.08571428571428572 0.05333333333333334
0 0.15428571428571428 0.800952380952381 0.09428571428571429 0.05714285714285714
0 0.1792857142857143 0.4519047619047619 0.07285714285714286 0.09047619047619047
0 0.15928571428571428 0.3995238095238095 0.07857142857142857 0.09428571428571429
0 0.12785714285714286 0.3757142857142857 0.07857142857142857 0.09238095238095238
