0 0.7265 0.7286666666666667 0.021 0.034666666666666665
0 0.75325 0.7326666666666667 0.0255 0.03866666666666667
0 0.7765 0.7283333333333334 0.026 0.035333333333333335
0 0.70425 0.7316666666666667 0.0205 0.03666666666666667
0 0.682 0.7286666666666667 0.017 0.030666666666666665
0 0.66 0.7206666666666667 0.018 0.034666666666666665
0 0.6375 0.7206666666666667 0.019 0.036
0 0.2365 0.7393333333333333 0.034 0.04533333333333334
0 0.35475 0.6943333333333334 0.0245 0.034
0 0.37775 0.6953333333333334 0.0225 0.034666666666666665
0 0.40075 0.699 0.0215 0.03133333333333333
0 0.42125 0.701 0.0175 0.03
0 0.44275 0.7016666666666667 0.0195 0.028666666666666667
0 0.46325 0.704 0.0175 0.030666666666666665
0 0.48575 0.7056666666666667 0.0195 0.034
0 0.5085 0.707 0.018 0.035333333333333335
0 0.5325 0.7103333333333334 0.018 0.034
0 0.5555 0.7123333333333334 0.018 0.034
0 0.653 0.6583333333333333 0.015 0.027333333333333334
0 0.69375 0.6656666666666666 0.0165 0.027333333333333334
0 0.7145 0.6646666666666666 0.02 0.030666666666666665
0 0.73575 0.6673333333333333 0.0215 0.024
0 0.75775 0.6676666666666666 0.0235 0.024666666666666667
0 0.58075 0.652 0.0155 0.02666666666666667
0 0.5625 0.6506666666666666 0.015 0.025333333333333333
0 0.52975 0.647 0.0145 0.027333333333333334
0 0.50525 0.6486666666666666 0.0135 0.02
0 0.48575 0.644 0.0165 0.021333333333333333
0 0.44575 0.6403333333333333 0.0335 0.020666666666666667
2 0.39725 0.626 0.0445 0.030666666666666665
1 0.49725 0.587 0.0135 0.016666666666666666
3 0.45575 0.42733333333333334 0.0105 0.018666666666666668
