0 0.405 0.8986666666666666 0.05 0.12666666666666668
0 0.42825 0.7256666666666667 0.0375 0.07533333333333334
0 0.43825 0.6576666666666666 0.0295 0.05533333333333333
0 0.45675 0.5653333333333334 0.0235 0.04
0 0.15775 0.893 0.1025 0.06333333333333334
0 0.66725 0.42866666666666664 0.0315 0.014666666666666666
0 0.63 0.4216666666666667 0.022 0.015333333333333332
0 0.44575 0.6103333333333333 0.0275 0.046
0 0.72825 0.435 0.0285 0.014
0 0.68725 0.394 0.0145 0.013333333333333334
0 0.741 0.39266666666666666 0.021 0.010666666666666666
0 0.7285 0.382 0.024 0.010666666666666666
0 0.784 0.38533333333333336 0.024 0.012
1 0.82625 0.403 0.0435 0.022
0 0.83025 0.39166666666666666 0.0215 0.015333333333333332
0 0.4425 0.43166666666666664 0.029 0.014
0 0.4355 0.4266666666666667 0.029 0.014666666666666666
0 0.39375 0.4116666666666667 0.0265 0.015333333333333332
1 0.36525 0.43933333333333335 0.0335 0.02
0 0.34725 0.435 0.0305 0.015333333333333332
0 0.24775 0.458 0.0305 0.017333333333333333
0 0.202 0.45766666666666667 0.03 0.016666666666666666
3 0.13925 0.41333333333333333 0.0365 0.018666666666666668
0 0.16325 0.42133333333333334 0.0295 0.014666666666666666
0 0.0945 0.417 0.031 0.015333333333333332
0 0.24125 0.41433333333333333 0.0305 0.014
0 0.25625 0.41 0.0255 0.012
0 0.9005 0.44966666666666666 0.039 0.019333333333333334
0 0.4915 0.38433333333333336 0.01 0.012666666666666666
0 0.49325 0.365 0.0075 0.01
0 0.49475 0.3453333333333333 0.0065 0.008
0 0.4955 0.3363333333333333 0.006 0.007333333333333333
0 0.5035 0.31266666666666665 0.006 0.005333333333333333
0 0.49775 0.312 0.0045 0.005333333333333333
0 0.49625 0.31933333333333336 0.0055 0.005333333333333333
0 0.4965 0.321 0.006 0.004666666666666667
0 0.49725 0.3233333333333333 0.0065 0.005333333333333333
0 0.49625 0.3263333333333333 0.0055 0.006
0 0.576 0.3526666666666667 0.008 0.009333333333333334
0 0.564 0.34933333333333333 0.012 0.008
