0 0.007857142857142858 0.05456852791878172 0.015714285714285715 0.03553299492385787
0 0.009285714285714286 0.1548223350253807 0.018571428571428572 0.03299492385786802
1 0.05 0.1199238578680203 0.1 0.08756345177664974
3 0.05821428571428571 0.07868020304568528 0.045 0.03553299492385787
0 0.08285714285714285 0.19289340101522842 0.04428571428571428 0.03807106598984772
3 0.15357142857142858 0.17258883248730963 0.047142857142857146 0.04314720812182741
1 0.15642857142857142 0.11802030456852793 0.11142857142857143 0.07868020304568528
2 0.31892857142857145 0.1884517766497462 0.10785714285714286 0.08248730964467005
1 0.2935714285714286 0.23604060913705585 0.06857142857142857 0.06345177664974619
0 0.41714285714285715 0.2848984771573604 0.03142857142857143 0.031725888324873094
0 0.5207142857142857 0.2906091370558376 0.03857142857142857 0.04060913705583756
2 0.5071428571428571 0.3293147208121827 0.054285714285714284 0.05456852791878172
3 0.47285714285714286 0.5532994923857868 0.041428571428571426 0.048223350253807105
0 0.5992857142857143 0.4486040609137056 0.04285714285714286 0.046954314720812185
0 0.5928571428571429 0.3889593908629442 0.04 0.04187817258883249
3 0.6446428571428572 0.41053299492385786 0.04214285714285714 0.044416243654822336
3 0.6853571428571429 0.3769035532994924 0.04214285714285714 0.04568527918781726
3 0.7071428571428572 0.4663705583756345 0.041428571428571426 0.04949238578680203
3 0.7771428571428571 0.4333756345177665 0.03857142857142857 0.044416243654822336
1 0.7935714285714286 0.5 0.06428571428571428 0.06852791878172589
2 0.8167857142857143 0.5850253807106599 0.05928571428571429 0.06345177664974619
3 0.8528571428571429 0.49048223350253806 0.041428571428571426 0.046954314720812185
3 0.9171428571428571 0.5444162436548223 0.045714285714285714 0.050761421319796954
0 0.8817857142857143 0.5881979695431472 0.04214285714285714 0.05203045685279188
0 0.9510714285714286 0.6015228426395939 0.04071428571428572 0.04060913705583756
1 0.9167857142857143 0.8540609137055838 0.056428571428571425 0.06598984771573604
0 0.9803571428571428 0.6579949238578681 0.039285714285714285 0.046954314720812185
0 0.6832142857142857 0.6890862944162437 0.04357142857142857 0.04568527918781726
