0 0.52275 0.027666666666666666 0.0245 0.054
0 0.531 0.08766666666666667 0.024 0.05533333333333333
0 0.5375 0.19133333333333333 0.024 0.076
0 0.46625 0.26 0.0235 0.064
0 0.476 0.3406666666666667 0.029 0.07066666666666667
0 0.46975 0.406 0.0465 0.04533333333333334
0 0.47175 0.454 0.0475 0.056
0 0.544 0.4126666666666667 0.039 0.06533333333333333
0 0.672 0.4653333333333333 0.058 0.029333333333333333
0 0.59275 0.48533333333333334 0.0575 0.042666666666666665
0 0.52325 0.5703333333333334 0.0275 0.078
0 0.4885 0.6406666666666667 0.027 0.08533333333333333
0 0.56875 0.6383333333333333 0.0265 0.078
0 0.57675 0.7316666666666667 0.0285 0.09533333333333334
0 0.492 0.7556666666666667 0.048 0.08466666666666667
0 0.5235 0.96 0.033 0.08
3 0.59725 0.869 0.0275 0.07933333333333334
3 0.55375 0.8623333333333333 0.0365 0.11133333333333334
3 0.63275 0.6216666666666667 0.0245 0.098
1 0.55475 0.30033333333333334 0.0295 0.08866666666666667
3 0.37825 0.23866666666666667 0.0195 0.06
1 0.58725 0.30866666666666664 0.0265 0.07333333333333333
1 0.66025 0.3883333333333333 0.0635 0.03266666666666666
1 0.80575 0.3596666666666667 0.0695 0.048666666666666664
1 0.89275 0.5953333333333334 0.0745 0.04133333333333333
1 0.76775 0.562 0.0675 0.068
3 0.09575 0.72 0.0555 0.06266666666666666
0 0.038 0.534 0.052 0.05333333333333334
