3 0.05071428571428571 0.3628571428571429 0.08142857142857143 0.049523809523809526
0 0.21642857142857144 0.37523809523809526 0.08142857142857143 0.047619047619047616
1 0.36892857142857144 0.37047619047619046 0.10071428571428571 0.06857142857142857
1 0.18464285714285714 0.4847619047619048 0.11357142857142857 0.06095238095238095
0 0.04 0.6823809523809524 0.08 0.04857142857142857
0 0.3196428571428571 0.8133333333333334 0.075 0.10476190476190476
0 0.1407142857142857 0.7671428571428571 0.05 0.11523809523809524
0 0.09035714285714286 0.7742857142857142 0.05071428571428571 0.11619047619047619
0 0.4114285714285714 0.4504761904761905 0.07428571428571429 0.04
0 0.17035714285714285 0.5580952380952381 0.08214285714285714 0.047619047619047616
0 0.33107142857142857 0.6266666666666667 0.08785714285714286 0.049523809523809526
0 0.445 0.5633333333333334 0.08285714285714285 0.04857142857142857
3 0.6392857142857142 0.1295238095238095 0.02857142857142857 0.08571428571428572
0 0.7857142857142857 0.3333333333333333 0.07142857142857142 0.06666666666666667
0 0.6167857142857143 0.47 0.075 0.04666666666666667
0 0.6678571428571428 0.5671428571428572 0.08142857142857143 0.05047619047619047
0 0.965 0.3961904761904762 0.07 0.045714285714285714
3 0.9739285714285715 0.5447619047619048 0.052142857142857144 0.0380952380952381
3 0.8978571428571429 0.4519047619047619 0.07285714285714286 0.040952380952380955
0 0.8896428571428572 0.6276190476190476 0.08071428571428571 0.04380952380952381
0 0.8025 0.6995238095238095 0.075 0.08666666666666667
3 0.6453571428571429 0.900952380952381 0.04071428571428572 0.10666666666666667
0 0.7175 0.981904761904762 0.03642857142857143 0.03428571428571429
