3 0.27464285714285713 0.768095238095238 0.12357142857142857 0.20095238095238097
3 0.3392857142857143 0.5714285714285714 0.07714285714285714 0.1523809523809524
3 0.4514285714285714 0.21904761904761905 0.032857142857142856 0.05523809523809524
3 0.59 0.5271428571428571 0.05 0.10761904761904761
3 0.5617857142857143 0.25285714285714284 0.029285714285714286 0.06190476190476191
0 0.5821428571428572 0.4228571428571429 0.04857142857142857 0.08761904761904762
0 0.39321428571428574 0.4471428571428571 0.06785714285714285 0.0980952380952381
0 0.5760714285714286 0.1742857142857143 0.02642857142857143 0.0380952380952381
0 0.40714285714285714 0.36428571428571427 0.047142857142857146 0.06761904761904762
0 0.4382142857142857 0.2757142857142857 0.04071428571428572 0.05619047619047619
0 0.5810714285714286 0.22285714285714286 0.027857142857142858 0.049523809523809526
0 0.5717857142857142 0.1461904761904762 0.023571428571428573 0.035238095238095235
0 0.465 0.18619047619047618 0.02857142857142857 0.040952380952380955
0 0.475 0.1595238095238095 0.024285714285714285 0.037142857142857144
0 0.5960714285714286 0.05047619047619047 0.015 0.01904761904761905
0 0.5728571428571428 0.04857142857142857 0.015714285714285715 0.024761904761904763
0 0.5482142857142858 0.048095238095238094 0.016428571428571428 0.021904761904761906
0 0.5214285714285715 0.04619047619047619 0.015714285714285715 0.02
0 0.49892857142857144 0.04476190476190476 0.016428571428571428 0.02095238095238095
1 0.4775 0.04285714285714286 0.019285714285714285 0.02857142857142857
0 0.55 0.03190476190476191 0.012857142857142857 0.018095238095238095
0 0.5728571428571428 0.034761904761904765 0.014285714285714285 0.02
0 0.44607142857142856 0.018571428571428572 0.016428571428571428 0.021904761904761906
0 0.535 0.07476190476190477 0.017142857142857144 0.023809523809523808
0 0.2025 0.9595238095238096 0.12214285714285714 0.08095238095238096
