2 0.48464285714285715 0.1376190476190476 0.005 0.010476190476190476
2 0.4953571428571429 0.1295238095238095 0.0035714285714285713 0.0038095238095238095
3 0.37785714285714284 0.38904761904761903 0.017142857142857144 0.025714285714285714
3 0.4039285714285714 0.33380952380952383 0.010714285714285714 0.021904761904761906
1 0.3992857142857143 0.41333333333333333 0.018571428571428572 0.03428571428571429
0 0.5617857142857143 0.2985714285714286 0.010714285714285714 0.018095238095238095
0 0.5496428571428571 0.2561904761904762 0.013571428571428571 0.009523809523809525
0 0.5510714285714285 0.25 0.013571428571428571 0.008571428571428572
0 0.5475 0.24571428571428572 0.016428571428571428 0.009523809523809525
0 0.6707142857142857 0.2957142857142857 0.022857142857142857 0.010476190476190476
0 0.32607142857142857 0.4014285714285714 0.017857142857142856 0.02
0 0.3364285714285714 0.3823809523809524 0.018571428571428572 0.025714285714285714
