1 0.08214285714285714 0.5676190476190476 0.07 0.10666666666666667
2 0.05178571428571429 0.6238095238095238 0.07071428571428572 0.13333333333333333
1 0.10928571428571429 0.18285714285714286 0.047142857142857146 0.05523809523809524
1 0.10428571428571429 0.1519047619047619 0.032857142857142856 0.037142857142857144
1 0.052142857142857144 0.12904761904761905 0.03571428571428571 0.040952380952380955
0 0.027142857142857142 0.09619047619047619 0.011428571428571429 0.009523809523809525
1 0.02892857142857143 0.4319047619047619 0.05785714285714286 0.09619047619047619
0 0.008214285714285714 0.4714285714285714 0.016428571428571428 0.03619047619047619
3 0.02107142857142857 0.5552380952380952 0.029285714285714286 0.03428571428571429
0 0.4257142857142857 0.040952380952380955 0.005714285714285714 0.007619047619047619
0 0.5239285714285714 0.051904761904761905 0.0064285714285714285 0.010476190476190476
0 0.5417857142857143 0.1 0.0064285714285714285 0.009523809523809525
2 0.5432142857142858 0.007619047619047619 0.009285714285714286 0.015238095238095238
1 0.48678571428571427 0.810952380952381 0.030714285714285715 0.04285714285714286
0 0.41714285714285715 0.2938095238095238 0.014285714285714285 0.023809523809523808
0 0.43142857142857144 0.2995238095238095 0.014285714285714285 0.03333333333333333
0 0.22107142857142856 0.2623809523809524 0.016428571428571428 0.02
