0 0.23035714285714284 0.9928571428571429 0.05785714285714286 0.014285714285714285
0 0.15714285714285714 0.9938095238095238 0.05 0.012380952380952381
0 0.2307142857142857 0.9628571428571429 0.055714285714285716 0.0419047619047619
0 0.16107142857142856 0.9576190476190476 0.05785714285714286 0.040952380952380955
0 0.16428571428571428 0.8790476190476191 0.055714285714285716 0.0380952380952381
0 0.2317857142857143 0.9119047619047619 0.060714285714285714 0.04285714285714286
0 0.23535714285714285 0.8652380952380953 0.05785714285714286 0.035238095238095235
0 0.2367857142857143 0.8238095238095238 0.05785714285714286 0.0380952380952381
0 0.2425 0.7819047619047619 0.05071428571428571 0.03619047619047619
0 0.24607142857142858 0.7328571428571429 0.062142857142857146 0.037142857142857144
0 0.17285714285714285 0.7480952380952381 0.055714285714285716 0.035238095238095235
0 0.17107142857142857 0.7071428571428572 0.05785714285714286 0.03333333333333333
0 0.1742857142857143 0.669047619047619 0.06 0.03333333333333333
0 0.17821428571428571 0.6247619047619047 0.056428571428571425 0.03428571428571429
3 0.24678571428571427 0.6780952380952381 0.05928571428571429 0.03428571428571429
3 0.5235714285714286 0.36 0.017142857142857144 0.06095238095238095
1 0.45607142857142857 0.30333333333333334 0.039285714285714285 0.08857142857142856
