3 0.6338726513569938 0.7954545454545454 0.08298538622129437 0.16975881261595546
3 0.8637787056367432 0.9294990723562152 0.10855949895615867 0.1391465677179963
0 0.7604384133611691 0.7453617810760668 0.0824634655532359 0.1345083487940631
0 0.6975469728601252 0.5357142857142857 0.04749478079331942 0.08998144712430427
0 0.4068371607515658 0.6382189239332097 0.10386221294363257 0.11317254174397032
3 0.2794885177453027 0.6312615955473099 0.10386221294363257 0.09554730983302412
3 0.28444676409185804 0.5904452690166976 0.08872651356993737 0.08256029684601113
3 0.37995824634655534 0.5853432282003711 0.09081419624217119 0.09461966604823747
3 0.6367432150313153 0.3738404452690167 0.027139874739039668 0.06307977736549165
0 0.6064718162839249 0.29730983302411873 0.025052192066805846 0.045454545454545456
0 0.4859081419624217 0.3098330241187384 0.04801670146137787 0.03710575139146568
0 0.4365866388308977 0.287569573283859 0.050626304801670144 0.03153988868274583
1 0.615866388308977 0.49211502782931354 0.07411273486430063 0.15306122448979592
0 0.4509394572025052 0.2722634508348794 0.04488517745302714 0.032467532467532464
3 0.4551148225469729 0.25788497217068646 0.04279749478079332 0.03896103896103896
0 0.4545929018789144 0.2504638218923933 0.03444676409185804 0.03339517625231911
0 0.49373695198329853 0.20686456400742115 0.018789144050104383 0.022263450834879406
0 0.5060020876826722 0.19155844155844157 0.024530271398747392 0.015769944341372914
0 0.48721294363256784 0.18645640074211503 0.02348643006263048 0.016697588126159554
3 0.47781837160751567 0.18181818181818182 0.0255741127348643 0.02040816326530612
3 0.4812108559498956 0.17346938775510204 0.017745302713987474 0.01855287569573284
3 0.5020876826722338 0.16233766233766234 0.016701461377870562 0.016697588126159554
0 0.5208768267223383 0.16558441558441558 0.019832985386221295 0.013914656771799629
0 0.5174843423799582 0.1614100185528757 0.016179540709812108 0.014842300556586271
1 0.5845511482254697 0.22634508348794063 0.016701461377870562 0.04638218923933209
3 0.5430584551148225 0.1567717996289425 0.014091858037578288 0.016697588126159554
0 0.5701983298538622 0.1414656771799629 0.006784968684759917 0.008348794063079777
1 0.5798538622129437 0.11734693877551021 0.010438413361169102 0.023191094619666047
