0 0.29928571428571427 0.6566666666666666 0.06857142857142857 0.04857142857142857
0 0.12392857142857143 0.6109523809523809 0.06785714285714285 0.05238095238095238
0 0.9171428571428571 0.6838095238095238 0.07142857142857142 0.0838095238095238
0 0.765 0.4847619047619048 0.02142857142857143 0.0380952380952381
0 0.7696428571428572 0.39714285714285713 0.019285714285714285 0.03428571428571429
0 0.0475 0.589047619047619 0.06785714285714285 0.04476190476190476
0 0.21107142857142858 0.6304761904761905 0.06642857142857143 0.047619047619047616
0 0.7439285714285714 0.1461904761904762 0.005 0.006666666666666667
0 0.7507142857142857 0.1380952380952381 0.005714285714285714 0.007619047619047619
0 0.805 0.19238095238095237 0.007142857142857143 0.009523809523809525
0 0.7907142857142857 0.18047619047619048 0.007142857142857143 0.010476190476190476
0 0.8042857142857143 0.23857142857142857 0.011428571428571429 0.01619047619047619
0 0.8114285714285714 0.20523809523809525 0.008571428571428572 0.010476190476190476
0 0.8071428571428572 0.15142857142857144 0.007142857142857143 0.007619047619047619
0 0.7885714285714286 0.15047619047619049 0.007142857142857143 0.007619047619047619
0 0.7971428571428572 0.15 0.004285714285714286 0.006666666666666667
0 0.7985714285714286 0.14142857142857143 0.005714285714285714 0.004761904761904762
0 0.8032142857142858 0.13285714285714287 0.005 0.004761904761904762
0 0.8042857142857143 0.12476190476190477 0.005714285714285714 0.007619047619047619
0 0.8032142857142858 0.10333333333333333 0.005 0.004761904761904762
0 0.8010714285714285 0.1138095238095238 0.005 0.006666666666666667
0 0.7946428571428571 0.11047619047619048 0.0035714285714285713 0.0038095238095238095
0 0.7939285714285714 0.10476190476190476 0.0035714285714285713 0.0038095238095238095
0 0.7932142857142858 0.0980952380952381 0.005 0.0038095238095238095
0 0.7957142857142857 0.08857142857142856 0.004285714285714286 0.005714285714285714
2 0.78 0.1657142857142857 0.01 0.015238095238095238
2 0.8978571428571429 0.2438095238095238 0.018571428571428572 0.030476190476190476
0 0.8317857142857142 0.21476190476190476 0.009285714285714286 0.010476190476190476
0 0.8817857142857143 0.2261904761904762 0.0064285714285714285 0.008571428571428572
0 0.8564285714285714 0.17476190476190476 0.007142857142857143 0.006666666666666667
0 0.845 0.1523809523809524 0.007142857142857143 0.007619047619047619
0 0.8378571428571429 0.13952380952380952 0.004285714285714286 0.006666666666666667
0 0.8314285714285714 0.12571428571428572 0.004285714285714286 0.007619047619047619
