0 0.29642857142857143 0.86 0.06 0.17142857142857143
0 0.3 0.6880952380952381 0.05285714285714286 0.14952380952380953
0 0.3028571428571429 0.49333333333333335 0.05142857142857143 0.14095238095238094
0 0.32 0.19238095238095237 0.045714285714285714 0.12761904761904763
3 0.30857142857142855 0.34285714285714286 0.047142857142857146 0.1295238095238095
3 0.4903571428571429 0.5038095238095238 0.05071428571428571 0.1523809523809524
0 0.5175 0.6980952380952381 0.05071428571428571 0.15047619047619049
0 0.48678571428571427 0.9119047619047619 0.052142857142857144 0.1761904761904762
0 0.6960714285714286 0.2557142857142857 0.10785714285714286 0.06761904761904762
3 0.7242857142857143 0.4480952380952381 0.11 0.06571428571428571
1 0.53 0.3157142857142857 0.05 0.17047619047619048
1 0.5160714285714286 0.15047619047619049 0.04928571428571429 0.19047619047619047
