3 0.5571428571428572 0.7285714285714285 0.054285714285714284 0.06666666666666667
1 0.5546428571428571 0.8195238095238095 0.08214285714285714 0.1019047619047619
0 0.025714285714285714 0.9866666666666667 0.03142857142857143 0.02666666666666667
0 0.05607142857142857 0.9695238095238096 0.047857142857142855 0.06095238095238095
0 0.08285714285714285 0.949047619047619 0.045714285714285714 0.08285714285714285
0 0.1175 0.9276190476190476 0.05071428571428571 0.08190476190476191
0 0.2732142857142857 0.7871428571428571 0.055 0.06380952380952382
0 0.42678571428571427 0.6342857142857142 0.056428571428571425 0.06857142857142857
3 0.4 0.9742857142857143 0.05714285714285714 0.05142857142857143
0 0.475 0.611904761904762 0.047142857142857146 0.06761904761904762
0 0.49785714285714283 0.5880952380952381 0.04285714285714286 0.06190476190476191
0 0.5196428571428572 0.56 0.05071428571428571 0.06666666666666667
0 0.5442857142857143 0.539047619047619 0.047142857142857146 0.06857142857142857
0 0.7039285714285715 0.4757142857142857 0.04928571428571429 0.06
0 0.6753571428571429 0.41714285714285715 0.045 0.06476190476190476
1 0.7107142857142857 0.3942857142857143 0.07142857142857142 0.08761904761904762
0 0.7217857142857143 0.36047619047619045 0.04642857142857143 0.06190476190476191
3 0.7482142857142857 0.3385714285714286 0.05357142857142857 0.06571428571428571
0 0.7892857142857143 0.38142857142857145 0.045714285714285714 0.058095238095238096
0 0.8235714285714286 0.4633333333333333 0.047142857142857146 0.05238095238095238
0 0.8089285714285714 0.2038095238095238 0.045 0.05523809523809524
0 0.8582142857142857 0.16142857142857142 0.04642857142857143 0.054285714285714284
0 0.8682142857142857 0.13238095238095238 0.04642857142857143 0.05904761904761905
0 0.8817857142857143 0.10142857142857142 0.047857142857142855 0.058095238095238096
3 0.9217857142857143 0.06095238095238095 0.047857142857142855 0.0761904761904762
0 0.6882142857142857 0.9647619047619047 0.04928571428571429 0.07047619047619047
0 0.7153571428571428 0.9538095238095238 0.056428571428571425 0.08476190476190476
0 0.7325 0.919047619047619 0.052142857142857144 0.07809523809523809
3 0.7628571428571429 0.8933333333333333 0.05142857142857143 0.07809523809523809
0 0.7871428571428571 0.861904761904762 0.05285714285714286 0.07809523809523809
0 0.8075 0.830952380952381 0.04928571428571429 0.07333333333333333
0 0.8642857142857143 0.9852380952380952 0.055714285714285716 0.029523809523809525
0 0.95 0.9233333333333333 0.06142857142857143 0.07523809523809524
0 0.8717857142857143 0.7509523809523809 0.052142857142857144 0.07714285714285714
0 0.9382142857142857 0.3976190476190476 0.047857142857142855 0.054285714285714284
