0 0.2755 0.917 0.116 0.166
0 0.32 0.744 0.082 0.17066666666666666
0 0.34825 0.6126666666666667 0.0575 0.11733333333333333
3 0.6535 0.888 0.098 0.224
0 0.965 0.44766666666666666 0.07 0.07
2 0.79225 0.395 0.1375 0.17533333333333334
3 0.982 0.31 0.036 0.04666666666666667
3 0.91225 0.291 0.0495 0.056666666666666664
3 0.8465 0.298 0.078 0.052
0 0.7875 0.26366666666666666 0.033 0.034
0 0.78975 0.215 0.0325 0.03133333333333333
0 0.74225 0.21533333333333332 0.0385 0.032
0 0.59725 0.24333333333333335 0.0555 0.03333333333333333
0 0.60075 0.232 0.0555 0.030666666666666665
3 0.591 0.21266666666666667 0.055 0.04
0 0.65975 0.201 0.0265 0.026
0 0.696 0.19666666666666666 0.028 0.02666666666666667
0 0.72525 0.201 0.0265 0.026
0 0.706 0.18166666666666667 0.025 0.024666666666666667
0 0.694 0.16866666666666666 0.032 0.02266666666666667
3 0.67875 0.16166666666666665 0.0345 0.023333333333333334
0 0.679 0.15066666666666667 0.031 0.017333333333333333
0 0.67775 0.14 0.0275 0.025333333333333333
3 0.66575 0.13033333333333333 0.0185 0.022
0 0.585 0.13833333333333334 0.017 0.018
3 0.61 0.13266666666666665 0.018 0.024
0 0.64125 0.13133333333333333 0.0155 0.02
0 0.65375 0.12266666666666666 0.0185 0.017333333333333333
0 0.64575 0.116 0.0205 0.016
0 0.6385 0.11133333333333334 0.022 0.016
0 0.66675 0.106 0.0295 0.017333333333333333
0 0.668 0.10166666666666667 0.031 0.018
0 0.63125 0.097 0.0145 0.016666666666666666
0 0.62 0.08766666666666667 0.019 0.014
0 0.5885 0.079 0.012 0.012666666666666666
3 0.37175 0.04133333333333333 0.0105 0.014666666666666666
0 0.61625 0.082 0.0125 0.013333333333333334
3 0.614 0.076 0.013 0.014666666666666666
0 0.60575 0.074 0.0175 0.012
0 0.60325 0.07166666666666667 0.0175 0.011333333333333334
0 0.5985 0.06266666666666666 0.011 0.012
0 0.5965 0.06 0.009 0.010666666666666666
0 0.58975 0.05633333333333333 0.0125 0.011333333333333334
0 0.583 0.04733333333333333 0.01 0.009333333333333334
0 0.57725 0.04133333333333333 0.0095 0.008
0 0.58 0.043666666666666666 0.008 0.008666666666666666
0 0.5495 0.07066666666666667 0.011 0.013333333333333334
0 0.5465 0.059666666666666666 0.009 0.01
0 0.55175 0.048666666666666664 0.0085 0.012
3 0.68175 0.094 0.0255 0.018666666666666668
3 0.67425 0.09133333333333334 0.0235 0.016
3 0.671 0.08766666666666667 0.027 0.016666666666666666
3 0.6645 0.08566666666666667 0.023 0.018
1 0.66375 0.08233333333333333 0.0255 0.015333333333333332
1 0.6545 0.07866666666666666 0.024 0.016
0 0.64675 0.07333333333333333 0.0215 0.012
0 0.6455 0.071 0.022 0.011333333333333334
0 0.648 0.075 0.019 0.011333333333333334
3 0.644 0.068 0.024 0.016
0 0.63775 0.06666666666666667 0.0195 0.012
3 0.63525 0.06233333333333333 0.0175 0.014
3 0.63575 0.06 0.0245 0.016
3 0.62725 0.057666666666666665 0.0185 0.012666666666666666
0 0.65775 0.05566666666666667 0.0155 0.011333333333333334
3 0.697 0.072 0.025 0.018666666666666668
1 0.68925 0.06566666666666666 0.0215 0.014
3 0.6895 0.06266666666666666 0.018 0.012
3 0.66075 0.042 0.0175 0.012
1 0.645 0.03 0.01 0.013333333333333334
0 0.622 0.023666666666666666 0.013 0.007333333333333333
0 0.65375 0.021666666666666667 0.0145 0.007333333333333333
0 0.6205 0.021333333333333333 0.014 0.009333333333333334
0 0.62575 0.012666666666666666 0.0115 0.006666666666666667
0 0.43125 0.213 0.0305 0.03666666666666667
0 0.44025 0.18866666666666668 0.0235 0.02666666666666667
0 0.43975 0.15466666666666667 0.0175 0.029333333333333333
0 0.44725 0.11766666666666667 0.0145 0.022
0 0.49725 0.084 0.0115 0.016
3 0.4485 0.10766666666666666 0.013 0.020666666666666667
0 0.4525 0.091 0.011 0.014
0 0.45625 0.08033333333333334 0.0105 0.012666666666666666
0 0.4575 0.07133333333333333 0.01 0.012
0 0.45875 0.06566666666666666 0.0105 0.012666666666666666
0 0.46075 0.056 0.0095 0.012
0 0.46375 0.04033333333333333 0.0085 0.01
1 0.46225 0.048 0.0095 0.013333333333333334
1 0.465 0.034666666666666665 0.009 0.010666666666666666
