3 0.7489285714285714 0.27380952380952384 0.09785714285714285 0.16857142857142857
0 0.4957142857142857 0.14666666666666667 0.06857142857142857 0.13714285714285715
0 0.39964285714285713 0.07857142857142857 0.055 0.12095238095238095
0 0.24714285714285714 0.27095238095238094 0.16285714285714287 0.10952380952380952
0 0.2639285714285714 0.1761904761904762 0.14642857142857144 0.07809523809523809
0 0.2542857142857143 0.11523809523809524 0.13857142857142857 0.0838095238095238
0 0.25285714285714284 0.06380952380952382 0.14714285714285713 0.08190476190476191
0 0.18071428571428572 0.7061904761904761 0.22 0.20857142857142857
0 0.09428571428571429 0.6457142857142857 0.18 0.24
0 0.2785714285714286 0.023333333333333334 0.12714285714285714 0.04476190476190476
0 0.026785714285714284 0.28809523809523807 0.05357142857142857 0.10952380952380952
0 0.04071428571428572 0.5885714285714285 0.08142857142857143 0.16380952380952382
