0 0.775 0.6503333333333333 0.07 0.106
0 0.56725 0.6866666666666666 0.0585 0.11733333333333333
0 0.6635 0.36 0.053 0.04
0 0.65275 0.33466666666666667 0.0495 0.03333333333333333
0 0.623 0.262 0.04 0.02666666666666667
3 0.61725 0.234 0.0425 0.02666666666666667
3 0.5945 0.15533333333333332 0.014 0.021333333333333333
0 0.59125 0.143 0.0095 0.012666666666666666
3 0.59225 0.137 0.0095 0.014
0 0.5825 0.13033333333333333 0.014 0.012666666666666666
3 0.578 0.12366666666666666 0.017 0.014
0 0.57875 0.123 0.0235 0.011333333333333334
0 0.5815 0.11533333333333333 0.01 0.009333333333333334
0 0.581 0.10933333333333334 0.009 0.012
0 0.589 0.103 0.01 0.012666666666666666
0 0.576 0.10133333333333333 0.008 0.008
0 0.576 0.09766666666666667 0.006 0.006
0 0.5745 0.09566666666666666 0.008 0.008666666666666666
0 0.5725 0.09166666666666666 0.008 0.011333333333333334
0 0.571 0.08833333333333333 0.007 0.011333333333333334
0 0.5685 0.08266666666666667 0.007 0.009333333333333334
0 0.568 0.079 0.006 0.008666666666666666
0 0.57275 0.07266666666666667 0.0115 0.008
0 0.5685 0.07066666666666667 0.012 0.005333333333333333
0 0.56375 0.07 0.0045 0.005333333333333333
0 0.56425 0.06866666666666667 0.0065 0.009333333333333334
0 0.56325 0.06833333333333333 0.0065 0.008666666666666666
0 0.56275 0.09266666666666666 0.0065 0.010666666666666666
0 0.57275 0.06066666666666667 0.0125 0.006666666666666667
3 0.55775 0.052 0.0055 0.008
3 0.5405 0.052333333333333336 0.005 0.007333333333333333
0 0.53875 0.04033333333333333 0.0045 0.006
0 0.543 0.03 0.004 0.005333333333333333
0 0.53175 0.057666666666666665 0.0055 0.007333333333333333
3 0.5405 0.07166666666666667 0.006 0.01
0 0.5285 0.11633333333333333 0.01 0.012666666666666666
0 0.5525 0.21833333333333332 0.018 0.022
0 0.54775 0.19466666666666665 0.0165 0.02
0 0.54075 0.168 0.0165 0.018666666666666668
0 0.51825 0.15166666666666667 0.0145 0.015333333333333332
0 0.2345 0.727 0.1 0.154
0 0.234 0.5426666666666666 0.076 0.09333333333333334
0 0.0395 0.5623333333333334 0.079 0.094
0 0.0435 0.49233333333333335 0.081 0.07
0 0.1555 0.427 0.056 0.059333333333333335
0 0.28775 0.2796666666666667 0.0345 0.03133333333333333
0 0.42175 0.22733333333333333 0.0235 0.028
0 0.33325 0.22466666666666665 0.0265 0.02666666666666667
3 0.34925 0.20466666666666666 0.0235 0.032
0 0.37225 0.184 0.0205 0.02
1 0.328 0.154 0.037 0.025333333333333333
3 0.33675 0.13766666666666666 0.0255 0.020666666666666667
0 0.4435 0.15933333333333333 0.014 0.017333333333333333
0 0.45725 0.133 0.0125 0.016666666666666666
0 0.404 0.12133333333333333 0.012 0.013333333333333334
3 0.41425 0.116 0.0095 0.014666666666666666
0 0.42925 0.117 0.0105 0.012666666666666666
0 0.44075 0.10833333333333334 0.0085 0.01
0 0.44025 0.104 0.0075 0.010666666666666666
0 0.4475 0.101 0.01 0.01
0 0.45275 0.09166666666666666 0.0075 0.008666666666666666
0 0.45425 0.08866666666666667 0.0075 0.008
0 0.458 0.08466666666666667 0.007 0.009333333333333334
0 0.4645 0.07233333333333333 0.013 0.008666666666666666
0 0.4735 0.06966666666666667 0.007 0.008666666666666666
0 0.47275 0.06466666666666666 0.0055 0.008
3 0.5145 0.04633333333333333 0.005 0.007333333333333333
0 0.5055 0.068 0.006 0.008
0 0.496 0.06466666666666666 0.005 0.006666666666666667
0 0.50775 0.064 0.0075 0.008
0 0.49225 0.05333333333333334 0.0045 0.005333333333333333
2 0.508 0.04 0.006 0.010666666666666666
