0 0.65025 0.7103333333333334 0.0795 0.134
0 0.57675 0.5313333333333333 0.0615 0.08666666666666667
0 0.4795 0.4036666666666667 0.037 0.06466666666666666
0 0.4645 0.2633333333333333 0.04 0.050666666666666665
0 0.4215 0.171 0.033 0.03933333333333333
0 0.39975 0.12766666666666668 0.0315 0.03666666666666667
0 0.38625 0.08966666666666667 0.0255 0.03133333333333333
0 0.38025 0.064 0.0235 0.025333333333333333
3 0.06325 0.08866666666666667 0.0305 0.04666666666666667
3 0.0695 0.047 0.027 0.04733333333333333
3 0.08075 0.024666666666666667 0.0215 0.037333333333333336
0 0.08925 0.012333333333333333 0.0225 0.023333333333333334
0 0.02275 0.214 0.0375 0.048
3 0.01275 0.265 0.0255 0.074
3 0.5025 0.323 0.047 0.07266666666666667
