1 0.029642857142857144 0.26666666666666666 0.05928571428571429 0.0380952380952381
0 0.018214285714285714 0.29333333333333333 0.03642857142857143 0.02095238095238095
3 0.06285714285714286 0.28714285714285714 0.037142857142857144 0.01619047619047619
0 0.08714285714285715 0.26857142857142857 0.037142857142857144 0.01904761904761905
0 0.10642857142857143 0.2823809523809524 0.037142857142857144 0.02
1 0.1657142857142857 0.27 0.06571428571428571 0.039047619047619046
1 0.15928571428571428 0.25523809523809526 0.08142857142857143 0.03428571428571429
0 0.12714285714285714 0.2538095238095238 0.027142857142857142 0.018095238095238095
0 0.12321428571428572 0.21 0.023571428571428573 0.01619047619047619
3 0.40535714285714286 0.0680952380952381 0.007857142857142858 0.01619047619047619
0 0.4132142857142857 0.09 0.009285714285714286 0.014285714285714285
1 0.41535714285714287 0.13428571428571429 0.015 0.03619047619047619
1 0.4042857142857143 0.20952380952380953 0.018571428571428572 0.04380952380952381
0 0.4139285714285714 0.18714285714285714 0.010714285714285714 0.018095238095238095
0 0.42714285714285716 0.21761904761904763 0.012857142857142857 0.02
0 0.42607142857142855 0.2757142857142857 0.013571428571428571 0.021904761904761906
0 0.38857142857142857 0.3342857142857143 0.017142857142857144 0.02857142857142857
0 0.4278571428571429 0.3233333333333333 0.015714285714285715 0.02761904761904762
1 0.41464285714285715 0.38761904761904764 0.023571428571428573 0.07047619047619047
0 0.44357142857142856 0.4080952380952381 0.015714285714285715 0.03142857142857143
3 0.4417857142857143 0.4785714285714286 0.017857142857142856 0.037142857142857144
2 0.41714285714285715 0.5504761904761905 0.032857142857142856 0.13523809523809524
0 0.44142857142857145 0.7338095238095238 0.03 0.06571428571428571
3 0.4625 0.861904761904762 0.02642857142857143 0.0761904761904762
0 0.46964285714285714 0.9804761904761905 0.045 0.039047619047619046
0 0.7567857142857143 0.7761904761904762 0.056428571428571425 0.0419047619047619
3 0.7396428571428572 0.7342857142857143 0.052142857142857144 0.04380952380952381
0 0.7439285714285714 0.6033333333333334 0.03785714285714286 0.05619047619047619
0 0.7682142857142857 0.589047619047619 0.039285714285714285 0.05238095238095238
0 0.7292857142857143 0.4957142857142857 0.04 0.029523809523809525
0 0.6535714285714286 0.48333333333333334 0.04285714285714286 0.02761904761904762
1 0.6507142857142857 0.41904761904761906 0.05142857142857143 0.04
3 0.6292857142857143 0.3647619047619048 0.03142857142857143 0.024761904761904763
0 0.6257142857142857 0.35 0.03428571428571429 0.02
0 0.6221428571428571 0.3380952380952381 0.03428571428571429 0.01904761904761905
1 0.5253571428571429 0.37 0.035 0.023809523809523808
0 0.5260714285714285 0.35619047619047617 0.03214285714285714 0.017142857142857144
0 0.5246428571428572 0.34285714285714286 0.03214285714285714 0.01904761904761905
1 0.5103571428571428 0.3238095238095238 0.03642857142857143 0.022857142857142857
1 0.5146428571428572 0.31047619047619046 0.03214285714285714 0.01904761904761905
3 0.5103571428571428 0.2966666666666667 0.025 0.021904761904761906
