0 0.5465 0.968 0.189 0.06133333333333333
0 0.532 0.8616666666666667 0.187 0.12733333333333333
0 0.533 0.7436666666666667 0.18 0.11
0 0.50825 0.563 0.1325 0.09666666666666666
0 0.5175 0.459 0.113 0.07266666666666667
3 0.4975 0.39866666666666667 0.111 0.07733333333333334
3 0.49225 0.3556666666666667 0.0865 0.06066666666666667
3 0.49 0.318 0.075 0.056
0 0.699 0.617 0.149 0.09
3 0.4955 0.285 0.081 0.05533333333333333
3 0.499 0.26033333333333336 0.098 0.058
3 0.48825 0.22833333333333333 0.0795 0.05
3 0.5375 0.18333333333333332 0.033 0.064
3 0.47875 0.205 0.0705 0.04733333333333333
3 0.4725 0.18566666666666667 0.072 0.04466666666666667
0 0.4705 0.16666666666666666 0.07 0.029333333333333333
1 0.472 0.12666666666666668 0.066 0.04
0 0.52475 0.12633333333333333 0.0285 0.043333333333333335
3 0.55775 0.059333333333333335 0.0265 0.037333333333333336
3 0.4665 0.108 0.055 0.032
0 0.46525 0.10266666666666667 0.0645 0.03333333333333333
0 0.46675 0.08633333333333333 0.0585 0.026
3 0.4715 0.06666666666666667 0.064 0.04133333333333333
0 0.4665 0.05366666666666667 0.05 0.027333333333333334
0 0.46425 0.043 0.0455 0.024666666666666667
0 0.46325 0.03266666666666666 0.0485 0.02666666666666667
0 0.4565 0.024666666666666667 0.045 0.024
3 0.458 0.011666666666666667 0.034 0.022
0 0.4855 0.013666666666666667 0.034 0.023333333333333334
0 0.56975 0.02033333333333333 0.0255 0.03
0 0.602 0.014333333333333333 0.046 0.024666666666666667
3 0.62125 0.038 0.0555 0.034666666666666665
3 0.6215 0.05466666666666667 0.049 0.032
0 0.635 0.07933333333333334 0.061 0.030666666666666665
0 0.6495 0.09066666666666667 0.063 0.03333333333333333
0 0.66625 0.11766666666666667 0.0685 0.03133333333333333
0 0.66025 0.137 0.0715 0.03666666666666667
0 0.6895 0.17 0.077 0.03866666666666667
0 0.71725 0.189 0.0735 0.035333333333333335
3 0.725 0.207 0.079 0.04466666666666667
1 0.73625 0.2673333333333333 0.1325 0.092
1 0.76 0.306 0.141 0.09066666666666667
3 0.78225 0.3546666666666667 0.0935 0.06
0 0.802 0.3933333333333333 0.113 0.068
0 0.828 0.44766666666666666 0.124 0.066
0 0.8555 0.5083333333333333 0.131 0.078
0 0.8985 0.5746666666666667 0.141 0.088
0 0.92575 0.6496666666666666 0.1465 0.09533333333333334
0 0.944 0.741 0.11 0.09533333333333334
