3 0.3825 0.3547619047619048 0.030714285714285715 0.021904761904761906
0 0.4007142857142857 0.3676190476190476 0.011428571428571429 0.007619047619047619
0 0.1225 0.4719047619047619 0.016428571428571428 0.014285714285714285
0 0.13785714285714284 0.4804761904761905 0.02142857142857143 0.01619047619047619
0 0.01107142857142857 0.52 0.020714285714285713 0.01904761904761905
3 0.21285714285714286 0.5619047619047619 0.017142857142857144 0.01904761904761905
3 0.20892857142857144 0.6242857142857143 0.03357142857142857 0.04285714285714286
0 0.19964285714285715 0.6595238095238095 0.03214285714285714 0.03333333333333333
3 0.10964285714285714 0.979047619047619 0.07214285714285715 0.0419047619047619
0 0.26571428571428574 0.8247619047619048 0.045714285714285714 0.06095238095238095
0 0.3078571428571429 0.820952380952381 0.04 0.05523809523809524
0 0.43142857142857144 0.6033333333333334 0.022857142857142857 0.029523809523809525
3 0.3896428571428571 0.6471428571428571 0.029285714285714286 0.03142857142857143
3 0.3585714285714286 0.7028571428571428 0.04428571428571428 0.05714285714285714
0 0.48964285714285716 0.5352380952380953 0.020714285714285713 0.02095238095238095
0 0.4878571428571429 0.5123809523809524 0.018571428571428572 0.02095238095238095
0 0.5217857142857143 0.49952380952380954 0.017857142857142856 0.02
0 0.5171428571428571 0.48523809523809525 0.018571428571428572 0.02
0 0.54 0.4561904761904762 0.014285714285714285 0.01904761904761905
0 0.5678571428571428 0.44095238095238093 0.012857142857142857 0.01904761904761905
0 0.5821428571428572 0.42142857142857143 0.015714285714285715 0.01619047619047619
3 0.5578571428571428 0.4257142857142857 0.02 0.02857142857142857
3 0.5992857142857143 0.5976190476190476 0.04428571428571428 0.037142857142857144
0 0.755 0.20761904761904762 0.004285714285714286 0.0038095238095238095
3 0.7067857142857142 0.2423809523809524 0.0064285714285714285 0.010476190476190476
3 0.6957142857142857 0.25666666666666665 0.008571428571428572 0.01619047619047619
0 0.6939285714285715 0.23476190476190475 0.0064285714285714285 0.008571428571428572
3 0.6846428571428571 0.27476190476190476 0.0064285714285714285 0.008571428571428572
3 0.6632142857142858 0.2985714285714286 0.0064285714285714285 0.010476190476190476
3 0.6442857142857142 0.3242857142857143 0.01 0.01619047619047619
3 0.6546428571428572 0.31 0.007857142857142858 0.014285714285714285
3 0.6310714285714286 0.3438095238095238 0.015 0.024761904761904763
0 0.6775 0.27380952380952384 0.0064285714285714285 0.008571428571428572
0 0.6771428571428572 0.2866666666666667 0.004285714285714286 0.005714285714285714
0 0.6728571428571428 0.29333333333333333 0.005714285714285714 0.007619047619047619
3 0.6114285714285714 0.3661904761904762 0.007142857142857143 0.014285714285714285
2 0.5946428571428571 0.3904761904761905 0.025 0.030476190476190476
