0 0.5460714285714285 0.6 0.03214285714285714 0.08571428571428572
0 0.5796428571428571 0.7528571428571429 0.03214285714285714 0.11142857142857143
0 0.45714285714285713 0.6652380952380952 0.03428571428571429 0.0980952380952381
0 0.42928571428571427 0.8566666666666667 0.03571428571428571 0.12285714285714286
0 0.4228571428571429 0.44571428571428573 0.03142857142857143 0.07809523809523809
0 0.47464285714285714 0.30523809523809525 0.025 0.06952380952380953
0 0.4060714285714286 0.2842857142857143 0.025 0.07333333333333333
0 0.36964285714285716 0.2542857142857143 0.019285714285714285 0.06285714285714286
0 0.39964285714285713 0.17095238095238094 0.025 0.06190476190476191
0 0.36178571428571427 0.15666666666666668 0.02214285714285714 0.05619047619047619
0 0.4492857142857143 0.07095238095238095 0.024285714285714285 0.05238095238095238
0 0.37785714285714284 0.025714285714285714 0.02142857142857143 0.047619047619047616
0 0.2960714285714286 0.9714285714285714 0.03357142857142857 0.05714285714285714
0 0.48928571428571427 0.9795238095238096 0.03 0.040952380952380955
0 0.7778571428571428 0.5323809523809524 0.06 0.0380952380952381
0 0.8321428571428572 0.3280952380952381 0.05142857142857143 0.029523809523809525
3 0.9232142857142858 0.44571428571428573 0.03357142857142857 0.06285714285714286
3 0.9564285714285714 0.4480952380952381 0.037142857142857144 0.06952380952380953
0 0.9875 0.4423809523809524 0.025 0.06380952380952382
0 0.8753571428571428 0.5176190476190476 0.055 0.037142857142857144
