3 0.19714285714285715 0.5585714285714286 0.07428571428571429 0.16095238095238096
3 0.2575 0.34 0.04928571428571429 0.09142857142857143
3 0.2814285714285714 0.25333333333333335 0.04285714285714286 0.07238095238095238
3 0.31285714285714283 0.13142857142857142 0.03571428571428571 0.05714285714285714
0 0.29428571428571426 0.19904761904761906 0.037142857142857144 0.05523809523809524
0 0.3367857142857143 0.04619047619047619 0.025 0.037142857142857144
0 0.3532142857142857 0.015714285714285715 0.020714285714285713 0.029523809523809525
0 0.4425 0.12 0.023571428571428573 0.04
0 0.5296428571428572 0.22 0.03214285714285714 0.045714285714285714
0 0.5375 0.10714285714285714 0.04357142857142857 0.03142857142857143
0 0.5578571428571428 0.12380952380952381 0.054285714285714284 0.04
0 0.5482142857142858 0.3 0.035 0.05904761904761905
0 0.5646428571428571 0.41333333333333333 0.045 0.08190476190476191
3 0.5817857142857142 0.5933333333333334 0.056428571428571425 0.1295238095238095
1 0.7428571428571429 0.7823809523809524 0.20714285714285716 0.15142857142857144
1 0.7185714285714285 0.6919047619047619 0.2057142857142857 0.14761904761904762
