2 0.17 0.15545685279187818 0.008571428571428572 0.01649746192893401
0 0.1975 0.22461928934010153 0.0064285714285714285 0.007614213197969543
0 0.23535714285714285 0.2772842639593909 0.007857142857142858 0.011421319796954314
0 0.18321428571428572 0.27284263959390864 0.012142857142857143 0.017766497461928935
0 0.24428571428571427 0.39086294416243655 0.02142857142857143 0.015228426395939087
0 0.2839285714285714 0.3800761421319797 0.017857142857142856 0.013959390862944163
3 0.3325 0.4213197969543147 0.015 0.02284263959390863
3 0.29214285714285715 0.4333756345177665 0.012857142857142857 0.01903553299492386
3 0.26857142857142857 0.4651015228426396 0.012857142857142857 0.024111675126903553
3 0.3028571428571429 0.45114213197969544 0.012857142857142857 0.021573604060913704
0 0.24428571428571427 0.4517766497461929 0.012857142857142857 0.02030456852791878
0 0.2617857142857143 0.4447969543147208 0.012142857142857143 0.01903553299492386
0 0.3632142857142857 0.4847715736040609 0.015 0.025380710659898477
0 0.3925 0.5647208121827412 0.016428571428571428 0.030456852791878174
3 0.4228571428571429 0.7284263959390863 0.018571428571428572 0.04568527918781726
1 0.5396428571428571 0.9486040609137056 0.045 0.10025380710659898
0 0.4764285714285714 0.9676395939086294 0.025714285714285714 0.06218274111675127
