0 0.2695720250521921 0.936456400742115 0.05167014613778706 0.12523191094619665
1 0.4459812108559499 0.9461966604823747 0.03496868475991649 0.10575139146567718
0 0.3637787056367432 0.09693877551020408 0.019832985386221295 0.01948051948051948
0 0.4514613778705637 0.025974025974025976 0.011482254697286013 0.02040816326530612
0 0.44650313152400833 0.16929499072356216 0.016179540709812108 0.026901669758812616
1 0.46320459290187893 0.050556586270871985 0.01826722338204593 0.05102040816326531
0 0.49739039665970775 0.08812615955473098 0.012526096033402923 0.02411873840445269
0 0.42458246346555323 0.24582560296846012 0.019311064718162838 0.03710575139146568
0 0.4214509394572025 0.33487940630797774 0.02035490605427975 0.05194805194805195
0 0.4418058455114823 0.4819109461966605 0.02244258872651357 0.04916512059369202
0 0.4157098121085595 0.7319109461966605 0.03288100208768267 0.09276437847866419
2 0.8301148225469729 0.19294990723562153 0.07150313152400835 0.05009276437847866
1 0.7406054279749478 0.18506493506493507 0.038622129436325675 0.0287569573283859
0 0.6411795407098121 0.18042671614100186 0.027661795407098122 0.023191094619666047
0 0.6338726513569938 0.16651205936920221 0.027661795407098122 0.02504638218923933
0 0.6223903966597077 0.12105751391465677 0.02661795407098121 0.023191094619666047
0 0.6197807933194155 0.11410018552875696 0.02348643006263048 0.02040816326530612
0 0.6174321503131524 0.10157699443413729 0.021920668058455117 0.023191094619666047
0 0.5858559498956158 0.08024118738404452 0.02035490605427975 0.023191094619666047
0 0.5887265135699373 0.1725417439703154 0.027139874739039668 0.02411873840445269
0 0.5793319415448852 0.16465677179962895 0.027139874739039668 0.023191094619666047
0 0.5743736951983298 0.14981447124304267 0.02661795407098121 0.0287569573283859
0 0.5717640918580376 0.1280148423005566 0.02348643006263048 0.02040816326530612
0 0.5683716075156576 0.12152133580705009 0.021920668058455117 0.022263450834879406
0 0.5691544885177453 0.1062152133580705 0.02348643006263048 0.023191094619666047
0 0.5618475991649269 0.06261595547309833 0.013048016701461378 0.015769944341372914
0 0.5555845511482255 0.02736549165120594 0.019311064718162838 0.015769944341372914
0 0.555062630480167 0.019944341372912802 0.01722338204592902 0.013914656771799629
0 0.6012526096033403 0.03525046382189239 0.021920668058455117 0.02040816326530612
0 0.596294363256785 0.026901669758812616 0.019311064718162838 0.014842300556586271
