0 0.1732142857142857 0.16904761904761906 0.06642857142857143 0.09238095238095238
0 0.5535714285714286 0.5504761904761905 0.11571428571428571 0.09523809523809523
0 0.3732142857142857 0.07952380952380952 0.05785714285714286 0.08095238095238096
0 0.6167857142857143 0.05333333333333334 0.08357142857142857 0.0761904761904762
3 0.8378571428571429 0.2714285714285714 0.10571428571428572 0.08761904761904762
3 0.5889285714285715 0.17285714285714285 0.08642857142857142 0.07904761904761905
3 0.5557142857142857 0.29619047619047617 0.08142857142857143 0.0761904761904762
0 0.5621428571428572 0.23904761904761904 0.1 0.07238095238095238
0 0.9592857142857143 0.4942857142857143 0.08142857142857143 0.07809523809523809
0 0.21142857142857144 0.02238095238095238 0.05714285714285714 0.04476190476190476
0 0.02035714285714286 0.4719047619047619 0.04071428571428572 0.12285714285714286
0 0.5232142857142857 0.017619047619047618 0.07928571428571428 0.035238095238095235
