3 0.5157142857142857 0.8785714285714286 0.11 0.18761904761904763
0 0.6082142857142857 0.5852380952380952 0.10214285714285715 0.08476190476190476
0 0.3796428571428571 0.4838095238095238 0.04928571428571429 0.06095238095238095
0 0.3292857142857143 0.5233333333333333 0.045714285714285714 0.06571428571428571
0 0.3107142857142857 0.36095238095238097 0.032857142857142856 0.045714285714285714
0 0.2710714285714286 0.2995238095238095 0.02642857142857143 0.037142857142857144
0 0.12464285714285714 0.5047619047619047 0.039285714285714285 0.06666666666666667
0 0.4225 0.3138095238095238 0.035 0.02761904761904762
0 0.3914285714285714 0.2804761904761905 0.027142857142857142 0.025714285714285714
0 0.7807142857142857 0.43333333333333335 0.06571428571428571 0.05142857142857143
0 0.9092857142857143 0.37952380952380954 0.054285714285714284 0.039047619047619046
3 0.22035714285714286 0.2776190476190476 0.02214285714285714 0.03333333333333333
2 0.21 0.3628571428571429 0.05714285714285714 0.10285714285714286
0 0.06142857142857143 0.5352380952380953 0.045714285714285714 0.05904761904761905
0 0.8471428571428572 0.41333333333333333 0.05857142857142857 0.05523809523809524
0 0.8575 0.38904761904761903 0.05785714285714286 0.054285714285714284
0 0.8639285714285714 0.33904761904761904 0.047857142857142855 0.03619047619047619
0 0.9396428571428571 0.34714285714285714 0.04642857142857143 0.037142857142857144
0 0.9114285714285715 0.3219047619047619 0.05 0.030476190476190476
0 0.9510714285714286 0.3138095238095238 0.04214285714285714 0.037142857142857144
0 0.9782142857142857 0.3314285714285714 0.03785714285714286 0.0380952380952381
0 0.9875 0.3547619047619048 0.025 0.029523809523809525
0 0.1492857142857143 0.10047619047619048 0.01 0.008571428571428572
0 0.16035714285714286 0.11190476190476191 0.007857142857142858 0.008571428571428572
0 0.175 0.11285714285714285 0.01 0.008571428571428572
0 0.18357142857142858 0.14809523809523809 0.011428571428571429 0.012380952380952381
3 0.21142857142857144 0.13333333333333333 0.01 0.011428571428571429
0 0.22428571428571428 0.1319047619047619 0.01 0.010476190476190476
0 0.16642857142857143 0.23 0.014285714285714285 0.018095238095238095
0 0.3003571428571429 0.1961904761904762 0.016428571428571428 0.017142857142857144
0 0.2914285714285714 0.18714285714285714 0.014285714285714285 0.014285714285714285
0 0.2842857142857143 0.17809523809523808 0.011428571428571429 0.013333333333333334
0 0.2717857142857143 0.16857142857142857 0.012142857142857143 0.013333333333333334
0 0.2667857142857143 0.16333333333333333 0.013571428571428571 0.012380952380952381
0 0.26 0.15666666666666668 0.011428571428571429 0.012380952380952381
0 0.255 0.15142857142857144 0.011428571428571429 0.011428571428571429
0 0.24571428571428572 0.14952380952380953 0.014285714285714285 0.011428571428571429
0 0.24357142857142858 0.14285714285714285 0.011428571428571429 0.009523809523809525
0 0.23785714285714285 0.13857142857142857 0.01 0.014285714285714285
0 0.23535714285714285 0.1361904761904762 0.010714285714285714 0.013333333333333334
0 0.3514285714285714 0.2680952380952381 0.02142857142857143 0.023809523809523808
0 0.3435714285714286 0.2519047619047619 0.022857142857142857 0.021904761904761906
0 0.37607142857142856 0.26857142857142857 0.02642857142857143 0.022857142857142857
0 0.34535714285714286 0.23809523809523808 0.020714285714285713 0.01904761904761905
0 0.3339285714285714 0.2257142857142857 0.019285714285714285 0.01904761904761905
0 0.32357142857142857 0.21619047619047618 0.018571428571428572 0.017142857142857144
0 0.37714285714285717 0.2338095238095238 0.022857142857142857 0.02
0 0.36428571428571427 0.22142857142857142 0.017142857142857144 0.021904761904761906
0 0.3560714285714286 0.2119047619047619 0.013571428571428571 0.021904761904761906
0 0.3389285714285714 0.20714285714285716 0.02214285714285714 0.01619047619047619
0 0.32571428571428573 0.19476190476190477 0.024285714285714285 0.014285714285714285
0 0.32 0.18904761904761905 0.02142857142857143 0.014285714285714285
0 0.31357142857142856 0.18285714285714286 0.024285714285714285 0.013333333333333334
0 0.30642857142857144 0.1761904761904762 0.022857142857142857 0.013333333333333334
0 0.29678571428571426 0.1719047619047619 0.019285714285714285 0.012380952380952381
0 0.2910714285714286 0.16714285714285715 0.019285714285714285 0.010476190476190476
0 0.2885714285714286 0.16238095238095238 0.018571428571428572 0.012380952380952381
0 0.28285714285714286 0.1580952380952381 0.018571428571428572 0.011428571428571429
0 0.27464285714285713 0.14904761904761904 0.02214285714285714 0.012380952380952381
0 0.37607142857142856 0.18333333333333332 0.027857142857142858 0.014285714285714285
0 0.365 0.18 0.018571428571428572 0.013333333333333334
0 0.37357142857142855 0.17523809523809525 0.024285714285714285 0.011428571428571429
0 0.3585714285714286 0.1742857142857143 0.02142857142857143 0.013333333333333334
0 0.3557142857142857 0.16952380952380952 0.02142857142857143 0.013333333333333334
0 0.39535714285714285 0.19380952380952382 0.029285714285714286 0.01619047619047619
0 0.4032142857142857 0.1980952380952381 0.029285714285714286 0.017142857142857144
0 0.4175 0.2019047619047619 0.027857142857142858 0.015238095238095238
0 0.42214285714285715 0.20523809523809525 0.03 0.01619047619047619
0 0.43714285714285717 0.22380952380952382 0.03142857142857143 0.02095238095238095
0 0.5496428571428571 0.3047619047619048 0.047857142857142855 0.02666666666666667
3 0.5325 0.29 0.03785714285714286 0.03142857142857143
0 0.5214285714285715 0.2780952380952381 0.03 0.02666666666666667
0 0.4635714285714286 0.3 0.03 0.03428571428571429
0 0.42392857142857143 0.26571428571428574 0.025 0.02666666666666667
0 0.5053571428571428 0.2642857142857143 0.03357142857142857 0.023809523809523808
0 0.4785714285714286 0.24285714285714285 0.03142857142857143 0.02666666666666667
0 0.4682142857142857 0.22904761904761906 0.027857142857142858 0.02
1 0.6560714285714285 0.3342857142857143 0.06928571428571428 0.07047619047619047
0 0.835 0.2976190476190476 0.03571428571428571 0.035238095238095235
0 0.8521428571428571 0.28285714285714286 0.041428571428571426 0.03619047619047619
0 0.8717857142857143 0.2780952380952381 0.039285714285714285 0.03238095238095238
0 0.9107142857142857 0.26904761904761904 0.04857142857142857 0.029523809523809525
0 0.9296428571428571 0.26285714285714284 0.03642857142857143 0.02857142857142857
0 0.965 0.25142857142857145 0.04857142857142857 0.02857142857142857
3 0.9853571428571428 0.2914285714285714 0.029285714285714286 0.030476190476190476
0 0.9825 0.24619047619047618 0.03357142857142857 0.02761904761904762
0 0.019285714285714285 0.4076190476190476 0.03857142857142857 0.04
