0 0.93225 0.5023333333333333 0.1035 0.10333333333333333
0 0.81425 0.48133333333333334 0.0895 0.09866666666666667
0 0.70275 0.5633333333333334 0.1585 0.092
0 0.4115 0.5643333333333334 0.127 0.09133333333333334
0 0.24475 0.5486666666666666 0.1425 0.07466666666666667
3 0.11025 0.5383333333333333 0.1315 0.094
0 0.077 0.43266666666666664 0.079 0.08266666666666667
0 0.03375 0.4246666666666667 0.0645 0.09333333333333334
0 0.147 0.43566666666666665 0.089 0.074
1 0.2705 0.43033333333333335 0.075 0.08866666666666667
1 0.3915 0.43366666666666664 0.044 0.086
3 0.4605 0.42866666666666664 0.043 0.09066666666666667
3 0.51175 0.428 0.0485 0.1
0 0.56775 0.42866666666666664 0.0575 0.076
3 0.63175 0.43033333333333335 0.0525 0.11133333333333334
3 0.681 0.42633333333333334 0.059 0.10333333333333333
1 0.6925 0.34 0.038 0.05733333333333333
0 0.334 0.34833333333333333 0.053 0.058
0 0.27975 0.3406666666666667 0.0495 0.064
3 0.18575 0.3343333333333333 0.0865 0.07666666666666666
1 0.02125 0.31866666666666665 0.0425 0.04533333333333334
0 0.0655 0.17666666666666667 0.042 0.025333333333333333
3 0.1055 0.195 0.045 0.03133333333333333
3 0.1255 0.18433333333333332 0.053 0.035333333333333335
0 0.14425 0.15 0.0345 0.02
3 0.1605 0.14266666666666666 0.034 0.024
0 0.1745 0.14133333333333334 0.027 0.021333333333333333
0 0.189 0.13833333333333334 0.029 0.019333333333333334
0 0.217 0.13833333333333334 0.026 0.018
0 0.221 0.15233333333333332 0.024 0.023333333333333334
3 0.25825 0.14833333333333334 0.0365 0.028666666666666667
0 0.2685 0.14233333333333334 0.028 0.019333333333333334
3 0.2215 0.124 0.038 0.02666666666666667
3 0.24 0.12066666666666667 0.026 0.02266666666666667
0 0.25475 0.119 0.0275 0.018
0 0.26175 0.11466666666666667 0.0245 0.017333333333333333
0 0.274 0.11233333333333333 0.025 0.015333333333333332
0 0.28925 0.10866666666666666 0.0275 0.016
0 0.29675 0.10533333333333333 0.0245 0.016
0 0.29575 0.101 0.0235 0.014
3 0.30625 0.09966666666666667 0.0245 0.019333333333333334
3 0.2955 0.13433333333333333 0.03 0.023333333333333334
0 0.33375 0.11233333333333333 0.0215 0.014
3 0.3485 0.11166666666666666 0.021 0.016666666666666666
3 0.4185 0.06566666666666666 0.016 0.011333333333333334
3 0.44075 0.057666666666666665 0.0105 0.014
3 0.47275 0.065 0.0135 0.012666666666666666
0 0.411 0.06633333333333333 0.009 0.011333333333333334
3 0.40275 0.071 0.0165 0.012666666666666666
