0 0.322286012526096 0.11317254174397032 0.015135699373695199 0.03339517625231911
0 0.29984342379958245 0.20686456400742115 0.01826722338204593 0.03896103896103896
1 0.3102818371607516 0.5853432282003711 0.03288100208768267 0.11131725417439703
1 0.43710855949895616 0.6794990723562152 0.05793319415448852 0.20315398886827457
0 0.5104384133611691 0.060760667903525044 0.026096033402922755 0.026901669758812616
3 0.4668580375782881 0.1150278293135436 0.02870563674321503 0.03525046382189239
0 0.4650313152400835 0.10064935064935066 0.025052192066805846 0.026901669758812616
0 0.46320459290187893 0.08719851576994433 0.02348643006263048 0.025974025974025976
0 0.5678496868475992 0.5004638218923934 0.04801670146137787 0.04359925788497217
0 0.5824634655532359 0.5468460111317254 0.05323590814196242 0.05473098330241188
0 0.5983820459290188 0.6057513914656771 0.054801670146137786 0.05009276437847866
0 0.6041231732776617 0.648886827458256 0.061064718162839246 0.05658627087198516
0 0.6236951983298539 0.7133580705009277 0.0709812108559499 0.06679035250463822
0 0.6884133611691023 0.524582560296846 0.054279749478079335 0.05473098330241188
