0 0.5214285714285715 0.7904761904761904 0.08142857142857143 0.06857142857142857
0 0.39321428571428574 0.79 0.05357142857142857 0.07142857142857142
0 0.42142857142857143 0.719047619047619 0.04285714285714286 0.06285714285714286
0 0.45035714285714284 0.6333333333333333 0.02642857142857143 0.04380952380952381
0 0.4685714285714286 0.5657142857142857 0.02 0.02857142857142857
0 0.2007142857142857 0.6685714285714286 0.04857142857142857 0.049523809523809526
0 0.056428571428571425 0.810952380952381 0.08857142857142856 0.09619047619047619
0 0.0275 0.6704761904761904 0.035 0.047619047619047616
0 0.49 0.5014285714285714 0.018571428571428572 0.01619047619047619
3 0.5239285714285714 0.7404761904761905 0.06928571428571428 0.04857142857142857
0 0.5314285714285715 0.7080952380952381 0.06285714285714286 0.035238095238095235
0 0.5417857142857143 0.6661904761904762 0.07071428571428572 0.03333333333333333
0 0.56 0.6376190476190476 0.06 0.02761904761904762
0 0.5603571428571429 0.6133333333333333 0.056428571428571425 0.02666666666666667
0 0.5625 0.599047619047619 0.04214285714285714 0.024761904761904763
0 0.5667857142857143 0.5857142857142857 0.045 0.030476190476190476
0 0.5464285714285714 0.5671428571428572 0.05 0.025714285714285714
3 0.5475 0.5480952380952381 0.04214285714285714 0.029523809523809525
0 0.435 0.6780952380952381 0.03857142857142857 0.04380952380952381
0 0.11785714285714285 0.6014285714285714 0.045714285714285714 0.035238095238095235
0 0.17214285714285715 0.5738095238095238 0.025714285714285714 0.040952380952380955
0 0.49214285714285716 0.49 0.022857142857142857 0.014285714285714285
0 0.495 0.48142857142857143 0.022857142857142857 0.014285714285714285
0 0.49857142857142855 0.47285714285714286 0.022857142857142857 0.014285714285714285
0 0.49857142857142855 0.4661904761904762 0.022857142857142857 0.014285714285714285
0 0.5007142857142857 0.4604761904761905 0.022857142857142857 0.014285714285714285
0 0.5075 0.4561904761904762 0.017857142857142856 0.013333333333333334
0 0.5089285714285714 0.44952380952380955 0.017857142857142856 0.013333333333333334
0 0.5092857142857142 0.4438095238095238 0.017142857142857144 0.013333333333333334
0 0.4625 0.4957142857142857 0.017857142857142856 0.02
0 0.4714285714285714 0.4847619047619048 0.012857142857142857 0.015238095238095238
0 0.47785714285714287 0.4714285714285714 0.012857142857142857 0.015238095238095238
0 0.4764285714285714 0.5438095238095239 0.022857142857142857 0.030476190476190476
0 0.48464285714285715 0.5290476190476191 0.023571428571428573 0.023809523809523808
0 0.5567857142857143 0.539047619047619 0.03785714285714286 0.01904761904761905
0 0.5632142857142857 0.5304761904761904 0.03785714285714286 0.01904761904761905
0 0.5496428571428571 0.5219047619047619 0.03785714285714286 0.01904761904761905
0 0.5503571428571429 0.5133333333333333 0.03785714285714286 0.01904761904761905
0 0.43214285714285716 0.5628571428571428 0.022857142857142857 0.024761904761904763
0 0.4032142857142857 0.5828571428571429 0.02642857142857143 0.030476190476190476
0 0.3707142857142857 0.6152380952380953 0.027142857142857142 0.0380952380952381
0 0.40035714285714286 0.6204761904761905 0.029285714285714286 0.037142857142857144
0 0.4446428571428571 0.5428571428571428 0.019285714285714285 0.022857142857142857
0 0.45285714285714285 0.5276190476190477 0.018571428571428572 0.02095238095238095
0 0.40035714285714286 0.4542857142857143 0.016428571428571428 0.01904761904761905
0 0.4717857142857143 0.42095238095238097 0.010714285714285714 0.009523809523809525
0 0.4642857142857143 0.4085714285714286 0.01 0.009523809523809525
0 0.4525 0.4061904761904762 0.009285714285714286 0.010476190476190476
0 0.4332142857142857 0.40476190476190477 0.010714285714285714 0.009523809523809525
0 0.4035714285714286 0.43047619047619046 0.012857142857142857 0.013333333333333334
0 0.3896428571428571 0.4423809523809524 0.012142857142857143 0.012380952380952381
0 0.335 0.48333333333333334 0.018571428571428572 0.021904761904761906
0 0.3025 0.5095238095238095 0.02214285714285714 0.02666666666666667
0 0.18642857142857142 0.5523809523809524 0.03857142857142857 0.03428571428571429
0 0.21357142857142858 0.5323809523809524 0.03857142857142857 0.03428571428571429
0 0.2425 0.5190476190476191 0.029285714285714286 0.02857142857142857
0 0.2814285714285714 0.49523809523809526 0.02 0.024761904761904763
0 0.3 0.4866666666666667 0.02 0.024761904761904763
0 0.3410714285714286 0.46 0.023571428571428573 0.015238095238095238
0 0.3467857142857143 0.4533333333333333 0.023571428571428573 0.015238095238095238
0 0.35678571428571426 0.44666666666666666 0.023571428571428573 0.015238095238095238
3 0.4032142857142857 0.4166666666666667 0.019285714285714285 0.014285714285714285
0 0.14214285714285715 0.6757142857142857 0.05714285714285714 0.05619047619047619
0 0.14357142857142857 0.719047619047619 0.06285714285714286 0.06666666666666667
0 0.03678571428571428 0.7666666666666667 0.07357142857142857 0.0838095238095238
0 0.4657142857142857 0.39095238095238094 0.005714285714285714 0.008571428571428572
0 0.4732142857142857 0.38761904761904764 0.0064285714285714285 0.007619047619047619
0 0.47035714285714286 0.36952380952380953 0.005 0.005714285714285714
0 0.4742857142857143 0.379047619047619 0.004285714285714286 0.005714285714285714
0 0.46535714285714286 0.379047619047619 0.0035714285714285713 0.005714285714285714
0 0.4675 0.38285714285714284 0.005 0.005714285714285714
