0 0.34975 0.6436666666666667 0.0525 0.126
3 0.35025 0.527 0.0465 0.08733333333333333
3 0.4915 0.5366666666666666 0.046 0.10933333333333334
0 0.35575 0.42933333333333334 0.0365 0.084
3 0.47475 0.42133333333333334 0.0315 0.07866666666666666
0 0.369 0.338 0.036 0.076
3 0.4485 0.27 0.03 0.06533333333333333
0 0.408 0.24866666666666667 0.034 0.050666666666666665
0 0.351 0.229 0.052 0.05266666666666667
0 0.43375 0.21366666666666667 0.0285 0.05266666666666667
0 0.43 0.17066666666666666 0.025 0.037333333333333336
0 0.39225 0.19433333333333333 0.0305 0.042
0 0.3555 0.17766666666666667 0.026 0.05
0 0.38575 0.15166666666666667 0.0245 0.035333333333333335
0 0.419 0.136 0.039 0.04133333333333333
0 0.39225 0.116 0.0235 0.034666666666666665
0 0.35275 0.10366666666666667 0.0405 0.028666666666666667
0 0.35325 0.08433333333333333 0.0395 0.024666666666666667
0 0.3635 0.06133333333333333 0.022 0.03333333333333333
0 0.3595 0.03933333333333333 0.019 0.025333333333333333
3 0.384 0.04733333333333333 0.022 0.042666666666666665
0 0.37975 0.021333333333333333 0.0175 0.016
0 0.40825 0.06066666666666667 0.0205 0.02666666666666667
0 0.403 0.03266666666666666 0.02 0.024
0 0.4 0.013 0.019 0.023333333333333334
3 0.521 0.09266666666666666 0.057 0.037333333333333336
0 0.468 0.08533333333333333 0.04 0.02266666666666667
0 0.46325 0.11 0.0465 0.02666666666666667
