0 0.3985714285714286 0.9682741116751269 0.045714285714285714 0.06091370558375635
3 0.46 0.9352791878172588 0.03857142857142857 0.11421319796954314
3 0.05821428571428571 0.0266497461928934 0.030714285714285715 0.0532994923857868
3 0.04928571428571429 0.07487309644670051 0.03571428571428571 0.09644670050761421
3 0.1725 0.1199238578680203 0.05785714285714286 0.05456852791878172
0 0.13392857142857142 0.025380710659898477 0.023571428571428573 0.050761421319796954
0 0.2125 0.02601522842639594 0.023571428571428573 0.05203045685279188
0 0.2625 0.020939086294416244 0.020714285714285713 0.04187817258883249
3 0.2892857142857143 0.01903553299492386 0.018571428571428572 0.03807106598984772
3 0.18392857142857144 0.02982233502538071 0.02642857142857143 0.05964467005076142
3 0.030357142857142857 0.45114213197969544 0.060714285714285714 0.05710659898477157
0 0.11 0.43718274111675126 0.07285714285714286 0.05710659898477157
3 0.18642857142857142 0.41814720812182743 0.07571428571428572 0.06218274111675127
0 0.30142857142857143 0.501269035532995 0.07571428571428572 0.06345177664974619
2 0.9667857142857142 0.30076142131979694 0.06642857142857143 0.06598984771573604
2 0.8432142857142857 0.31916243654822335 0.09928571428571428 0.07233502538071065
2 0.6825 0.33756345177664976 0.1392857142857143 0.09898477157360407
2 0.5239285714285714 0.36484771573604063 0.10214285714285715 0.0799492385786802
