0 0.10642857142857143 0.4585714285714286 0.21285714285714286 0.16095238095238096
0 0.3167857142857143 0.3314285714285714 0.16785714285714284 0.13142857142857142
0 0.7735714285714286 0.21761904761904763 0.15 0.12476190476190477
0 0.2596428571428571 0.26285714285714284 0.17785714285714285 0.11238095238095239
0 0.29714285714285715 0.10761904761904761 0.13857142857142857 0.07047619047619047
0 0.08607142857142858 0.16666666666666666 0.16214285714285714 0.09142857142857143
0 0.0675 0.32 0.135 0.08571428571428572
0 0.075 0.24285714285714285 0.15 0.08190476190476191
0 0.255 0.16952380952380952 0.12428571428571429 0.10095238095238095
3 0.11964285714285715 0.09285714285714286 0.13785714285714284 0.08285714285714285
