0 0.44575 0.785 0.0875 0.098
0 0.4885 0.7563333333333333 0.086 0.08466666666666667
0 0.446 0.5596666666666666 0.057 0.048666666666666664
0 0.39475 0.527 0.0595 0.046
0 0.31475 0.546 0.0585 0.05333333333333334
0 0.258 0.5133333333333333 0.056 0.04
0 0.30675 0.4786666666666667 0.0475 0.04
0 0.10525 0.47833333333333333 0.0495 0.04466666666666667
0 0.1895 0.43966666666666665 0.046 0.04066666666666666
0 0.46375 0.455 0.0475 0.042
0 0.3975 0.42633333333333334 0.046 0.03
0 0.37925 0.4126666666666667 0.0485 0.030666666666666665
0 0.65275 0.546 0.0665 0.04666666666666667
0 0.766 0.5383333333333333 0.064 0.046
1 0.68775 0.5046666666666667 0.0705 0.052
0 0.679 0.46066666666666667 0.053 0.04
0 0.5475 0.4126666666666667 0.048 0.032
3 0.53975 0.36 0.0445 0.037333333333333336
0 0.49675 0.3923333333333333 0.0385 0.03133333333333333
0 0.535 0.44166666666666665 0.026 0.03133333333333333
0 0.495 0.42833333333333334 0.021 0.03
0 0.46575 0.414 0.0155 0.024
0 0.461 0.37833333333333335 0.036 0.03
0 0.314 0.305 0.029 0.024666666666666667
0 0.2885 0.308 0.031 0.025333333333333333
0 0.1975 0.37533333333333335 0.041 0.032
0 0.18725 0.2673333333333333 0.0265 0.018666666666666668
0 0.2355 0.254 0.026 0.018666666666666668
0 0.2215 0.237 0.024 0.018
3 0.32075 0.234 0.0235 0.021333333333333333
0 0.37925 0.26066666666666666 0.0285 0.018666666666666668
0 0.42875 0.24766666666666667 0.0275 0.016666666666666666
3 0.45675 0.252 0.0255 0.02
0 0.401 0.233 0.026 0.018
0 0.37225 0.22966666666666666 0.0235 0.019333333333333334
0 0.3375 0.22033333333333333 0.024 0.018
0 0.2335 0.18766666666666668 0.02 0.012666666666666666
0 0.24975 0.175 0.0135 0.011333333333333334
3 0.2255 0.172 0.021 0.014666666666666666
0 0.93225 0.3953333333333333 0.0505 0.025333333333333333
0 0.933 0.3516666666666667 0.045 0.028666666666666667
0 0.9385 0.3463333333333333 0.047 0.028666666666666667
0 0.95 0.337 0.041 0.024666666666666667
0 0.954 0.3253333333333333 0.043 0.02266666666666667
3 0.96275 0.31166666666666665 0.0355 0.027333333333333334
0 0.968 0.28733333333333333 0.023 0.018666666666666668
0 0.95525 0.2713333333333333 0.0245 0.02
0 0.857 0.30933333333333335 0.026 0.024
0 0.87375 0.2986666666666667 0.0235 0.02266666666666667
0 0.8925 0.28733333333333333 0.022 0.017333333333333333
0 0.86325 0.2743333333333333 0.0385 0.026
0 0.8325 0.2776666666666667 0.025 0.018
0 0.82075 0.26266666666666666 0.0235 0.024
0 0.78225 0.3433333333333333 0.0345 0.024
0 0.7225 0.3323333333333333 0.038 0.024666666666666667
1 0.752 0.31566666666666665 0.044 0.035333333333333335
0 0.7685 0.31733333333333336 0.035 0.024
1 0.781 0.306 0.045 0.036
1 0.981 0.3456666666666667 0.037 0.04733333333333333
0 0.993 0.2916666666666667 0.014 0.019333333333333334
0 0.912 0.258 0.033 0.016
0 0.9205 0.25333333333333335 0.032 0.017333333333333333
0 0.9315 0.24666666666666667 0.029 0.018666666666666668
3 0.9585 0.235 0.025 0.019333333333333334
0 0.9655 0.23233333333333334 0.027 0.016666666666666666
0 0.97075 0.22833333333333333 0.0255 0.015333333333333332
0 0.98025 0.22466666666666665 0.0295 0.014666666666666666
0 0.988 0.213 0.024 0.014
0 0.9935 0.20533333333333334 0.013 0.012
0 0.9695 0.61 0.061 0.042666666666666665
0 0.94875 0.6673333333333333 0.0455 0.064
0 0.27725 0.736 0.0945 0.07733333333333334
0 0.23275 0.6786666666666666 0.0655 0.07733333333333334
0 0.0365 0.43933333333333335 0.045 0.034666666666666665
0 0.06825 0.42733333333333334 0.0475 0.03333333333333333
0 0.12 0.4036666666666667 0.043 0.034
0 0.17275 0.38366666666666666 0.0385 0.027333333333333334
0 0.29125 0.343 0.0395 0.023333333333333334
0 0.5815 0.29233333333333333 0.035 0.020666666666666667
1 0.54575 0.27366666666666667 0.0435 0.035333333333333335
1 0.5225 0.24266666666666667 0.05 0.030666666666666665
0 0.1795 0.16966666666666666 0.015 0.012666666666666666
3 0.16525 0.16933333333333334 0.0145 0.014666666666666666
0 0.151 0.16433333333333333 0.014 0.011333333333333334
0 0.157 0.166 0.011 0.013333333333333334
0 0.04725 0.207 0.0175 0.015333333333333332
0 0.0355 0.19933333333333333 0.015 0.018666666666666668
0 0.02225 0.196 0.0175 0.016
0 0.055 0.179 0.019 0.018
0 0.02075 0.16466666666666666 0.0165 0.016
0 0.03625 0.12733333333333333 0.0105 0.009333333333333334
0 0.131 0.141 0.012 0.008666666666666666
0 0.12125 0.139 0.0135 0.01
0 0.11325 0.13833333333333334 0.0145 0.008666666666666666
0 0.1085 0.134 0.017 0.008
0 0.098 0.12866666666666668 0.022 0.010666666666666666
0 0.09275 0.12666666666666668 0.0165 0.008
0 0.083 0.12166666666666667 0.018 0.01
0 0.0575 0.11133333333333334 0.02 0.009333333333333334
0 0.049 0.111 0.015 0.01
0 0.045 0.10766666666666666 0.015 0.008666666666666666
0 0.0385 0.10333333333333333 0.018 0.009333333333333334
0 0.0175 0.106 0.017 0.008
3 0.0245 0.095 0.014 0.01
0 0.017 0.10133333333333333 0.015 0.009333333333333334
0 0.00725 0.103 0.0145 0.008666666666666666
