0 0.57675 0.9336666666666666 0.0595 0.07933333333333334
0 0.604 0.8823333333333333 0.059 0.07133333333333333
3 0.6345 0.8383333333333334 0.055 0.06866666666666667
3 0.776 0.9446666666666667 0.045 0.08533333333333333
0 0.82025 0.8396666666666667 0.0495 0.08066666666666666
0 0.71525 0.8143333333333334 0.0485 0.07266666666666667
0 0.58425 0.7776666666666666 0.0495 0.07
1 0.66525 0.7963333333333333 0.0685 0.078
3 0.68275 0.7746666666666666 0.0515 0.05733333333333333
3 0.6985 0.743 0.049 0.06066666666666667
3 0.70975 0.7176666666666667 0.0535 0.058
0 0.73275 0.6943333333333334 0.0595 0.046
0 0.848 0.7693333333333333 0.051 0.058666666666666666
0 0.94425 0.8293333333333334 0.0535 0.068
0 0.979 0.5886666666666667 0.042 0.04533333333333334
0 0.76125 0.6613333333333333 0.0525 0.06133333333333333
0 0.66875 0.587 0.0475 0.051333333333333335
0 0.6055 0.5316666666666666 0.042 0.04466666666666667
0 0.55975 0.48833333333333334 0.0385 0.04066666666666666
0 0.52175 0.45866666666666667 0.0195 0.042666666666666665
0 0.72075 0.4206666666666667 0.0405 0.03333333333333333
0 0.659 0.43466666666666665 0.041 0.034666666666666665
0 0.91225 0.25666666666666665 0.0315 0.025333333333333333
0 0.8725 0.23766666666666666 0.034 0.028666666666666667
0 0.50075 0.441 0.0185 0.042
0 0.47525 0.41633333333333333 0.0175 0.04066666666666666
0 0.5385 0.35933333333333334 0.029 0.024
3 0.449 0.394 0.024 0.037333333333333336
0 0.4185 0.37233333333333335 0.029 0.03133333333333333
0 0.67 0.13033333333333333 0.021 0.014
0 0.4455 0.26566666666666666 0.025 0.022
0 0.38975 0.339 0.0175 0.034
0 0.36725 0.318 0.0155 0.03333333333333333
0 0.35125 0.30966666666666665 0.0145 0.027333333333333334
0 0.369 0.23433333333333334 0.022 0.018
1 0.38225 0.21666666666666667 0.0435 0.03866666666666667
0 0.329 0.282 0.025 0.028
0 0.309 0.27066666666666667 0.013 0.024
1 0.27525 0.23866666666666667 0.0265 0.03333333333333333
0 0.29725 0.21166666666666667 0.0225 0.020666666666666667
0 0.255 0.225 0.02 0.022
0 0.2375 0.18066666666666667 0.019 0.02
3 0.2675 0.15566666666666668 0.017 0.016666666666666666
1 0.29075 0.147 0.0385 0.03933333333333333
3 0.075 0.294 0.02 0.029333333333333333
2 0.0445 0.2753333333333333 0.037 0.048
0 0.021 0.22466666666666665 0.032 0.018666666666666668
0 0.013 0.21066666666666667 0.026 0.017333333333333333
0 0.206 0.15033333333333335 0.016 0.016666666666666666
0 0.23075 0.13033333333333333 0.0165 0.014
0 0.304 0.11566666666666667 0.02 0.014
0 0.292 0.10466666666666667 0.019 0.013333333333333334
0 0.3675 0.091 0.017 0.014
0 0.386 0.08333333333333333 0.017 0.013333333333333334
0 0.4075 0.07533333333333334 0.016 0.012
0 0.1845 0.11466666666666667 0.015 0.014666666666666666
0 0.14275 0.099 0.0145 0.015333333333333332
0 0.14675 0.048666666666666664 0.0125 0.012
3 0.1295 0.049 0.012 0.012666666666666666
1 0.1005 0.043666666666666666 0.024 0.024666666666666667
0 0.10425 0.028666666666666667 0.0105 0.009333333333333334
1 0.1025 0.017 0.021 0.020666666666666667
3 0.0655 0.03 0.013 0.016
0 0.078 0.018333333333333333 0.01 0.008666666666666666
0 0.03425 0.005666666666666667 0.0085 0.008666666666666666
3 0.73375 0.9826666666666667 0.0325 0.034666666666666665
