0 0.09178571428571429 0.108502538071066 0.010714285714285714 0.01903553299492386
0 0.15428571428571428 0.23477157360406092 0.014285714285714285 0.02030456852791878
0 0.19285714285714287 0.3115482233502538 0.014285714285714285 0.024111675126903553
0 0.23 0.38388324873096447 0.017142857142857144 0.03426395939086294
0 0.2625 0.45558375634517767 0.019285714285714285 0.03299492385786802
0 0.3196428571428571 0.5609137055837563 0.02214285714285714 0.048223350253807105
0 0.5135714285714286 0.9625634517766497 0.05857142857142857 0.05710659898477157
0 0.43892857142857145 0.8946700507614214 0.047857142857142855 0.07106598984771574
0 0.38035714285714284 0.9600253807106599 0.052142857142857144 0.07487309644670051
0 0.3703571428571429 0.6567258883248731 0.030714285714285715 0.05456852791878172
0 0.3417857142857143 0.5862944162436549 0.03214285714285714 0.04314720812182741
0 0.26071428571428573 0.39149746192893403 0.018571428571428572 0.031725888324873094
0 0.24785714285714286 0.4219543147208122 0.018571428571428572 0.031725888324873094
1 0.2982142857142857 0.5126903553299492 0.03357142857142857 0.07614213197969544
3 0.4175 0.7557106598984772 0.03214285714285714 0.06725888324873096
