0 0.09225 0.359 0.0135 0.011333333333333334
0 0.11425 0.35033333333333333 0.0095 0.008666666666666666
0 0.08675 0.383 0.0145 0.018
0 0.11625 0.37333333333333335 0.0115 0.009333333333333334
3 0.07825 0.409 0.0145 0.022
1 0.0845 0.5303333333333333 0.048 0.13533333333333333
0 0.16275 0.4116666666666667 0.0145 0.014
3 0.25025 0.4666666666666667 0.0315 0.029333333333333333
0 0.60125 0.5246666666666666 0.0545 0.034666666666666665
0 0.66275 0.5066666666666667 0.0455 0.02666666666666667
0 0.71025 0.488 0.0385 0.028
0 0.74975 0.4746666666666667 0.0305 0.02666666666666667
0 0.684 0.45966666666666667 0.022 0.020666666666666667
0 0.82475 0.3983333333333333 0.0305 0.018
0 0.936 0.43666666666666665 0.02 0.02266666666666667
0 0.92625 0.4866666666666667 0.0565 0.028
1 0.77525 0.408 0.0415 0.032
1 0.73875 0.39566666666666667 0.0415 0.026
