0 0.02875 0.3466666666666667 0.0575 0.13466666666666666
1 0.083 0.3416666666666667 0.092 0.154
3 0.16325 0.3363333333333333 0.0785 0.15266666666666667
0 0.27425 0.3243333333333333 0.0905 0.12866666666666668
0 0.37875 0.35433333333333333 0.0645 0.122
1 0.48775 0.3273333333333333 0.0775 0.16
3 0.63575 0.3473333333333333 0.0595 0.13066666666666665
3 0.6485 0.2753333333333333 0.108 0.14133333333333334
3 0.72875 0.2823333333333333 0.0715 0.15533333333333332
3 0.79925 0.23766666666666666 0.0595 0.09533333333333334
3 0.8145 0.34 0.062 0.13466666666666666
3 0.8645 0.24433333333333335 0.095 0.11133333333333334
3 0.88525 0.3323333333333333 0.0705 0.14466666666666667
0 0.087 0.07433333333333333 0.107 0.07
0 0.71 0.06466666666666666 0.048 0.08933333333333333
0 0.903 0.08833333333333333 0.105 0.09133333333333334
0 0.95475 0.059333333333333335 0.0905 0.10933333333333334
0 0.9375 0.2743333333333333 0.102 0.154
0 0.97675 0.156 0.0385 0.064
