0 0.1235 0.84 0.065 0.04
0 0.2105 0.846 0.075 0.04933333333333333
0 0.451 0.752 0.065 0.050666666666666665
0 0.3575 0.756 0.04 0.036
0 0.52725 0.6336666666666667 0.0245 0.06466666666666666
0 0.49525 0.6363333333333333 0.0245 0.07533333333333334
0 0.49475 0.6356666666666667 0.0245 0.07533333333333334
0 0.31475 0.8163333333333334 0.0505 0.07533333333333334
0 0.35025 0.8306666666666667 0.0555 0.088
0 0.3935 0.837 0.063 0.086
0 0.2645 0.6493333333333333 0.026 0.07066666666666667
0 0.29475 0.655 0.0365 0.07266666666666667
0 0.4635 0.627 0.023 0.06466666666666666
0 0.53425 0.481 0.0225 0.051333333333333335
0 0.49825 0.5636666666666666 0.0225 0.058
3 0.52525 0.5663333333333334 0.0195 0.051333333333333335
0 0.4695 0.558 0.024 0.05333333333333334
0 0.5615 0.25366666666666665 0.019 0.043333333333333335
0 0.57625 0.15166666666666667 0.0355 0.038
0 0.57825 0.10266666666666667 0.0345 0.036
0 0.77325 0.292 0.0255 0.044
0 0.57675 0.08 0.0255 0.029333333333333333
0 0.53325 0.08866666666666667 0.0175 0.03866666666666667
0 0.5695 0.044333333333333336 0.018 0.035333333333333335
3 0.57075 0.013666666666666667 0.0305 0.027333333333333334
0 0.60075 0.03333333333333333 0.0155 0.028
0 0.78625 0.4766666666666667 0.0375 0.056
0 0.8175 0.18333333333333332 0.044 0.030666666666666665
0 0.813 0.16566666666666666 0.041 0.026
0 0.84475 0.14733333333333334 0.0205 0.03866666666666667
0 0.863 0.17233333333333334 0.025 0.03
0 0.91275 0.304 0.0315 0.048
0 0.9345 0.353 0.034 0.05
0 0.97925 0.472 0.0415 0.06133333333333333
3 0.9555 0.4053333333333333 0.039 0.064
0 0.93625 0.24233333333333335 0.0465 0.028666666666666667
0 0.92725 0.22566666666666665 0.0435 0.027333333333333334
0 0.90625 0.17566666666666667 0.0425 0.023333333333333334
0 0.8975 0.15966666666666668 0.045 0.026
3 0.89125 0.139 0.0445 0.028666666666666667
0 0.9675 0.288 0.045 0.044
0 0.98925 0.36466666666666664 0.0215 0.044
0 0.984 0.32033333333333336 0.032 0.03666666666666667
3 0.92175 0.12366666666666666 0.0215 0.038
0 0.8025 0.04766666666666667 0.045 0.03266666666666666
0 0.92625 0.065 0.0375 0.024666666666666667
0 0.91775 0.03666666666666667 0.0335 0.02266666666666667
0 0.8745 0.016 0.037 0.02266666666666667
0 0.95175 0.14966666666666667 0.0315 0.038
0 0.9405 0.122 0.022 0.028
0 0.97025 0.12033333333333333 0.0235 0.03933333333333333
0 0.98175 0.14766666666666667 0.0365 0.023333333333333334
0 0.992 0.12066666666666667 0.016 0.03333333333333333
0 0.98825 0.188 0.0235 0.025333333333333333
0 0.96675 0.22766666666666666 0.0285 0.03666666666666667
0 0.9865 0.22466666666666665 0.027 0.03333333333333333
0 0.9575 0.641 0.069 0.03666666666666667
0 0.968 0.6803333333333333 0.064 0.038
0 0.977 0.7193333333333334 0.046 0.04133333333333333
