0 0.42964285714285716 0.043333333333333335 0.012142857142857143 0.025714285714285714
0 0.49607142857142855 0.09 0.013571428571428571 0.029523809523809525
0 0.49214285714285716 0.2904761904761905 0.017142857142857144 0.0380952380952381
0 0.4903571428571429 0.39 0.017857142857142856 0.04666666666666667
0 0.5103571428571428 0.4747619047619048 0.019285714285714285 0.05238095238095238
0 0.4828571428571429 0.67 0.024285714285714285 0.06571428571428571
0 0.5082142857142857 0.7433333333333333 0.023571428571428573 0.06952380952380953
0 0.7467857142857143 0.9547619047619048 0.062142857142857146 0.04285714285714286
0 0.49892857142857144 0.9776190476190476 0.025 0.04476190476190476
0 0.46464285714285714 0.9866666666666667 0.023571428571428573 0.02666666666666667
0 0.49464285714285716 0.1819047619047619 0.013571428571428571 0.03238095238095238
0 0.9735714285714285 0.9623809523809523 0.05285714285714286 0.04285714285714286
1 0.8907142857142857 0.9566666666666667 0.12571428571428572 0.06190476190476191
3 0.4232142857142857 0.0980952380952381 0.013571428571428571 0.02857142857142857
0 0.4521428571428571 0.1280952380952381 0.012857142857142857 0.03333333333333333
