3 0.4875 0.7576190476190476 0.085 0.11714285714285715
1 0.5753571428571429 0.6371428571428571 0.10071428571428571 0.08
1 0.525 0.5595238095238095 0.08 0.1419047619047619
3 0.5003571428571428 0.2761904761904762 0.030714285714285715 0.047619047619047616
1 0.5335714285714286 0.22857142857142856 0.06142857142857143 0.05523809523809524
1 0.5339285714285714 0.21 0.08214285714285714 0.06
3 0.48035714285714287 0.2019047619047619 0.02214285714285714 0.0419047619047619
3 0.28714285714285714 0.32904761904761903 0.03571428571428571 0.06380952380952382
3 0.3107142857142857 0.1961904761904762 0.024285714285714285 0.049523809523809526
3 0.31892857142857145 0.14761904761904762 0.020714285714285713 0.04
3 0.475 0.16476190476190475 0.02 0.030476190476190476
0 0.4675 0.13666666666666666 0.017857142857142856 0.023809523809523808
0 0.45821428571428574 0.11238095238095239 0.017857142857142856 0.022857142857142857
0 0.32321428571428573 0.12571428571428572 0.020714285714285713 0.03238095238095238
0 0.3246428571428571 0.11 0.017857142857142856 0.025714285714285714
3 0.33035714285714285 0.08523809523809524 0.017857142857142856 0.03142857142857143
0 0.3357142857142857 0.05476190476190476 0.014285714285714285 0.02
0 0.3442857142857143 0.04 0.012857142857142857 0.01904761904761905
0 0.4032142857142857 0.037142857142857144 0.013571428571428571 0.017142857142857144
0 0.47464285714285714 0.08142857142857143 0.03214285714285714 0.02
0 0.4632142857142857 0.07476190476190477 0.02642857142857143 0.01619047619047619
3 0.45964285714285713 0.02238095238095238 0.030714285714285715 0.02
