0 0.24821428571428572 0.9580952380952381 0.08928571428571429 0.0838095238095238
0 0.5310714285714285 0.9642857142857143 0.05785714285714286 0.07142857142857142
0 0.9075 0.5866666666666667 0.085 0.05142857142857143
0 0.505 0.7357142857142858 0.11285714285714285 0.10952380952380952
3 0.505 0.7357142857142858 0.11285714285714285 0.10952380952380952
0 0.4714285714285714 0.5385714285714286 0.08142857142857143 0.07523809523809524
2 0.6860714285714286 0.47333333333333333 0.14642857142857144 0.09333333333333334
0 0.6596428571428572 0.4238095238095238 0.07214285714285715 0.05142857142857143
0 0.7321428571428571 0.4042857142857143 0.06857142857142857 0.04666666666666667
0 0.8575 0.5176190476190476 0.04214285714285714 0.08857142857142856
0 0.8964285714285715 0.5104761904761905 0.037142857142857144 0.08190476190476191
0 0.7785714285714286 0.5152380952380953 0.045714285714285714 0.09333333333333334
0 0.5003571428571428 0.36047619047619045 0.07071428571428572 0.058095238095238096
0 0.38571428571428573 0.2642857142857143 0.05714285714285714 0.06
0 0.32571428571428573 0.31238095238095237 0.05142857142857143 0.05142857142857143
0 0.3067857142857143 0.19285714285714287 0.056428571428571425 0.04857142857142857
3 0.29642857142857143 0.1538095238095238 0.05285714285714286 0.03142857142857143
3 0.07214285714285715 0.820952380952381 0.07428571428571429 0.10095238095238095
3 0.031785714285714285 0.8566666666666667 0.06357142857142857 0.10380952380952381
0 0.26142857142857145 0.4828571428571429 0.07428571428571429 0.08
0 0.2017857142857143 0.16238095238095238 0.052142857142857144 0.06
0 0.28035714285714286 0.13523809523809524 0.05785714285714286 0.0380952380952381
0 0.29035714285714287 0.1 0.05928571428571429 0.03428571428571429
0 0.2717857142857143 0.07857142857142857 0.060714285714285714 0.040952380952380955
3 0.053214285714285714 0.11142857142857143 0.04214285714285714 0.05142857142857143
0 0.07107142857142858 0.06904761904761905 0.045 0.040952380952380955
0 0.085 0.04666666666666667 0.03428571428571429 0.0380952380952381
0 0.04107142857142857 0.03 0.04214285714285714 0.039047619047619046
0 0.055 0.011428571428571429 0.03142857142857143 0.022857142857142857
