0 0.08142857142857143 0.9028571428571428 0.16142857142857142 0.18285714285714286
0 0.5560714285714285 0.9233333333333333 0.2864285714285714 0.14952380952380953
0 0.5067857142857143 0.015714285714285715 0.08642857142857142 0.029523809523809525
0 0.49107142857142855 0.0380952380952381 0.08928571428571429 0.045714285714285714
0 0.5107142857142857 0.08761904761904762 0.09428571428571429 0.03238095238095238
0 0.5164285714285715 0.1138095238095238 0.10285714285714286 0.040952380952380955
0 0.5132142857142857 0.1438095238095238 0.09785714285714285 0.04380952380952381
0 0.5214285714285715 0.18333333333333332 0.11714285714285715 0.06190476190476191
0 0.5232142857142857 0.2580952380952381 0.13214285714285715 0.06666666666666667
0 0.5178571428571429 0.21476190476190476 0.12 0.054285714285714284
0 0.525 0.31333333333333335 0.13714285714285715 0.07809523809523809
0 0.5253571428571429 0.38 0.15071428571428572 0.07238095238095238
0 0.5285714285714286 0.5285714285714286 0.15571428571428572 0.10285714285714286
0 0.5407142857142857 0.6328571428571429 0.20714285714285716 0.12285714285714286
3 0.5314285714285715 0.43476190476190474 0.1457142857142857 0.0980952380952381
0 0.7485714285714286 0.1219047619047619 0.09714285714285714 0.06095238095238095
0 0.6467857142857143 0.07238095238095238 0.04928571428571429 0.06857142857142857
0 0.5889285714285715 0.08476190476190476 0.062142857142857146 0.07428571428571429
