0 0.4971294363256785 0.8367346938775511 0.03496868475991649 0.09090909090909091
0 0.6069937369519833 0.8733766233766234 0.025052192066805846 0.08070500927643785
0 0.6205636743215032 0.6651205936920223 0.018789144050104383 0.05380333951762523
0 0.5902922755741128 0.6052875695732839 0.016701461377870562 0.05287569573283859
0 0.5613256784968684 0.6043599257884972 0.02244258872651357 0.06029684601113173
0 0.6255219206680585 0.49907235621521334 0.01722338204592902 0.04452690166975881
0 0.6036012526096033 0.4846938775510204 0.01722338204592902 0.038033395176252316
0 0.5751565762004175 0.48562152133580705 0.017745302713987474 0.03432282003710575
0 0.5795929018789144 0.4336734693877551 0.016179540709812108 0.032467532467532464
0 0.6129958246346555 0.35667903525046385 0.012004175365344467 0.026901669758812616
0 0.5634133611691023 0.39888682745825604 0.01722338204592902 0.03525046382189239
0 0.5420146137787056 0.39053803339517623 0.015135699373695199 0.04081632653061224
0 0.5545407098121086 0.33719851576994436 0.015135699373695199 0.030612244897959183
0 0.630741127348643 0.31910946196660483 0.010960334029227558 0.022263450834879406
0 0.6881524008350731 0.28432282003710574 0.0255741127348643 0.021335807050092765
0 0.7873173277661796 0.3529684601113173 0.0360125260960334 0.021335807050092765
0 0.5660229645093946 0.27133580705009275 0.013048016701461378 0.026901669758812616
3 0.6174321503131524 0.26762523191094617 0.011482254697286013 0.0287569573283859
0 0.6349164926931107 0.27087198515769945 0.010960334029227558 0.01855287569573284
0 0.5832463465553236 0.25139146567717996 0.009916492693110648 0.022263450834879406
0 0.548277661795407 0.24025974025974026 0.01826722338204593 0.02040816326530612
0 0.574634655532359 0.22031539888682747 0.009394572025052192 0.017625231910946195
0 0.5887265135699373 0.2230983302411874 0.009394572025052192 0.01948051948051948
0 0.5926409185803758 0.18831168831168832 0.009916492693110648 0.01855287569573284
0 0.5785490605427975 0.19758812615955473 0.008872651356993737 0.01855287569573284
0 0.581419624217119 0.17439703153988867 0.008350730688935281 0.016697588126159554
0 0.5840292275574113 0.16001855287569575 0.009394572025052192 0.015769944341372914
0 0.5955114822546973 0.15862708719851576 0.008350730688935281 0.016697588126159554
0 0.6370041753653445 0.1794990723562152 0.007828810020876827 0.015769944341372914
0 0.6296972860125261 0.16094619666048238 0.007828810020876827 0.01948051948051948
0 0.6270876826722338 0.12198515769944342 0.006784968684759917 0.012059369202226345
0 0.636482254697286 0.10157699443413729 0.006784968684759917 0.012059369202226345
0 0.5989039665970772 0.08163265306122448 0.007828810020876827 0.014842300556586271
0 0.6096033402922756 0.06029684601113173 0.006263048016701462 0.00927643784786642
0 0.6036012526096033 0.046846011131725415 0.005741127348643006 0.01020408163265306
0 0.6140396659707724 0.032467532467532464 0.005741127348643006 0.00927643784786642
0 0.6764091858037579 0.11688311688311688 0.007306889352818371 0.012987012987012988
0 0.675365344467641 0.07328385899814471 0.005219206680584551 0.00927643784786642
0 0.6886743215031316 0.06261595547309833 0.014091858037578288 0.013914656771799629
0 0.7056367432150313 0.17439703153988867 0.019832985386221295 0.012987012987012988
0 0.706419624217119 0.16419294990723562 0.015135699373695199 0.012987012987012988
3 0.7045929018789144 0.14517625231910947 0.020876826722338204 0.017625231910946195
3 0.7006784968684759 0.13543599257884972 0.015135699373695199 0.016697588126159554
0 0.6928496868475992 0.10204081632653061 0.015135699373695199 0.011131725417439703
3 0.6905010438413361 0.09044526901669758 0.012526096033402923 0.01020408163265306
3 0.6959812108559499 0.08348794063079777 0.010960334029227558 0.012987012987012988
3 0.6907620041753654 0.08116883116883117 0.009916492693110648 0.012059369202226345
3 0.6698851774530271 0.032467532467532464 0.005741127348643006 0.00927643784786642
0 0.4123173277661795 0.3177179962894249 0.022964509394572025 0.021335807050092765
0 0.37917536534446766 0.2857142857142857 0.02139874739039666 0.01855287569573284
3 0.7275574112734864 0.19619666048237477 0.016701461377870562 0.01948051948051948
3 0.6803235908141962 0.027829313543599257 0.010960334029227558 0.011131725417439703
0 0.7019832985386222 0.05380333951762523 0.013569937369519834 0.00927643784786642
3 0.7343423799582464 0.22402597402597402 0.015657620041753653 0.012059369202226345
