0 0.18571428571428572 0.5385714285714286 0.14714285714285713 0.09428571428571429
0 0.32 0.44666666666666666 0.045714285714285714 0.045714285714285714
0 0.3275 0.3995238095238095 0.05928571428571429 0.025714285714285714
0 0.3867857142857143 0.40285714285714286 0.04928571428571429 0.04
0 0.5571428571428572 0.4066666666666667 0.03857142857142857 0.0380952380952381
0 0.5042857142857143 0.3985714285714286 0.04285714285714286 0.03142857142857143
0 0.5682142857142857 0.38142857142857145 0.029285714285714286 0.03142857142857143
0 0.645 0.35619047619047617 0.015714285714285715 0.015238095238095238
0 0.6964285714285714 0.35 0.015714285714285715 0.02
2 0.665 0.3385714285714286 0.02 0.023809523809523808
0 0.6064285714285714 0.3619047619047619 0.02142857142857143 0.02095238095238095
0 0.6396428571428572 0.3461904761904762 0.012142857142857143 0.014285714285714285
0 0.6542857142857142 0.32857142857142857 0.012857142857142857 0.011428571428571429
0 0.09357142857142857 0.7271428571428571 0.18714285714285714 0.21428571428571427
0 0.7728571428571429 0.3557142857142857 0.024285714285714285 0.01619047619047619
0 0.8642857142857143 0.3676190476190476 0.03571428571428571 0.02095238095238095
0 0.8889285714285714 0.36047619047619045 0.03642857142857143 0.023809523809523808
