0 0.5585714285714286 0.5761904761904761 0.08 0.09523809523809523
0 0.42678571428571427 0.7209523809523809 0.08071428571428571 0.1295238095238095
0 0.4232142857142857 0.4085714285714286 0.060714285714285714 0.06476190476190476
0 0.23642857142857143 0.4780952380952381 0.05714285714285714 0.08
0 0.27035714285714285 0.43666666666666665 0.05071428571428571 0.07142857142857142
0 0.17821428571428571 0.2914285714285714 0.039285714285714285 0.05142857142857143
0 0.2325 0.24714285714285714 0.04071428571428572 0.039047619047619046
0 0.10964285714285714 0.1957142857142857 0.030714285714285715 0.035238095238095235
0 0.07285714285714286 0.20904761904761904 0.03428571428571429 0.04285714285714286
0 0.0575 0.13047619047619047 0.029285714285714286 0.03428571428571429
0 0.32392857142857145 0.24476190476190476 0.03785714285714286 0.0419047619047619
0 0.24321428571428572 0.19857142857142857 0.039285714285714285 0.040952380952380955
0 0.10035714285714285 0.0980952380952381 0.025 0.030476190476190476
3 0.030357142857142857 0.10047619047619048 0.023571428571428573 0.029523809523809525
0 0.9214285714285714 0.6647619047619048 0.054285714285714284 0.11047619047619048
0 0.8614285714285714 0.3619047619047619 0.06857142857142857 0.0419047619047619
0 0.8007142857142857 0.32857142857142857 0.06571428571428571 0.03619047619047619
0 0.8864285714285715 0.32095238095238093 0.06857142857142857 0.04
0 0.9639285714285715 0.3519047619047619 0.07214285714285715 0.04285714285714286
0 0.9778571428571429 0.3261904761904762 0.04428571428571428 0.03333333333333333
0 0.9767857142857143 0.8471428571428572 0.04642857142857143 0.11523809523809524
2 0.18428571428571427 0.12380952380952381 0.07285714285714286 0.08190476190476191
0 0.06035714285714286 0.008571428571428572 0.020714285714285713 0.017142857142857144
