0 0.16375 0.43033333333333335 0.1095 0.066
0 0.31975 0.5263333333333333 0.1145 0.078
0 0.56275 0.5856666666666667 0.1305 0.086
0 0.51625 0.48433333333333334 0.0895 0.114
0 0.74925 0.6186666666666667 0.1485 0.09066666666666667
0 0.97275 0.642 0.0545 0.09066666666666667
0 0.4695 0.3476666666666667 0.092 0.051333333333333335
0 0.54125 0.321 0.0875 0.048666666666666664
0 0.7755 0.3913333333333333 0.099 0.056
0 0.1935 0.2623333333333333 0.077 0.04466666666666667
0 0.029 0.24333333333333335 0.058 0.04133333333333333
0 0.04725 0.9183333333333333 0.0945 0.158
1 0.942 0.10666666666666667 0.061 0.04666666666666667
1 0.891 0.048666666666666664 0.056 0.064
1 0.853 0.017333333333333333 0.047 0.034666666666666665
