0 0.2925 0.21333333333333335 0.035 0.08190476190476191
0 0.2057142857142857 0.0919047619047619 0.032857142857142856 0.06761904761904762
3 0.19285714285714287 0.14047619047619048 0.041428571428571426 0.06952380952380953
3 0.175 0.2 0.041428571428571426 0.07809523809523809
0 0.15357142857142858 0.30142857142857143 0.05285714285714286 0.08857142857142856
0 0.12392857142857143 0.3942857142857143 0.06642857142857143 0.10857142857142857
3 0.08857142857142856 0.5009523809523809 0.06714285714285714 0.12761904761904763
0 0.10714285714285714 0.7376190476190476 0.08714285714285715 0.16285714285714287
0 0.044642857142857144 0.6666666666666666 0.07928571428571428 0.15619047619047619
0 0.013928571428571429 0.8795238095238095 0.027857142857142858 0.1361904761904762
0 0.4089285714285714 0.13714285714285715 0.027857142857142858 0.07047619047619047
0 0.5178571428571429 0.018095238095238095 0.06428571428571428 0.03238095238095238
0 0.5271428571428571 0.04238095238095238 0.06571428571428571 0.035238095238095235
0 0.5710714285714286 0.0680952380952381 0.052142857142857144 0.037142857142857144
3 0.49178571428571427 0.06142857142857143 0.07357142857142857 0.05619047619047619
3 0.5510714285714285 0.09619047619047619 0.075 0.05142857142857143
0 0.6125 0.13142857142857142 0.065 0.04380952380952381
0 0.6682142857142858 0.2795238095238095 0.08214285714285714 0.04666666666666667
0 0.6978571428571428 0.33714285714285713 0.08714285714285715 0.06666666666666667
0 0.585 0.38 0.04285714285714286 0.08190476190476191
0 0.5367857142857143 0.39 0.047857142857142855 0.09238095238095238
3 0.5164285714285715 0.2980952380952381 0.04857142857142857 0.08952380952380952
0 0.37142857142857144 0.3638095238095238 0.04285714285714286 0.11428571428571428
3 0.6228571428571429 0.8347619047619048 0.08 0.17809523809523808
3 0.6932142857142857 0.8152380952380952 0.07214285714285715 0.1676190476190476
0 0.5353571428571429 0.9619047619047619 0.060714285714285714 0.07238095238095238
0 0.6382142857142857 0.9704761904761905 0.06928571428571428 0.05714285714285714
3 0.7232142857142857 0.9619047619047619 0.06785714285714285 0.07047619047619047
0 0.8075 0.580952380952381 0.11642857142857142 0.0761904761904762
0 0.8396428571428571 0.6561904761904762 0.11642857142857142 0.07238095238095238
0 0.7957142857142857 0.8790476190476191 0.09714285714285714 0.20761904761904762
