3 0.44285714285714284 0.05761904761904762 0.02857142857142857 0.07904761904761905
0 0.6453571428571429 0.09857142857142857 0.030714285714285715 0.07523809523809524
0 0.61 0.16095238095238096 0.03571428571428571 0.07238095238095238
0 0.6485714285714286 0.013333333333333334 0.025714285714285714 0.02666666666666667
0 0.5560714285714285 0.10095238095238095 0.023571428571428573 0.049523809523809526
3 0.635 0.29523809523809524 0.03428571428571429 0.08952380952380952
0 0.6239285714285714 0.4085714285714286 0.035 0.09333333333333334
0 0.5782142857142857 0.3861904761904762 0.029285714285714286 0.08285714285714285
3 0.6175 0.5876190476190476 0.03785714285714286 0.10095238095238095
3 0.6132142857142857 0.909047619047619 0.03357142857142857 0.10571428571428572
0 0.6096428571428572 0.7609523809523809 0.039285714285714285 0.10476190476190476
0 0.5310714285714285 0.68 0.035 0.11619047619047619
0 0.5110714285714286 0.5119047619047619 0.03357142857142857 0.09428571428571429
0 0.23714285714285716 0.9633333333333334 0.07714285714285714 0.07333333333333333
0 0.34285714285714286 0.7385714285714285 0.045714285714285714 0.11523809523809524
0 0.2621428571428571 0.8261904761904761 0.09285714285714286 0.054285714285714284
0 0.30214285714285716 0.5757142857142857 0.07714285714285714 0.05238095238095238
3 0.34 0.4280952380952381 0.055714285714285716 0.06
1 0.3742857142857143 0.14761904761904762 0.09571428571428571 0.0838095238095238
1 0.3782142857142857 0.1138095238095238 0.085 0.07904761904761905
