0 0.10821428571428572 0.8523809523809524 0.09357142857142857 0.1980952380952381
0 0.16357142857142856 0.9171428571428571 0.08142857142857143 0.1657142857142857
0 0.4710714285714286 0.4238095238095238 0.065 0.14095238095238094
3 0.9510714285714286 0.23333333333333334 0.09785714285714285 0.07428571428571429
0 0.9578571428571429 0.32476190476190475 0.08428571428571428 0.06857142857142857
0 0.9696428571428571 0.3980952380952381 0.05928571428571429 0.06285714285714286
0 0.9632142857142857 0.5333333333333333 0.07357142857142857 0.07238095238095238
0 0.9664285714285714 0.6242857142857143 0.06714285714285714 0.07523809523809524
0 0.9675 0.7119047619047619 0.065 0.07904761904761905
0 0.5989285714285715 0.910952380952381 0.065 0.17809523809523808
