3 0.7825 0.8995238095238095 0.165 0.20095238095238097
0 0.9296428571428571 0.829047619047619 0.1407142857142857 0.19714285714285715
0 0.2257142857142857 0.9214285714285714 0.12 0.15714285714285714
0 0.44535714285714284 0.9066666666666666 0.19357142857142856 0.18666666666666668
3 0.31857142857142856 0.7942857142857143 0.1457142857142857 0.22857142857142856
0 0.2953571428571429 0.6619047619047619 0.16071428571428573 0.1219047619047619
3 0.20642857142857143 0.4942857142857143 0.12857142857142856 0.09333333333333334
0 0.16892857142857143 0.4657142857142857 0.135 0.08
0 0.16285714285714287 0.4228571428571429 0.12571428571428572 0.07238095238095238
0 0.15571428571428572 0.39095238095238094 0.11142857142857143 0.06190476190476191
0 0.17214285714285715 0.3504761904761905 0.04857142857142857 0.05523809523809524
0 0.26821428571428574 0.38476190476190475 0.05928571428571429 0.07047619047619047
2 0.21357142857142858 0.2757142857142857 0.10857142857142857 0.14761904761904762
3 0.15 0.3019047619047619 0.05285714285714286 0.07047619047619047
3 0.10392857142857143 0.2761904761904762 0.047857142857142855 0.049523809523809526
3 0.08964285714285715 0.23809523809523808 0.04214285714285714 0.0380952380952381
0 0.0375 0.24666666666666667 0.03642857142857143 0.0419047619047619
0 0.03642857142857143 0.21428571428571427 0.032857142857142856 0.0380952380952381
0 0.07464285714285715 0.2123809523809524 0.03357142857142857 0.04380952380952381
0 0.06142857142857143 0.16857142857142857 0.03 0.0380952380952381
0 0.054642857142857146 0.15 0.027857142857142858 0.03142857142857143
3 0.041428571428571426 0.1357142857142857 0.02857142857142857 0.03142857142857143
3 0.03142857142857143 0.09333333333333334 0.025714285714285714 0.02857142857142857
0 0.0225 0.07904761904761905 0.015 0.017142857142857144
0 0.0175 0.07142857142857142 0.013571428571428571 0.017142857142857144
0 0.1125 0.17 0.02642857142857143 0.03142857142857143
0 0.1 0.15571428571428572 0.024285714285714285 0.029523809523809525
0 0.08964285714285715 0.13857142857142857 0.023571428571428573 0.02761904761904762
0 0.07964285714285714 0.12761904761904763 0.020714285714285713 0.02666666666666667
3 0.060714285714285714 0.09666666666666666 0.02142857142857143 0.023809523809523808
3 0.05357142857142857 0.08619047619047619 0.018571428571428572 0.021904761904761906
3 0.04428571428571428 0.07761904761904762 0.017142857142857144 0.021904761904761906
0 0.038214285714285715 0.06904761904761905 0.013571428571428571 0.018095238095238095
3 0.023214285714285715 0.04 0.015 0.02095238095238095
3 0.6057142857142858 0.6166666666666667 0.12285714285714286 0.15523809523809523
0 0.43392857142857144 0.44952380952380955 0.07785714285714286 0.08761904761904762
0 0.5257142857142857 0.44571428571428573 0.08714285714285715 0.08952380952380952
3 0.6703571428571429 0.3761904761904762 0.060714285714285714 0.049523809523809526
3 0.5464285714285714 0.35285714285714287 0.06857142857142857 0.058095238095238096
0 0.5775 0.30952380952380953 0.056428571428571425 0.04380952380952381
0 0.49964285714285717 0.26571428571428574 0.052142857142857144 0.03619047619047619
0 0.3867857142857143 0.3261904761904762 0.060714285714285714 0.05619047619047619
3 0.44535714285714284 0.2319047619047619 0.04357142857142857 0.037142857142857144
0 0.3985714285714286 0.20047619047619047 0.041428571428571426 0.03142857142857143
0 0.26857142857142857 0.1738095238095238 0.03428571428571429 0.02761904761904762
0 0.2332142857142857 0.1357142857142857 0.019285714285714285 0.021904761904761906
0 0.3457142857142857 0.1680952380952381 0.03 0.02761904761904762
0 0.3246428571428571 0.15476190476190477 0.029285714285714286 0.02761904761904762
0 0.30464285714285716 0.1419047619047619 0.023571428571428573 0.022857142857142857
3 0.2875 0.12761904761904763 0.023571428571428573 0.02666666666666667
3 0.2646428571428571 0.11619047619047619 0.023571428571428573 0.022857142857142857
3 0.23892857142857143 0.09761904761904762 0.02214285714285714 0.023809523809523808
3 0.2 0.08476190476190476 0.02857142857142857 0.017142857142857144
0 0.1667857142857143 0.07666666666666666 0.016428571428571428 0.018095238095238095
0 0.21107142857142858 0.06619047619047619 0.019285714285714285 0.014285714285714285
0 0.17535714285714285 0.05952380952380952 0.017857142857142856 0.014285714285714285
0 0.15428571428571428 0.047619047619047616 0.011428571428571429 0.013333333333333334
0 0.8864285714285715 0.45476190476190476 0.03 0.04857142857142857
0 0.875 0.540952380952381 0.11142857142857143 0.09714285714285714
0 0.2789285714285714 0.22666666666666666 0.03785714285714286 0.045714285714285714
3 0.12428571428571429 0.01904761904761905 0.02 0.01904761904761905
0 0.16285714285714287 0.24285714285714285 0.03428571428571429 0.05142857142857143
