0 0.7685281837160751 0.12755102040816327 0.015135699373695199 0.02504638218923933
0 0.6343945720250522 0.30936920222634506 0.019311064718162838 0.039888682745825604
0 0.6865866388308977 0.17207792207792208 0.016179540709812108 0.0287569573283859
0 0.548277661795407 0.4327458256029685 0.044363256784968684 0.039888682745825604
0 0.5688935281837161 0.3687384044526902 0.0407098121085595 0.039888682745825604
0 0.5764613778705637 0.3557513914656772 0.037056367432150315 0.026901669758812616
0 0.6051670146137788 0.26484230055658625 0.029749478079331943 0.030612244897959183
3 0.6064718162839249 0.24675324675324675 0.025052192066805846 0.025974025974025976
0 0.6291753653444676 0.2342300556586271 0.029749478079331943 0.01948051948051948
3 0.6330897703549061 0.2189239332096475 0.024008350730688934 0.027829313543599257
0 0.6377870563674322 0.19944341372912802 0.022964509394572025 0.022263450834879406
0 0.8225469728601252 0.017625231910946195 0.017745302713987474 0.02040816326530612
0 0.8543841336116911 0.01948051948051948 0.018789144050104383 0.016697588126159554
0 0.8776096033402923 0.025974025974025976 0.019311064718162838 0.02040816326530612
0 0.6625782881002088 0.13543599257884972 0.02661795407098121 0.022263450834879406
3 0.6670146137787056 0.11734693877551021 0.025052192066805846 0.021335807050092765
3 0.6688413361169102 0.10482374768089053 0.024530271398747392 0.02411873840445269
3 0.6790187891440501 0.08534322820037106 0.017745302713987474 0.02040816326530612
0 0.8288100208768268 0.05194805194805195 0.008350730688935281 0.01855287569573284
0 0.8126304801670147 0.006957328385899814 0.016701461377870562 0.012059369202226345
3 0.6842379958246346 0.034786641929499075 0.013569937369519834 0.013914656771799629
0 0.6886743215031316 0.07838589981447125 0.01722338204592902 0.017625231910946195
3 0.5033924843423799 0.7453617810760668 0.03914405010438413 0.09183673469387756
3 0.4144050104384134 0.8084415584415584 0.05323590814196242 0.09369202226345083
2 0.6064718162839249 0.7824675324675324 0.07306889352818371 0.22912801484230055
0 0.6920668058455115 0.9721706864564007 0.03444676409185804 0.05380333951762523
3 0.6805845511482255 0.05658627087198516 0.007306889352818371 0.01855287569573284
0 0.7139874739039666 0.00463821892393321 0.017745302713987474 0.00927643784786642
0 0.7505219206680585 0.003246753246753247 0.019832985386221295 0.006493506493506494
0 0.846294363256785 0.014842300556586271 0.01722338204592902 0.014842300556586271
