0 0.3517857142857143 0.920952380952381 0.060714285714285714 0.1580952380952381
0 0.36464285714285716 0.7742857142857142 0.047857142857142855 0.12571428571428572
0 0.3725 0.6342857142857142 0.04357142857142857 0.11238095238095239
0 0.3871428571428571 0.5314285714285715 0.03857142857142857 0.08
0 0.4342857142857143 0.38904761904761903 0.03142857142857143 0.06952380952380953
0 0.395 0.3761904761904762 0.03 0.06095238095238095
0 0.44785714285714284 0.20666666666666667 0.022857142857142857 0.04380952380952381
0 0.4114285714285714 0.20857142857142857 0.022857142857142857 0.04
0 0.4232142857142857 0.09619047619047619 0.019285714285714285 0.03428571428571429
0 0.4282142857142857 0.05333333333333334 0.016428571428571428 0.02857142857142857
0 0.42857142857142855 0.03142857142857143 0.015714285714285715 0.02095238095238095
0 0.49464285714285716 0.02761904761904762 0.016428571428571428 0.02666666666666667
0 0.49642857142857144 0.0761904761904762 0.018571428571428572 0.03238095238095238
0 0.5007142857142857 0.13666666666666666 0.02 0.037142857142857144
0 0.4185714285714286 0.1442857142857143 0.02 0.035238095238095235
0 0.41714285714285715 0.17523809523809525 0.02142857142857143 0.04
3 0.5042857142857143 0.19047619047619047 0.024285714285714285 0.04
3 0.3917857142857143 0.4380952380952381 0.030714285714285715 0.07809523809523809
3 0.5271428571428571 0.49238095238095236 0.04 0.10476190476190476
0 0.5796428571428571 0.5647619047619048 0.039285714285714285 0.0838095238095238
0 0.5564285714285714 0.8952380952380953 0.047142857142857146 0.14857142857142858
0 0.535 0.5852380952380952 0.037142857142857144 0.08095238095238096
3 0.5021428571428571 0.6095238095238096 0.037142857142857144 0.08571428571428572
0 0.5317857142857143 0.07761904761904762 0.019285714285714285 0.037142857142857144
0 0.5642857142857143 0.2733333333333333 0.054285714285714284 0.03238095238095238
0 0.5957142857142858 0.31761904761904763 0.06428571428571428 0.039047619047619046
0 0.525 0.05857142857142857 0.015714285714285715 0.029523809523809525
0 0.5910714285714286 0.3514285714285714 0.060714285714285714 0.049523809523809526
0 0.6203571428571428 0.39095238095238094 0.05357142857142857 0.040952380952380955
0 0.095 0.4257142857142857 0.07571428571428572 0.06666666666666667
0 0.03785714285714286 0.6842857142857143 0.07428571428571429 0.12285714285714286
