0 0.35214285714285715 0.7585714285714286 0.06714285714285714 0.08857142857142856
0 0.35 0.6695238095238095 0.047142857142857146 0.06666666666666667
0 0.3892857142857143 0.5833333333333334 0.02857142857142857 0.040952380952380955
0 0.4632142857142857 0.5157142857142857 0.02642857142857143 0.03333333333333333
0 0.41285714285714287 0.4976190476190476 0.02 0.02761904761904762
0 0.37607142857142856 0.49666666666666665 0.019285714285714285 0.029523809523809525
0 0.4092857142857143 0.4261904761904762 0.017142857142857144 0.023809523809523808
0 0.3821428571428571 0.4123809523809524 0.014285714285714285 0.022857142857142857
0 0.40535714285714286 0.38904761904761903 0.013571428571428571 0.014285714285714285
0 0.38785714285714284 0.35904761904761906 0.011428571428571429 0.011428571428571429
0 0.40785714285714286 0.35428571428571426 0.01 0.015238095238095238
0 0.6182142857142857 0.6542857142857142 0.07928571428571428 0.04
0 0.5314285714285715 0.5557142857142857 0.03142857142857143 0.04476190476190476
3 0.6960714285714286 0.6209523809523809 0.047857142857142855 0.045714285714285714
0 0.8210714285714286 0.6428571428571429 0.07071428571428572 0.0419047619047619
0 0.6578571428571428 0.6038095238095238 0.06571428571428571 0.03428571428571429
0 0.6464285714285715 0.5866666666666667 0.06571428571428571 0.03428571428571429
0 0.605 0.5142857142857142 0.045714285714285714 0.024761904761904763
0 0.5960714285714286 0.5 0.04214285714285714 0.02857142857142857
0 0.5728571428571428 0.4661904761904762 0.04 0.023809523809523808
0 0.5075 0.5109523809523809 0.02642857142857143 0.03142857142857143
0 0.38857142857142857 0.9285714285714286 0.10857142857142857 0.12380952380952381
0 0.13642857142857143 0.6619047619047619 0.07428571428571429 0.06285714285714286
0 0.9642857142857143 0.7980952380952381 0.07142857142857142 0.05523809523809524
1 0.8032142857142858 0.6895238095238095 0.10642857142857143 0.05523809523809524
0 0.32285714285714284 0.3661904761904762 0.011428571428571429 0.014285714285714285
0 0.3892857142857143 0.34523809523809523 0.008571428571428572 0.012380952380952381
0 0.3914285714285714 0.32761904761904764 0.008571428571428572 0.009523809523809525
0 0.4060714285714286 0.3295238095238095 0.007857142857142858 0.009523809523809525
0 0.37107142857142855 0.31523809523809526 0.007857142857142858 0.009523809523809525
0 0.35892857142857143 0.31476190476190474 0.0064285714285714285 0.008571428571428572
0 0.39357142857142857 0.30238095238095236 0.005714285714285714 0.006666666666666667
0 0.39535714285714285 0.2914285714285714 0.0064285714285714285 0.005714285714285714
0 0.36357142857142855 0.3038095238095238 0.005714285714285714 0.007619047619047619
0 0.4225 0.33476190476190476 0.007857142857142858 0.008571428571428572
0 0.42642857142857143 0.3476190476190476 0.008571428571428572 0.009523809523809525
0 0.43392857142857144 0.35904761904761906 0.009285714285714286 0.011428571428571429
0 0.57 0.4552380952380952 0.03428571428571429 0.01904761904761905
0 0.028214285714285713 0.5771428571428572 0.056428571428571425 0.0380952380952381
0 0.03678571428571428 0.5557142857142857 0.07071428571428572 0.035238095238095235
0 0.06535714285714286 0.5433333333333333 0.065 0.02761904761904762
0 0.075 0.5280952380952381 0.055714285714285716 0.025714285714285714
0 0.08357142857142857 0.5171428571428571 0.06 0.02666666666666667
0 0.1025 0.5057142857142857 0.056428571428571425 0.02666666666666667
0 0.10785714285714286 0.49523809523809526 0.05142857142857143 0.022857142857142857
0 0.015714285714285715 0.539047619047619 0.03142857142857143 0.0419047619047619
1 0.14714285714285713 0.5638095238095238 0.055714285714285716 0.06476190476190476
0 0.8971428571428571 0.6285714285714286 0.06285714285714286 0.04380952380952381
