0 0.73875 0.966 0.0525 0.06133333333333333
0 0.73325 0.9176666666666666 0.0585 0.07
0 0.7225 0.8696666666666667 0.056 0.056666666666666664
0 0.341 0.8323333333333334 0.051 0.026
0 0.34325 0.7983333333333333 0.0525 0.03
0 0.45025 0.817 0.0455 0.026
0 0.5035 0.82 0.048 0.025333333333333333
0 0.44775 0.7926666666666666 0.0485 0.028
0 0.50425 0.7923333333333333 0.0455 0.03133333333333333
0 0.45075 0.7696666666666667 0.0405 0.027333333333333334
0 0.503 0.7693333333333333 0.037 0.02666666666666667
0 0.4485 0.7483333333333333 0.041 0.026
0 0.44975 0.705 0.0415 0.024666666666666667
0 0.49925 0.7233333333333334 0.0495 0.030666666666666665
0 0.504 0.7023333333333334 0.044 0.024666666666666667
0 0.39425 0.712 0.0245 0.042666666666666665
0 0.5005 0.6833333333333333 0.039 0.028
0 0.45475 0.6666666666666666 0.0405 0.024
0 0.498 0.6643333333333333 0.039 0.022
0 0.4975 0.6473333333333333 0.039 0.021333333333333333
3 0.46275 0.6033333333333334 0.0295 0.021333333333333333
0 0.5105 0.603 0.035 0.023333333333333334
0 0.56275 0.6013333333333334 0.0405 0.02266666666666667
0 0.084 0.5886666666666667 0.023 0.029333333333333333
0 0.10125 0.5616666666666666 0.0195 0.027333333333333334
0 0.117 0.5356666666666666 0.018 0.023333333333333334
0 0.13375 0.51 0.0135 0.018666666666666668
3 0.455 0.6476666666666666 0.043 0.026
3 0.469 0.55 0.038 0.024
3 0.413 0.5176666666666667 0.013 0.026
0 0.46275 0.526 0.0285 0.018666666666666668
0 0.4655 0.514 0.031 0.016
0 0.464 0.492 0.027 0.017333333333333333
0 0.46925 0.48233333333333334 0.0305 0.014
0 0.4705 0.4723333333333333 0.03 0.015333333333333332
0 0.4745 0.45766666666666667 0.026 0.015333333333333332
0 0.4355 0.441 0.015 0.020666666666666667
3 0.47175 0.42833333333333334 0.0135 0.024666666666666667
0 0.43625 0.4236666666666667 0.0235 0.016666666666666666
0 0.45125 0.384 0.0115 0.017333333333333333
0 0.4835 0.412 0.024 0.010666666666666666
0 0.48425 0.405 0.0245 0.008666666666666666
0 0.4835 0.3983333333333333 0.022 0.012666666666666666
0 0.4735 0.381 0.01 0.016666666666666666
0 0.465 0.31333333333333335 0.01 0.018666666666666668
0 0.189 0.441 0.018 0.020666666666666667
0 0.1535 0.4063333333333333 0.018 0.018
0 0.196 0.39966666666666667 0.016 0.019333333333333334
3 0.21775 0.402 0.0165 0.02266666666666667
0 0.22925 0.39066666666666666 0.0135 0.02
0 0.2615 0.3253333333333333 0.014 0.016
0 0.27825 0.3243333333333333 0.0115 0.014
1 0.2425 0.36666666666666664 0.017 0.025333333333333333
0 0.22675 0.327 0.0145 0.018
0 0.26475 0.30966666666666665 0.0135 0.015333333333333332
0 0.2855 0.31233333333333335 0.012 0.014
0 0.293 0.30233333333333334 0.011 0.014
0 0.301 0.29333333333333333 0.01 0.012
0 0.29375 0.2916666666666667 0.0095 0.011333333333333334
0 0.29475 0.2763333333333333 0.0115 0.012666666666666666
0 0.314 0.2753333333333333 0.01 0.012
0 0.3205 0.26866666666666666 0.01 0.012
0 0.32675 0.2613333333333333 0.0095 0.012
0 0.33075 0.25266666666666665 0.0095 0.010666666666666666
0 0.3465 0.231 0.008 0.011333333333333334
0 0.3655 0.18966666666666668 0.006 0.01
0 0.3735 0.18866666666666668 0.006 0.009333333333333334
0 0.36875 0.18133333333333335 0.0045 0.008
0 0.38325 0.17966666666666667 0.0055 0.007333333333333333
0 0.39225 0.16066666666666668 0.0065 0.009333333333333334
0 0.38225 0.14533333333333334 0.0055 0.009333333333333334
0 0.36075 0.20033333333333334 0.0065 0.01
0 0.35625 0.197 0.0065 0.007333333333333333
0 0.3615 0.21933333333333332 0.01 0.013333333333333334
1 0.3735 0.17433333333333334 0.01 0.015333333333333332
0 0.398 0.136 0.005 0.010666666666666666
0 0.38875 0.13466666666666666 0.0055 0.006666666666666667
0 0.38225 0.13033333333333333 0.0065 0.006
0 0.422 0.10433333333333333 0.005 0.006
3 0.41375 0.11966666666666667 0.0085 0.006
0 0.387 0.111 0.005 0.004666666666666667
0 0.407 0.109 0.007 0.006
3 0.42325 0.07466666666666667 0.0035 0.005333333333333333
0 0.37925 0.11366666666666667 0.0085 0.006
0 0.38 0.15533333333333332 0.006 0.008
