0 0.6157142857142858 0.5938095238095238 0.06428571428571428 0.07333333333333333
0 0.7642857142857142 0.6876190476190476 0.08714285714285715 0.08190476190476191
0 0.3914285714285714 0.4533333333333333 0.06571428571428571 0.049523809523809526
0 0.5407142857142857 0.4876190476190476 0.02857142857142857 0.05714285714285714
0 0.09178571428571429 0.5266666666666666 0.075 0.045714285714285714
0 0.09857142857142857 0.4976190476190476 0.07 0.04285714285714286
0 0.5475 0.36857142857142855 0.027857142857142858 0.03428571428571429
0 0.07857142857142857 0.38476190476190475 0.054285714285714284 0.030476190476190476
0 0.5525 0.29619047619047617 0.020714285714285713 0.02666666666666667
0 0.5589285714285714 0.3380952380952381 0.023571428571428573 0.02857142857142857
0 0.5885714285714285 0.3423809523809524 0.022857142857142857 0.02761904761904762
0 0.9528571428571428 0.7733333333333333 0.09428571428571429 0.06476190476190476
0 0.7285714285714285 0.05714285714285714 0.004285714285714286 0.005714285714285714
0 0.7342857142857143 0.054285714285714284 0.004285714285714286 0.005714285714285714
0 0.7289285714285715 0.05142857142857143 0.0035714285714285713 0.0038095238095238095
0 0.7335714285714285 0.040952380952380955 0.004285714285714286 0.0038095238095238095
0 0.7335714285714285 0.03333333333333333 0.004285714285714286 0.005714285714285714
0 0.6882142857142857 0.0761904761904762 0.0064285714285714285 0.005714285714285714
0 0.6892857142857143 0.06857142857142857 0.005714285714285714 0.005714285714285714
0 0.7 0.058095238095238096 0.005714285714285714 0.005714285714285714
0 0.7021428571428572 0.05238095238095238 0.005714285714285714 0.005714285714285714
0 0.6703571428571429 0.10476190476190476 0.007857142857142858 0.009523809523809525
0 0.6657142857142857 0.12523809523809523 0.01 0.010476190476190476
0 0.6485714285714286 0.1376190476190476 0.01 0.010476190476190476
2 0.6464285714285715 0.15761904761904763 0.017142857142857144 0.02761904761904762
0 0.6585714285714286 0.1461904761904762 0.007142857142857143 0.010476190476190476
0 0.6817857142857143 0.10380952380952381 0.007857142857142858 0.007619047619047619
0 0.6889285714285714 0.08523809523809524 0.007857142857142858 0.008571428571428572
0 0.6810714285714285 0.07333333333333333 0.005 0.005714285714285714
0 0.6982142857142857 0.06714285714285714 0.005 0.004761904761904762
0 0.7378571428571429 0.034761904761904765 0.004285714285714286 0.006666666666666667
0 0.6942857142857143 0.07857142857142857 0.004285714285714286 0.006666666666666667
0 0.665 0.09571428571428571 0.005714285714285714 0.006666666666666667
0 0.6132142857142857 0.28476190476190477 0.016428571428571428 0.024761904761904763
0 0.7335714285714285 0.04666666666666667 0.004285714285714286 0.005714285714285714
