3 0.10642857142857143 0.5057142857142857 0.04285714285714286 0.02857142857142857
3 0.5946428571428571 0.9638095238095238 0.029285714285714286 0.07238095238095238
3 0.5332142857142858 0.019523809523809523 0.007857142857142858 0.014285714285714285
3 0.5164285714285715 0.16714285714285715 0.008571428571428572 0.029523809523809525
3 0.515 0.14952380952380953 0.011428571428571429 0.022857142857142857
3 0.5114285714285715 0.05333333333333334 0.008571428571428572 0.01904761904761905
3 0.5107142857142857 0.03761904761904762 0.01 0.02
0 0.5807142857142857 0.5204761904761904 0.041428571428571426 0.025714285714285714
0 0.4825 0.5038095238095238 0.04214285714285714 0.02666666666666667
0 0.20892857142857144 0.5076190476190476 0.04214285714285714 0.02666666666666667
0 0.014642857142857143 0.5042857142857143 0.029285714285714286 0.023809523809523808
0 0.5546428571428571 0.40285714285714286 0.017857142857142856 0.03619047619047619
0 0.5939285714285715 0.3438095238095238 0.015 0.02857142857142857
0 0.5232142857142857 0.35904761904761906 0.015 0.030476190476190476
0 0.5217857142857143 0.2619047619047619 0.013571428571428571 0.024761904761904763
0 0.5117857142857143 0.09333333333333334 0.009285714285714286 0.01904761904761905
0 0.5139285714285714 0.07857142857142857 0.007857142857142858 0.021904761904761906
0 0.5125 0.06904761904761905 0.0064285714285714285 0.014285714285714285
0 0.5614285714285714 0.12380952380952381 0.018571428571428572 0.017142857142857144
0 0.5578571428571428 0.09476190476190476 0.01 0.01619047619047619
0 0.5553571428571429 0.08095238095238096 0.010714285714285714 0.015238095238095238
0 0.5528571428571428 0.0680952380952381 0.011428571428571429 0.01619047619047619
0 0.5346428571428572 0.04904761904761905 0.007857142857142858 0.02
0 0.5153571428571428 0.13285714285714287 0.009285714285714286 0.02
1 0.5125 0.11333333333333333 0.009285714285714286 0.02095238095238095
3 0.5885714285714285 0.10523809523809524 0.02142857142857143 0.014285714285714285
0 0.8667857142857143 0.46714285714285714 0.04214285714285714 0.021904761904761906
