3 0.6945 0.9126666666666666 0.056 0.128
3 0.881 0.9783333333333334 0.084 0.043333333333333335
0 0.8855 0.923 0.136 0.114
0 0.8255 0.8173333333333334 0.111 0.06933333333333333
0 0.9655 0.8026666666666666 0.069 0.06266666666666666
0 0.6275 0.788 0.015 0.042666666666666665
0 0.65075 0.6256666666666667 0.0415 0.06066666666666667
3 0.5715 0.621 0.031 0.06333333333333334
3 0.32375 0.44433333333333336 0.0425 0.03
0 0.3195 0.43166666666666664 0.038 0.019333333333333334
0 0.3305 0.42533333333333334 0.038 0.018666666666666668
0 0.28425 0.44166666666666665 0.0315 0.022
