0 0.7985 0.753 0.103 0.13
0 0.58725 0.7376666666666667 0.0755 0.11533333333333333
3 0.9305 0.5556666666666666 0.081 0.094
0 0.6965 0.5956666666666667 0.078 0.106
0 0.6345 0.493 0.068 0.08066666666666666
0 0.505 0.5126666666666667 0.049 0.07866666666666666
0 0.4825 0.44166666666666665 0.046 0.066
0 0.45775 0.37266666666666665 0.0395 0.048
3 0.5905 0.4086666666666667 0.044 0.072
3 0.559 0.363 0.044 0.05266666666666667
0 0.5275 0.321 0.04 0.04466666666666667
0 0.50625 0.2803333333333333 0.0355 0.038
0 0.483 0.24833333333333332 0.029 0.03133333333333333
0 0.4375 0.325 0.032 0.046
0 0.42225 0.285 0.0285 0.042
0 0.4115 0.25033333333333335 0.027 0.034
0 0.67925 0.301 0.0595 0.035333333333333335
0 0.73725 0.12 0.0335 0.017333333333333333
0 0.719 0.113 0.031 0.023333333333333334
0 0.4605 0.194 0.026 0.030666666666666665
3 0.39725 0.218 0.0195 0.032
3 0.3905 0.19766666666666666 0.018 0.03266666666666666
0 0.38525 0.18066666666666667 0.0185 0.02666666666666667
0 0.37875 0.16466666666666666 0.0265 0.02266666666666667
0 0.449 0.147 0.015 0.019333333333333334
0 0.42675 0.15 0.0195 0.02266666666666667
0 0.39975 0.14966666666666667 0.0185 0.022
0 0.4185 0.13466666666666666 0.017 0.018666666666666668
3 0.41075 0.11766666666666667 0.0155 0.026
0 0.38325 0.11766666666666667 0.0155 0.018
0 0.40075 0.10866666666666666 0.0135 0.018666666666666668
0 0.3975 0.09966666666666667 0.013 0.016666666666666666
0 0.39225 0.08966666666666667 0.0125 0.016666666666666666
0 0.386 0.08333333333333333 0.012 0.016
0 0.37775 0.06866666666666667 0.0125 0.013333333333333334
0 0.3695 0.14933333333333335 0.017 0.02266666666666667
0 0.36375 0.134 0.0165 0.02266666666666667
0 0.35925 0.12133333333333333 0.0145 0.02266666666666667
0 0.346 0.08366666666666667 0.012 0.015333333333333332
0 0.33675 0.059 0.0105 0.015333333333333332
1 0.37275 0.059 0.0175 0.016666666666666666
3 0.3655 0.047 0.009 0.015333333333333332
0 0.36125 0.044 0.0085 0.013333333333333334
0 0.35925 0.037 0.0085 0.011333333333333334
0 0.34875 0.04733333333333333 0.0105 0.012
1 0.3315 0.042666666666666665 0.011 0.017333333333333333
0 0.326 0.031 0.008 0.008666666666666666
3 0.31975 0.016 0.0105 0.013333333333333334
0 0.3135 0.008 0.013 0.008
0 0.3505 0.023 0.007 0.008666666666666666
0 0.34725 0.019333333333333334 0.0075 0.010666666666666666
0 0.34575 0.014666666666666666 0.0055 0.009333333333333334
3 0.3545 0.029333333333333333 0.009 0.014666666666666666
0 0.343 0.012 0.006 0.008
0 0.34275 0.0033333333333333335 0.0175 0.006666666666666667
3 0.05325 0.024 0.0205 0.012
0 0.043 0.02266666666666667 0.013 0.009333333333333334
0 0.03125 0.024333333333333332 0.0175 0.008666666666666666
0 0.04225 0.039 0.0205 0.01
0 0.03875 0.035 0.0165 0.007333333333333333
3 0.033 0.03333333333333333 0.014 0.009333333333333334
0 0.02825 0.03333333333333333 0.0125 0.010666666666666666
0 0.02275 0.033 0.0145 0.008666666666666666
0 0.01825 0.03266666666666666 0.0155 0.009333333333333334
3 0.00425 0.049 0.0085 0.016666666666666666
3 0.01175 0.03 0.0135 0.010666666666666666
0 0.0055 0.031 0.011 0.01
