1 0.15607142857142858 0.15619047619047619 0.016428571428571428 0.011428571428571429
0 0.16964285714285715 0.1519047619047619 0.015 0.010476190476190476
0 0.18714285714285714 0.1442857142857143 0.012857142857142857 0.008571428571428572
0 0.19678571428571429 0.14047619047619048 0.013571428571428571 0.008571428571428572
0 0.20464285714285715 0.13904761904761906 0.012142857142857143 0.011428571428571429
0 0.21071428571428572 0.13333333333333333 0.011428571428571429 0.009523809523809525
0 0.18392857142857144 0.18142857142857144 0.019285714285714285 0.014285714285714285
0 0.1575 0.1880952380952381 0.017857142857142856 0.012380952380952381
0 0.20142857142857143 0.1742857142857143 0.02142857142857143 0.015238095238095238
0 0.21678571428571428 0.16904761904761906 0.016428571428571428 0.014285714285714285
0 0.1792857142857143 0.29 0.02857142857142857 0.02
0 0.2125 0.2966666666666667 0.027857142857142858 0.02
0 0.25142857142857145 0.30523809523809525 0.025714285714285714 0.02
1 0.28464285714285714 0.31047619047619046 0.035 0.022857142857142857
3 0.2517857142857143 0.2623809523809524 0.025 0.018095238095238095
0 0.3225 0.3361904761904762 0.03642857142857143 0.02095238095238095
0 0.25821428571428573 0.3519047619047619 0.035 0.025714285714285714
0 0.3335714285714286 0.35333333333333333 0.03142857142857143 0.024761904761904763
0 0.2017857142857143 0.39476190476190476 0.03357142857142857 0.025714285714285714
0 0.22357142857142856 0.4004761904761905 0.02857142857142857 0.029523809523809525
0 0.24392857142857144 0.40476190476190477 0.027857142857142858 0.030476190476190476
0 0.26035714285714284 0.41 0.030714285714285715 0.03142857142857143
0 0.2817857142857143 0.4123809523809524 0.02642857142857143 0.02666666666666667
0 0.30142857142857143 0.4166666666666667 0.032857142857142856 0.025714285714285714
0 0.32321428571428573 0.4228571428571429 0.02642857142857143 0.024761904761904763
0 0.35214285714285715 0.42333333333333334 0.03 0.029523809523809525
0 0.26857142857142857 0.490952380952381 0.032857142857142856 0.035238095238095235
0 0.29035714285714287 0.518095238095238 0.039285714285714285 0.03428571428571429
0 0.30892857142857144 0.5295238095238095 0.047857142857142855 0.04
0 0.3182142857142857 0.5576190476190476 0.055 0.029523809523809525
0 0.20464285714285715 0.7152380952380952 0.056428571428571425 0.05333333333333334
0 0.15 0.7966666666666666 0.06857142857142857 0.04666666666666667
0 0.12142857142857143 0.8361904761904762 0.07142857142857142 0.05523809523809524
0 0.08 0.8819047619047619 0.07571428571428572 0.05523809523809524
0 0.21464285714285714 0.9580952380952381 0.06928571428571428 0.06666666666666667
0 0.24607142857142858 0.9080952380952381 0.08357142857142857 0.07523809523809524
0 0.2742857142857143 0.8566666666666667 0.08 0.06380952380952382
0 0.2935714285714286 0.8147619047619048 0.06571428571428571 0.06
0 0.3157142857142857 0.7704761904761904 0.06428571428571428 0.05714285714285714
0 0.3367857142857143 0.7309523809523809 0.06357142857142857 0.04857142857142857
0 0.3475 0.6985714285714286 0.05785714285714286 0.04285714285714286
0 0.3607142857142857 0.9552380952380952 0.06285714285714286 0.08952380952380952
0 0.36392857142857143 0.6704761904761904 0.055 0.04380952380952381
0 0.39464285714285713 0.6133333333333333 0.05071428571428571 0.03238095238095238
0 0.405 0.5942857142857143 0.045714285714285714 0.03238095238095238
0 0.4207142857142857 0.5742857142857143 0.05142857142857143 0.03428571428571429
0 0.435 0.5290476190476191 0.045714285714285714 0.029523809523809525
0 0.4467857142857143 0.5104761904761905 0.03642857142857143 0.02666666666666667
0 0.45321428571428574 0.490952380952381 0.045 0.03333333333333333
0 0.37107142857142855 0.4342857142857143 0.027857142857142858 0.03619047619047619
0 0.3921428571428571 0.43761904761904763 0.03 0.040952380952380955
0 0.41464285714285715 0.44333333333333336 0.030714285714285715 0.035238095238095235
0 0.4375 0.45380952380952383 0.025 0.029523809523809525
0 0.4632142857142857 0.45380952380952383 0.023571428571428573 0.03142857142857143
1 0.3246428571428571 0.20285714285714285 0.019285714285714285 0.015238095238095238
0 0.4085714285714286 0.3680952380952381 0.03571428571428571 0.025714285714285714
0 0.43857142857142856 0.3566666666666667 0.03571428571428571 0.021904761904761906
0 0.4775 0.4004761904761905 0.03214285714285714 0.023809523809523808
0 0.4903571428571429 0.38857142857142857 0.03642857142857143 0.02857142857142857
3 0.5678571428571428 0.2923809523809524 0.015714285714285715 0.022857142857142857
0 0.6817857142857143 0.1295238095238095 0.013571428571428571 0.009523809523809525
0 0.6807142857142857 0.13666666666666666 0.014285714285714285 0.010476190476190476
0 0.6771428571428572 0.14238095238095239 0.017142857142857144 0.010476190476190476
0 0.6742857142857143 0.1523809523809524 0.018571428571428572 0.011428571428571429
0 0.6667857142857143 0.16238095238095238 0.017857142857142856 0.008571428571428572
0 0.6664285714285715 0.1680952380952381 0.018571428571428572 0.008571428571428572
0 0.6603571428571429 0.17714285714285713 0.019285714285714285 0.009523809523809525
3 0.6639285714285714 0.21333333333333335 0.025 0.015238095238095238
3 0.6710714285714285 0.20047619047619047 0.0064285714285714285 0.012380952380952381
3 0.6153571428571428 0.24142857142857144 0.015 0.012380952380952381
0 0.7653571428571428 0.029047619047619048 0.0064285714285714285 0.008571428571428572
0 0.7610714285714286 0.056666666666666664 0.0064285714285714285 0.010476190476190476
2 0.7410714285714286 0.02142857142857143 0.0064285714285714285 0.014285714285714285
0 0.7264285714285714 0.05142857142857143 0.012857142857142857 0.009523809523809525
0 0.7228571428571429 0.05714285714285714 0.012857142857142857 0.007619047619047619
0 0.7207142857142858 0.06952380952380953 0.01 0.007619047619047619
0 0.7310714285714286 0.13 0.010714285714285714 0.010476190476190476
0 0.7267857142857143 0.14285714285714285 0.009285714285714286 0.011428571428571429
0 0.7489285714285714 0.0761904761904762 0.007857142857142858 0.009523809523809525
0 0.8060714285714285 0.08714285714285715 0.005 0.008571428571428572
0 0.8071428571428572 0.11761904761904762 0.005714285714285714 0.008571428571428572
0 0.8060714285714285 0.10809523809523809 0.005 0.008571428571428572
0 0.8096428571428571 0.16238095238095238 0.007857142857142858 0.012380952380952381
0 0.8092857142857143 0.17238095238095238 0.007142857142857143 0.007619047619047619
0 0.81 0.17952380952380953 0.007142857142857143 0.008571428571428572
0 0.8110714285714286 0.18761904761904763 0.007857142857142858 0.009523809523809525
0 0.8125 0.1976190476190476 0.010714285714285714 0.012380952380952381
0 0.8114285714285714 0.2123809523809524 0.01 0.015238095238095238
0 0.8121428571428572 0.22666666666666666 0.01 0.015238095238095238
0 0.8139285714285714 0.25476190476190474 0.012142857142857143 0.012380952380952381
0 0.8153571428571429 0.26904761904761904 0.012142857142857143 0.014285714285714285
0 0.8171428571428572 0.28476190476190477 0.011428571428571429 0.017142857142857144
0 0.82 0.35095238095238096 0.015714285714285715 0.023809523809523808
3 0.7003571428571429 0.32571428571428573 0.013571428571428571 0.024761904761904763
0 0.8539285714285715 0.33476190476190476 0.010714285714285714 0.02
0 0.8778571428571429 0.35333333333333333 0.017142857142857144 0.02666666666666667
0 0.8421428571428572 0.45380952380952383 0.045714285714285714 0.025714285714285714
0 0.9075 0.44952380952380955 0.04214285714285714 0.02666666666666667
0 0.9832142857142857 0.48 0.03357142857142857 0.022857142857142857
0 0.9607142857142857 0.3261904761904762 0.014285714285714285 0.012380952380952381
0 0.9457142857142857 0.5528571428571428 0.032857142857142856 0.035238095238095235
0 0.9764285714285714 0.5557142857142857 0.02142857142857143 0.02761904761904762
0 0.8964285714285715 0.699047619047619 0.03 0.05523809523809524
0 0.8371428571428572 0.6804761904761905 0.027142857142857142 0.05619047619047619
0 0.9107142857142857 0.7638095238095238 0.032857142857142856 0.07238095238095238
0 0.8421428571428572 0.7471428571428571 0.03142857142857143 0.07142857142857142
0 0.8439285714285715 0.82 0.030714285714285715 0.06476190476190476
0 0.8464285714285714 0.900952380952381 0.03 0.08190476190476191
0 0.7110714285714286 0.5771428571428572 0.02214285714285714 0.045714285714285714
0 0.7032142857142857 0.6319047619047619 0.025 0.054285714285714284
0 0.6964285714285714 0.6928571428571428 0.02857142857142857 0.06
0 0.6878571428571428 0.7676190476190476 0.03142857142857143 0.07047619047619047
0 0.6675 0.9495238095238095 0.035 0.08190476190476191
0 0.6746428571428571 0.5604761904761905 0.023571428571428573 0.039047619047619046
