0 0.45357142857142857 0.570952380952381 0.11714285714285715 0.06952380952380953
0 0.5367857142857143 0.4614285714285714 0.07928571428571428 0.07904761904761905
0 0.8992857142857142 0.6233333333333333 0.11571428571428571 0.07714285714285714
0 0.4764285714285714 0.14333333333333334 0.024285714285714285 0.04666666666666667
0 0.43464285714285716 0.15523809523809523 0.030714285714285715 0.03619047619047619
0 0.28785714285714287 0.14476190476190476 0.03 0.045714285714285714
3 0.31035714285714283 0.08619047619047619 0.023571428571428573 0.040952380952380955
3 0.3217857142857143 0.05523809523809524 0.02214285714285714 0.04
1 0.3292857142857143 0.027142857142857142 0.02857142857142857 0.04666666666666667
2 0.41535714285714287 0.020476190476190478 0.02642857142857143 0.040952380952380955
3 0.7571428571428571 0.6409523809523809 0.10428571428571429 0.08190476190476191
