0 0.2885714285714286 0.9580952380952381 0.04 0.08190476190476191
3 0.37607142857142856 0.8638095238095238 0.039285714285714285 0.12
3 0.3703571428571429 0.46 0.03357142857142857 0.09523809523809523
0 0.37464285714285717 0.3342857142857143 0.03785714285714286 0.10285714285714286
3 0.37892857142857145 0.20904761904761904 0.04071428571428572 0.1019047619047619
0 0.5071428571428571 0.04380952380952381 0.03142857142857143 0.08761904761904762
0 0.5157142857142857 0.37714285714285717 0.03428571428571429 0.09714285714285714
0 0.5203571428571429 0.5142857142857142 0.035 0.09714285714285714
0 0.5189285714285714 0.6480952380952381 0.035 0.11523809523809524
0 0.5142857142857142 0.789047619047619 0.03428571428571429 0.10952380952380952
0 0.5246428571428572 0.929047619047619 0.03642857142857143 0.13047619047619047
