0 0.27464285714285713 0.5795238095238096 0.0064285714285714285 0.014285714285714285
0 0.28285714285714286 0.6171428571428571 0.014285714285714285 0.022857142857142857
0 0.2775 0.6090476190476191 0.012142857142857143 0.018095238095238095
0 0.26857142857142857 0.6104761904761905 0.011428571428571429 0.017142857142857144
0 0.22642857142857142 0.6290476190476191 0.011428571428571429 0.01619047619047619
0 0.19857142857142857 0.6923809523809524 0.018571428571428572 0.017142857142857144
0 0.18892857142857142 0.7061904761904761 0.016428571428571428 0.021904761904761906
0 0.17035714285714285 0.7428571428571429 0.023571428571428573 0.022857142857142857
0 0.16142857142857142 0.7666666666666667 0.02 0.02095238095238095
0 0.14285714285714285 0.8057142857142857 0.02 0.022857142857142857
0 0.13607142857142857 0.8152380952380952 0.019285714285714285 0.01904761904761905
0 0.12857142857142856 0.8314285714285714 0.02857142857142857 0.03619047619047619
0 0.2714285714285714 0.6647619047619048 0.014285714285714285 0.02666666666666667
0 0.24928571428571428 0.7033333333333334 0.017142857142857144 0.03142857142857143
0 0.22357142857142856 0.799047619047619 0.025714285714285714 0.047619047619047616
0 0.1675 0.9085714285714286 0.03214285714285714 0.06285714285714286
0 0.09142857142857143 0.9076190476190477 0.02857142857142857 0.030476190476190476
0 0.07892857142857143 0.9352380952380952 0.029285714285714286 0.03428571428571429
0 0.7614285714285715 0.5514285714285714 0.12142857142857143 0.14476190476190476
0 0.7721428571428571 0.4742857142857143 0.10714285714285714 0.12380952380952381
0 0.9282142857142858 0.48238095238095235 0.14357142857142857 0.16095238095238096
0 0.9317857142857143 0.36047619047619045 0.13642857142857143 0.15142857142857144
0 0.9082142857142858 0.32904761904761903 0.12214285714285714 0.13047619047619047
