0 0.223 0.4083333333333333 0.04 0.019333333333333334
0 0.65575 0.9796666666666667 0.0345 0.04066666666666666
0 0.61825 0.9663333333333334 0.0405 0.06733333333333333
0 0.96125 0.956 0.0435 0.088
0 0.92625 0.9616666666666667 0.0365 0.07666666666666666
0 0.89175 0.866 0.0535 0.04533333333333334
0 0.85475 0.9023333333333333 0.0605 0.042
0 0.96575 0.7653333333333333 0.0465 0.064
0 0.94225 0.7753333333333333 0.0475 0.06533333333333333
0 0.91125 0.72 0.0525 0.03866666666666667
0 0.88975 0.6916666666666667 0.0525 0.038
0 0.81825 0.6773333333333333 0.0505 0.050666666666666665
0 0.77425 0.6366666666666667 0.0425 0.044
0 0.86025 0.7976666666666666 0.0485 0.06866666666666667
0 0.83425 0.811 0.0485 0.06866666666666667
0 0.80125 0.8163333333333334 0.0575 0.074
3 0.74275 0.7593333333333333 0.0455 0.037333333333333336
0 0.72 0.7363333333333333 0.049 0.034
0 0.77125 0.7243333333333334 0.0515 0.03933333333333333
0 0.74525 0.68 0.0405 0.05733333333333333
0 0.70375 0.6923333333333334 0.0535 0.03266666666666666
0 0.6895 0.6606666666666666 0.053 0.030666666666666665
0 0.67925 0.636 0.0515 0.02666666666666667
0 0.66225 0.6123333333333333 0.0515 0.03
0 0.656 0.5846666666666667 0.042 0.034666666666666665
0 0.7295 0.5913333333333334 0.034 0.04133333333333333
0 0.5935 0.744 0.031 0.06
0 0.526 0.7523333333333333 0.028 0.056666666666666664
0 0.47 0.8263333333333334 0.028 0.07266666666666667
0 0.651 0.49533333333333335 0.032 0.037333333333333336
1 0.63875 0.45366666666666666 0.0475 0.04466666666666667
0 0.613 0.42933333333333334 0.026 0.03333333333333333
1 0.59475 0.3993333333333333 0.0275 0.036
0 0.57675 0.33866666666666667 0.0145 0.025333333333333333
0 0.5815 0.31966666666666665 0.034 0.019333333333333334
0 0.58075 0.309 0.0295 0.015333333333333332
0 0.56025 0.292 0.0135 0.02666666666666667
0 0.55875 0.27266666666666667 0.0145 0.02266666666666667
0 0.5575 0.25333333333333335 0.013 0.02266666666666667
0 0.5665 0.241 0.012 0.020666666666666667
0 0.5515 0.18733333333333332 0.022 0.013333333333333334
0 0.5775 0.185 0.026 0.015333333333333332
0 0.6925 0.5426666666666666 0.042 0.044
0 0.53975 0.21166666666666667 0.0125 0.020666666666666667
3 0.53125 0.19233333333333333 0.0115 0.016666666666666666
0 0.541 0.3303333333333333 0.014 0.026
0 0.53675 0.30733333333333335 0.0135 0.024
0 0.52775 0.287 0.0135 0.022
0 0.521 0.264 0.012 0.018666666666666668
