0 0.585 0.4633333333333333 0.06 0.04476190476190476
0 0.6425 0.39571428571428574 0.047857142857142855 0.037142857142857144
0 0.5746428571428571 0.4061904761904762 0.047857142857142855 0.039047619047619046
0 0.6210714285714286 0.37857142857142856 0.04214285714285714 0.035238095238095235
0 0.7846428571428572 0.3280952380952381 0.035 0.02761904761904762
0 0.7467857142857143 0.32285714285714284 0.03214285714285714 0.02857142857142857
0 0.7875 0.2923809523809524 0.03214285714285714 0.024761904761904763
0 0.7892857142857143 0.23857142857142857 0.03 0.021904761904761906
0 0.825 0.2723809523809524 0.02857142857142857 0.02095238095238095
0 0.8467857142857143 0.2823809523809524 0.02642857142857143 0.021904761904761906
0 0.4853571428571429 0.34809523809523807 0.03642857142857143 0.03142857142857143
0 0.05821428571428571 0.4638095238095238 0.052142857142857144 0.04380952380952381
0 0.01892857142857143 0.43476190476190474 0.03785714285714286 0.039047619047619046
3 0.30642857142857144 0.36523809523809525 0.041428571428571426 0.035238095238095235
0 0.4164285714285714 0.36857142857142855 0.04857142857142857 0.024761904761904763
0 0.4421428571428571 0.3538095238095238 0.03857142857142857 0.025714285714285714
0 0.4732142857142857 0.3395238095238095 0.03357142857142857 0.025714285714285714
0 0.4546428571428571 0.3361904761904762 0.03357142857142857 0.02857142857142857
0 0.44142857142857145 0.3304761904761905 0.037142857142857144 0.03238095238095238
0 0.5528571428571428 0.3138095238095238 0.03571428571428571 0.023809523809523808
0 0.5357142857142857 0.30523809523809525 0.03428571428571429 0.025714285714285714
0 0.5196428571428572 0.3038095238095238 0.030714285714285715 0.024761904761904763
0 0.7582142857142857 0.2219047619047619 0.02214285714285714 0.013333333333333334
0 0.04964285714285714 0.7 0.09928571428571428 0.10666666666666667
