0 0.23785714285714285 0.17952380952380953 0.027142857142857142 0.05238095238095238
0 0.4160714285714286 0.3442857142857143 0.03785714285714286 0.07523809523809524
0 0.4639285714285714 0.5928571428571429 0.047857142857142855 0.10761904761904761
0 0.3892857142857143 0.8023809523809524 0.055714285714285716 0.1419047619047619
0 0.5289285714285714 0.9238095238095239 0.05785714285714286 0.14857142857142858
0 0.5296428571428572 0.43333333333333335 0.045 0.08190476190476191
0 0.6060714285714286 0.3638095238095238 0.027857142857142858 0.047619047619047616
0 0.6503571428571429 0.7952380952380952 0.06928571428571428 0.12380952380952381
0 0.7682142857142857 0.5695238095238095 0.052142857142857144 0.08952380952380952
0 0.36642857142857144 0.28523809523809524 0.03142857142857143 0.06761904761904762
0 0.07857142857142857 0.023809523809523808 0.045714285714285714 0.04
3 0.21785714285714286 0.32857142857142857 0.03428571428571429 0.07428571428571429
3 0.3107142857142857 0.04 0.022857142857142857 0.05333333333333334
3 0.5610714285714286 0.3523809523809524 0.03642857142857143 0.06476190476190476
3 0.5939285714285715 0.8161904761904762 0.055 0.11619047619047619
0 0.88 0.8014285714285714 0.09714285714285714 0.1380952380952381
2 0.6921428571428572 0.35619047619047617 0.11285714285714285 0.19047619047619047
0 0.5296428571428572 0.11 0.027857142857142858 0.039047619047619046
0 0.48678571428571427 0.008095238095238095 0.025 0.01619047619047619
0 0.04178571428571429 0.36428571428571427 0.08214285714285714 0.04857142857142857
