1 0.046189979123173276 0.36688311688311687 0.05793319415448852 0.06771799628942486
0 0.13778705636743216 0.38636363636363635 0.05636743215031315 0.04916512059369202
3 0.15605427974947808 0.3984230055658627 0.061586638830897704 0.05287569573283859
0 0.19076200417536535 0.4165120593692022 0.054801670146137786 0.04823747680890538
0 0.2160751565762004 0.4332096474953618 0.05845511482254697 0.055658627087198514
0 0.21163883089770355 0.5324675324675324 0.06732776617954071 0.061224489795918366
0 0.027400835073068893 0.5324675324675324 0.05375782881002088 0.07235621521335807
3 0.12212943632567849 0.6363636363636364 0.09081419624217119 0.10575139146567718
0 0.8828288100208769 0.5681818181818182 0.054801670146137786 0.06771799628942486
0 0.7948851774530271 0.4619666048237477 0.04175365344467641 0.055658627087198514
0 0.7776617954070981 0.4253246753246753 0.03653444676409186 0.04359925788497217
0 0.761482254697286 0.3868274582560297 0.028183716075156576 0.04081632653061224
0 0.7432150313152401 0.35064935064935066 0.027139874739039668 0.029684601113172542
3 0.6784968684759917 0.4897959183673469 0.032359081419624215 0.07606679035250463
3 0.6711899791231732 0.4355287569573284 0.027139874739039668 0.05102040816326531
0 0.6586638830897703 0.38311688311688313 0.024008350730688934 0.055658627087198514
0 0.5887265135699373 0.511595547309833 0.055323590814196244 0.06957328385899815
0 0.6046450939457203 0.2012987012987013 0.015135699373695199 0.025974025974025976
0 0.6461377870563675 0.32606679035250463 0.019832985386221295 0.05102040816326531
1 0.9514613778705637 0.24257884972170687 0.028183716075156576 0.021335807050092765
3 0.9856471816283925 0.24675324675324675 0.027661795407098122 0.027829313543599257
