0 0.5378571428571428 0.9280952380952381 0.024285714285714285 0.06571428571428571
0 0.5303571428571429 0.8576190476190476 0.020714285714285713 0.05619047619047619
0 0.47 0.7957142857142857 0.017142857142857144 0.04857142857142857
0 0.5235714285714286 0.809047619047619 0.018571428571428572 0.040952380952380955
0 0.4675 0.7504761904761905 0.017857142857142856 0.04
0 0.515 0.7195238095238096 0.012857142857142857 0.029523809523809525
0 0.5092857142857142 0.6776190476190476 0.017142857142857144 0.03333333333333333
0 0.43607142857142855 0.6476190476190476 0.029285714285714286 0.017142857142857144
0 0.43357142857142855 0.6138095238095238 0.027142857142857142 0.01619047619047619
0 0.43464285714285716 0.5852380952380952 0.029285714285714286 0.01619047619047619
0 0.4332142857142857 0.5714285714285714 0.025 0.013333333333333334
0 0.43392857142857144 0.5623809523809524 0.023571428571428573 0.012380952380952381
0 0.4332142857142857 0.5233333333333333 0.019285714285714285 0.014285714285714285
0 0.46535714285714286 0.5585714285714286 0.012142857142857143 0.02761904761904762
0 0.45107142857142857 0.5219047619047619 0.010714285714285714 0.022857142857142857
0 0.44785714285714284 0.38666666666666666 0.007142857142857143 0.011428571428571429
0 0.44892857142857145 0.3761904761904762 0.005 0.007619047619047619
0 0.4667857142857143 0.4014285714285714 0.012142857142857143 0.010476190476190476
0 0.4492857142857143 0.4176190476190476 0.007142857142857143 0.01619047619047619
0 0.4764285714285714 0.4614285714285714 0.008571428571428572 0.018095238095238095
1 0.48964285714285716 0.9595238095238096 0.020714285714285713 0.08095238095238096
1 0.4475 0.6766666666666666 0.03357142857142857 0.029523809523809525
1 0.4317857142857143 0.48523809523809525 0.02214285714285714 0.021904761904761906
1 0.43357142857142855 0.5028571428571429 0.018571428571428572 0.015238095238095238
1 0.44892857142857145 0.45285714285714285 0.009285714285714286 0.025714285714285714
1 0.5096428571428572 0.6004761904761905 0.03357142857142857 0.025714285714285714
