2 0.4764285714285714 0.108502538071066 0.014285714285714285 0.03426395939086294
2 0.5053571428571428 0.09644670050761421 0.017857142857142856 0.04060913705583756
2 0.515 0.1034263959390863 0.014285714285714285 0.03934010152284264
2 0.5257142857142857 0.018401015228426396 0.011428571428571429 0.03680203045685279
2 0.5360714285714285 0.01967005076142132 0.012142857142857143 0.03680203045685279
2 0.5660714285714286 0.023477157360406092 0.03785714285714286 0.046954314720812185
2 0.5657142857142857 0.03489847715736041 0.027142857142857142 0.04187817258883249
2 0.5571428571428572 0.04187817258883249 0.03571428571428571 0.04568527918781726
2 0.5571428571428572 0.053934010152284266 0.03571428571428571 0.044416243654822336
2 0.5592857142857143 0.06916243654822335 0.03428571428571429 0.046954314720812185
2 0.5510714285714285 0.07550761421319797 0.039285714285714285 0.04187817258883249
2 0.5607142857142857 0.09898477157360407 0.022857142857142857 0.030456852791878174
2 0.5542857142857143 0.10723350253807107 0.027142857142857142 0.03680203045685279
2 0.5489285714285714 0.11802030456852793 0.039285714285714285 0.048223350253807105
2 0.5453571428571429 0.12944162436548223 0.039285714285714285 0.04568527918781726
2 0.5467857142857143 0.14403553299492386 0.03642857142857143 0.044416243654822336
2 0.6503571428571429 0.060279187817258884 0.02214285714285714 0.06725888324873096
0 0.6103571428571428 0.012690355329949238 0.009285714285714286 0.017766497461928935
0 0.6135714285714285 0.04060913705583756 0.01 0.02030456852791878
3 0.63 0.0932741116751269 0.01 0.021573604060913704
3 0.6621428571428571 0.1598984771573604 0.011428571428571429 0.025380710659898477
0 0.6171428571428571 0.19416243654822335 0.018571428571428572 0.015228426395939087
0 0.8282142857142857 0.17385786802030456 0.017857142857142856 0.02030456852791878
0 0.6878571428571428 0.19923857868020303 0.012857142857142857 0.025380710659898477
0 0.6710714285714285 0.2366751269035533 0.013571428571428571 0.0266497461928934
0 0.7267857142857143 0.3280456852791878 0.015 0.031725888324873094
0 0.7060714285714286 0.3623096446700508 0.015 0.02918781725888325
0 0.7957142857142857 0.46256345177664976 0.02142857142857143 0.01903553299492386
2 0.7810714285714285 0.49619289340101524 0.04071428571428572 0.1116751269035533
3 0.9492857142857143 0.44416243654822335 0.025714285714285714 0.02284263959390863
0 0.9239285714285714 0.2430203045685279 0.020714285714285713 0.01649746192893401
3 0.9089285714285714 0.21065989847715735 0.019285714285714285 0.02030456852791878
3 0.8585714285714285 0.7868020304568528 0.022857142857142857 0.05583756345177665
2 0.7103571428571429 0.5025380710659898 0.04357142857142857 0.03807106598984772
3 0.6664285714285715 0.5209390862944162 0.024285714285714285 0.024111675126903553
3 0.5507142857142857 0.4200507614213198 0.02142857142857143 0.02284263959390863
0 0.6264285714285714 0.5336294416243654 0.024285714285714285 0.021573604060913704
0 0.4525 0.49428934010152287 0.020714285714285713 0.024111675126903553
3 0.38571428571428573 0.5602791878172588 0.022857142857142857 0.02918781725888325
2 0.49607142857142855 0.6275380710659898 0.05928571428571429 0.06725888324873096
0 0.45 0.7151015228426396 0.025714285714285714 0.031725888324873094
3 0.5064285714285715 0.6675126903553299 0.024285714285714285 0.030456852791878174
3 0.3892857142857143 0.7195431472081218 0.025714285714285714 0.03299492385786802
3 0.2596428571428571 0.708756345177665 0.023571428571428573 0.02918781725888325
0 0.27714285714285714 0.8451776649746193 0.027142857142857142 0.03553299492385787
0 0.49642857142857144 0.9803299492385786 0.027142857142857142 0.021573604060913704
3 0.45571428571428574 0.9517766497461929 0.015714285714285715 0.048223350253807105
1 0.30357142857142855 0.9098984771573604 0.04285714285714286 0.050761421319796954
0 0.22642857142857142 0.9029187817258884 0.03 0.03680203045685279
0 0.16071428571428573 0.9898477157360406 0.02857142857142857 0.017766497461928935
0 0.095 0.9866751269035533 0.027142857142857142 0.024111675126903553
3 0.15071428571428572 0.8013959390862944 0.025714285714285714 0.031725888324873094
1 0.041428571428571426 0.9568527918781726 0.06428571428571428 0.06345177664974619
2 0.19357142857142856 0.549492385786802 0.05285714285714286 0.06091370558375635
0 0.22178571428571428 0.5063451776649747 0.023571428571428573 0.025380710659898477
0 0.2557142857142857 0.47906091370558374 0.02142857142857143 0.0266497461928934
0 0.2835714285714286 0.45050761421319796 0.018571428571428572 0.025380710659898477
0 0.30964285714285716 0.4213197969543147 0.020714285714285713 0.02284263959390863
0 0.36357142857142855 0.3629441624365482 0.017142857142857144 0.02284263959390863
0 0.3867857142857143 0.33058375634517767 0.017857142857142856 0.024111675126903553
3 0.3392857142857143 0.39086294416243655 0.02142857142857143 0.027918781725888325
2 0.4142857142857143 0.2848984771573604 0.03571428571428571 0.06472081218274112
0 0.7310714285714286 0.708756345177665 0.025 0.024111675126903553
