0 0.047142857142857146 0.6276190476190476 0.06857142857142857 0.0761904761904762
0 0.2671428571428571 0.6928571428571428 0.03857142857142857 0.09428571428571429
0 0.3157142857142857 0.6614285714285715 0.054285714285714284 0.07904761904761905
0 0.34464285714285714 0.6295238095238095 0.055 0.07047619047619047
0 0.38821428571428573 0.5761904761904761 0.04928571428571429 0.07047619047619047
0 0.025714285714285714 0.8142857142857143 0.05 0.1180952380952381
0 0.056428571428571425 0.820952380952381 0.06285714285714286 0.11047619047619048
0 0.11071428571428571 0.8404761904761905 0.04857142857142857 0.1
0 0.3192857142857143 0.8909523809523809 0.054285714285714284 0.12476190476190477
0 0.27285714285714285 0.8828571428571429 0.04857142857142857 0.12
0 0.22071428571428572 0.8747619047619047 0.06 0.11714285714285715
0 0.1792857142857143 0.8519047619047619 0.05 0.10571428571428572
0 0.1442857142857143 0.8428571428571429 0.05285714285714286 0.10476190476190476
0 0.4125 0.9076190476190477 0.04357142857142857 0.12380952380952381
0 0.36714285714285716 0.9019047619047619 0.041428571428571426 0.10285714285714286
0 0.5321428571428571 0.9076190476190477 0.07428571428571429 0.06285714285714286
0 0.5221428571428571 0.8495238095238096 0.07428571428571429 0.07047619047619047
0 0.5703571428571429 0.08761904761904762 0.016428571428571428 0.030476190476190476
0 0.5589285714285714 0.14809523809523809 0.015 0.023809523809523808
0 0.5507142857142857 0.17857142857142858 0.017142857142857144 0.03142857142857143
0 0.5271428571428571 0.26904761904761904 0.037142857142857144 0.035238095238095235
3 0.5128571428571429 0.28523809523809524 0.018571428571428572 0.037142857142857144
0 0.5396428571428571 0.7952380952380952 0.07642857142857143 0.06666666666666667
0 0.5432142857142858 0.7457142857142857 0.07785714285714286 0.06095238095238095
0 0.5471428571428572 0.6995238095238095 0.05714285714285714 0.04857142857142857
0 0.5646428571428571 0.6109523809523809 0.056428571428571425 0.04666666666666667
0 0.5703571428571429 0.6580952380952381 0.06357142857142857 0.06095238095238095
0 0.5721428571428572 0.5766666666666667 0.06285714285714286 0.05047619047619047
0 0.5782142857142857 0.5428571428571428 0.05357142857142857 0.0419047619047619
0 0.5778571428571428 0.5123809523809524 0.055714285714285716 0.0380952380952381
0 0.5857142857142857 0.48523809523809525 0.055714285714285716 0.037142857142857144
0 0.5853571428571429 0.4580952380952381 0.055 0.0419047619047619
0 0.5882142857142857 0.4280952380952381 0.056428571428571425 0.037142857142857144
0 0.5982142857142857 0.4061904761904762 0.045 0.037142857142857144
0 0.5985714285714285 0.3861904761904762 0.045714285714285714 0.035238095238095235
0 0.6014285714285714 0.3661904761904762 0.047142857142857146 0.037142857142857144
0 0.605 0.3414285714285714 0.045714285714285714 0.03142857142857143
0 0.6078571428571429 0.3223809523809524 0.05142857142857143 0.03333333333333333
0 0.6135714285714285 0.3019047619047619 0.04428571428571428 0.03238095238095238
0 0.6189285714285714 0.2861904761904762 0.04214285714285714 0.029523809523809525
3 0.6232142857142857 0.26666666666666666 0.03642857142857143 0.02857142857142857
0 0.6253571428571428 0.25142857142857145 0.04071428571428572 0.030476190476190476
0 0.6303571428571428 0.23476190476190475 0.039285714285714285 0.025714285714285714
0 0.6307142857142857 0.21761904761904763 0.037142857142857144 0.025714285714285714
0 0.635 0.2019047619047619 0.03857142857142857 0.02666666666666667
0 0.6371428571428571 0.18619047619047618 0.037142857142857144 0.023809523809523808
0 0.6378571428571429 0.1761904761904762 0.032857142857142856 0.024761904761904763
0 0.6375 0.1661904761904762 0.03214285714285714 0.023809523809523808
0 0.6417857142857143 0.15333333333333332 0.039285714285714285 0.02666666666666667
0 0.6425 0.14142857142857143 0.035 0.023809523809523808
0 0.6410714285714286 0.12666666666666668 0.03214285714285714 0.017142857142857144
3 0.6467857142857143 0.08666666666666667 0.030714285714285715 0.01904761904761905
0 0.645 0.09619047619047619 0.02857142857142857 0.017142857142857144
0 0.6478571428571429 0.10952380952380952 0.03142857142857143 0.022857142857142857
0 0.6110714285714286 0.10238095238095238 0.013571428571428571 0.021904761904761906
0 0.5875 0.09857142857142857 0.015 0.02
0 0.6592857142857143 0.06428571428571428 0.022857142857142857 0.018095238095238095
0 0.665 0.05761904761904762 0.024285714285714285 0.018095238095238095
0 0.6671428571428571 0.048095238095238094 0.027142857142857142 0.01619047619047619
0 0.6646428571428571 0.030476190476190476 0.025 0.022857142857142857
0 0.6635714285714286 0.010952380952380953 0.02 0.018095238095238095
0 0.6714285714285714 0.005714285714285714 0.025714285714285714 0.011428571428571429
0 0.71 0.06666666666666667 0.015714285714285715 0.02666666666666667
0 0.7175 0.10857142857142857 0.016428571428571428 0.030476190476190476
0 0.7067857142857142 0.15761904761904763 0.017857142857142856 0.029523809523809525
3 0.7392857142857143 0.08333333333333333 0.015714285714285715 0.025714285714285714
3 0.74 0.13095238095238096 0.012857142857142857 0.03333333333333333
0 0.7028571428571428 0.1980952380952381 0.02 0.02666666666666667
0 0.7675 0.8809523809523809 0.03785714285714286 0.10857142857142857
0 0.8282142857142857 0.7790476190476191 0.03785714285714286 0.09523809523809523
0 0.7646428571428572 0.7495238095238095 0.035 0.09904761904761905
0 0.7603571428571428 0.6423809523809524 0.03357142857142857 0.07904761904761905
0 0.8028571428571428 0.5071428571428571 0.02857142857142857 0.058095238095238096
0 0.8385714285714285 0.4614285714285714 0.027142857142857142 0.058095238095238096
0 0.7839285714285714 0.36142857142857143 0.023571428571428573 0.04476190476190476
0 0.8246428571428571 0.3585714285714286 0.023571428571428573 0.04285714285714286
0 0.8185714285714286 0.31285714285714283 0.02142857142857143 0.037142857142857144
0 0.8142857142857143 0.26666666666666666 0.018571428571428572 0.03428571428571429
0 0.8082142857142857 0.22857142857142856 0.019285714285714285 0.030476190476190476
0 0.7489285714285714 0.21904761904761905 0.017857142857142856 0.03238095238095238
0 0.7735714285714286 0.20238095238095238 0.017142857142857144 0.02761904761904762
0 0.8017857142857143 0.17095238095238094 0.016428571428571428 0.025714285714285714
0 0.7564285714285715 0.07142857142857142 0.015714285714285715 0.02095238095238095
0 0.7525 0.024761904761904763 0.010714285714285714 0.015238095238095238
0 0.7739285714285714 0.055714285714285716 0.015 0.021904761904761906
0 0.775 0.03333333333333333 0.014285714285714285 0.01904761904761905
0 0.7878571428571428 0.013333333333333334 0.011428571428571429 0.017142857142857144
0 0.7896428571428571 0.030952380952380953 0.012142857142857143 0.01619047619047619
0 0.7928571428571428 0.05047619047619047 0.014285714285714285 0.017142857142857144
0 0.7946428571428571 0.07809523809523809 0.013571428571428571 0.02095238095238095
0 0.795 0.10095238095238095 0.014285714285714285 0.02095238095238095
0 0.7975 0.12476190476190477 0.015 0.02095238095238095
0 0.8007142857142857 0.1457142857142857 0.017142857142857144 0.017142857142857144
0 0.8060714285714285 0.20047619047619047 0.019285714285714285 0.02761904761904762
0 0.8321428571428572 0.4123809523809524 0.025714285714285714 0.04
0 0.9196428571428571 0.20238095238095238 0.039285714285714285 0.02
0 0.9146428571428571 0.1838095238095238 0.029285714285714286 0.01904761904761905
0 0.8775 0.11523809523809524 0.013571428571428571 0.02095238095238095
3 0.8732142857142857 0.08952380952380952 0.013571428571428571 0.02666666666666667
0 0.8642857142857143 0.03380952380952381 0.02 0.014285714285714285
0 0.8635714285714285 0.05952380952380952 0.02 0.018095238095238095
0 0.8653571428571428 0.047142857142857146 0.019285714285714285 0.01619047619047619
0 0.7142857142857143 0.011904761904761904 0.014285714285714285 0.02
