0 0.4664285714285714 0.9180952380952381 0.02 0.07428571428571429
0 0.5010714285714286 0.9061904761904762 0.019285714285714285 0.06380952380952382
0 0.5696428571428571 0.9466666666666667 0.025 0.07428571428571429
0 0.6785714285714286 0.6266666666666667 0.03571428571428571 0.022857142857142857
0 0.6285714285714286 0.4942857142857143 0.024285714285714285 0.017142857142857144
0 0.545 0.6880952380952381 0.018571428571428572 0.04285714285714286
0 0.6957142857142857 0.6671428571428571 0.037142857142857144 0.021904761904761906
0 0.7032142857142857 0.6876190476190476 0.039285714285714285 0.024761904761904763
0 0.7092857142857143 0.7128571428571429 0.04 0.023809523809523808
0 0.73 0.7642857142857142 0.041428571428571426 0.02761904761904762
0 0.7164285714285714 0.7385714285714285 0.04285714285714286 0.02761904761904762
2 0.485 0.6971428571428572 0.025714285714285714 0.12761904761904763
1 0.5164285714285715 0.5261904761904762 0.018571428571428572 0.037142857142857144
1 0.55 0.57 0.02 0.04285714285714286
1 0.5067857142857143 0.4614285714285714 0.017857142857142856 0.06190476190476191
1 0.5278571428571428 0.42952380952380953 0.018571428571428572 0.0419047619047619
1 0.4757142857142857 0.3680952380952381 0.015714285714285715 0.07333333333333333
1 0.5017857142857143 0.4004761904761905 0.013571428571428571 0.029523809523809525
1 0.5110714285714286 0.3404761904761905 0.010714285714285714 0.021904761904761906
1 0.4717857142857143 0.2980952380952381 0.010714285714285714 0.03428571428571429
1 0.4953571428571429 0.32285714285714284 0.012142857142857143 0.024761904761904763
1 0.48892857142857143 0.26095238095238094 0.009285714285714286 0.02666666666666667
1 0.4982142857142857 0.24142857142857144 0.009285714285714286 0.021904761904761906
1 0.5053571428571428 0.2947619047619048 0.012142857142857143 0.023809523809523808
1 0.5089285714285714 0.31476190476190474 0.009285714285714286 0.021904761904761906
1 0.5107142857142857 0.2038095238095238 0.03 0.017142857142857144
1 0.5307142857142857 0.20095238095238097 0.022857142857142857 0.013333333333333334
0 0.5328571428571428 0.31238095238095237 0.008571428571428572 0.011428571428571429
0 0.4953571428571429 0.34285714285714286 0.007857142857142858 0.013333333333333334
0 0.5146428571428572 0.37238095238095237 0.007857142857142858 0.013333333333333334
0 0.49892857142857144 0.36238095238095236 0.007857142857142858 0.01619047619047619
0 0.49178571428571427 0.2985714285714286 0.005 0.008571428571428572
0 0.4639285714285714 0.33904761904761904 0.007857142857142858 0.015238095238095238
0 0.4992857142857143 0.379047619047619 0.008571428571428572 0.013333333333333334
0 0.5146428571428572 0.38952380952380955 0.007857142857142858 0.015238095238095238
0 0.5185714285714286 0.4085714285714286 0.008571428571428572 0.01904761904761905
3 0.5475 0.3638095238095238 0.007857142857142858 0.017142857142857144
0 0.11035714285714286 0.7242857142857143 0.03357142857142857 0.04285714285714286
3 0.08607142857142858 0.6385714285714286 0.039285714285714285 0.025714285714285714
1 0.46785714285714286 0.19333333333333333 0.007142857142857143 0.013333333333333334
1 0.4760714285714286 0.19047619047619047 0.0064285714285714285 0.013333333333333334
0 0.5392857142857143 0.2057142857142857 0.011428571428571429 0.005714285714285714
0 0.5071428571428571 0.2419047619047619 0.005714285714285714 0.007619047619047619
0 0.5032142857142857 0.2804761904761905 0.0064285714285714285 0.004761904761904762
0 0.5010714285714286 0.27285714285714285 0.0064285714285714285 0.008571428571428572
0 0.5021428571428571 0.26476190476190475 0.004285714285714286 0.007619047619047619
0 0.5010714285714286 0.25857142857142856 0.005 0.008571428571428572
0 0.5435714285714286 0.2780952380952381 0.007142857142857143 0.011428571428571429
0 0.5328571428571428 0.30333333333333334 0.011428571428571429 0.010476190476190476
0 0.46535714285714286 0.2814285714285714 0.0064285714285714285 0.010476190476190476
0 0.49357142857142855 0.27714285714285714 0.005714285714285714 0.007619047619047619
1 0.4903571428571429 0.28523809523809524 0.007857142857142858 0.014285714285714285
0 0.5385714285714286 0.4866666666666667 0.014285714285714285 0.02095238095238095
0 0.4760714285714286 0.4942857142857143 0.012142857142857143 0.02666666666666667
3 0.5375 0.5285714285714286 0.015 0.030476190476190476
0 0.4717857142857143 0.17952380952380953 0.0035714285714285713 0.004761904761904762
0 0.4692857142857143 0.18523809523809523 0.004285714285714286 0.004761904761904762
1 0.37857142857142856 0.21714285714285714 0.037142857142857144 0.017142857142857144
1 0.3442857142857143 0.22285714285714286 0.024285714285714285 0.013333333333333334
