0 0.35428571428571426 0.8471428571428572 0.032857142857142856 0.039047619047619046
0 0.44285714285714284 0.7161904761904762 0.024285714285714285 0.03428571428571429
0 0.46464285714285714 0.6852380952380952 0.02214285714285714 0.029523809523809525
0 0.41928571428571426 0.6052380952380952 0.014285714285714285 0.023809523809523808
0 0.4357142857142857 0.599047619047619 0.012857142857142857 0.02666666666666667
0 0.4789285714285714 0.5819047619047619 0.017857142857142856 0.024761904761904763
0 0.5085714285714286 0.5666666666666667 0.017142857142857144 0.017142857142857144
0 0.5582142857142857 0.6261904761904762 0.020714285714285713 0.02761904761904762
0 0.5546428571428571 0.5876190476190476 0.019285714285714285 0.024761904761904763
0 0.26107142857142857 0.6995238095238095 0.025 0.02761904761904762
0 0.18035714285714285 0.6195238095238095 0.019285714285714285 0.021904761904761906
0 0.205 0.6771428571428572 0.022857142857142857 0.02857142857142857
0 0.18285714285714286 0.709047619047619 0.022857142857142857 0.03333333333333333
0 0.16035714285714286 0.7152380952380952 0.02214285714285714 0.03238095238095238
0 0.25035714285714283 0.6071428571428571 0.025 0.021904761904761906
0 0.3392857142857143 0.6204761904761905 0.022857142857142857 0.021904761904761906
0 0.3167857142857143 0.6014285714285714 0.027857142857142858 0.01619047619047619
0 0.31642857142857145 0.5823809523809523 0.024285714285714285 0.021904761904761906
0 0.19892857142857143 0.7390476190476191 0.023571428571428573 0.03428571428571429
0 0.1407142857142857 0.7233333333333334 0.02 0.037142857142857144
3 0.23607142857142857 0.7185714285714285 0.023571428571428573 0.029523809523809525
3 0.16285714285714287 0.6742857142857143 0.025714285714285714 0.0380952380952381
3 0.2546428571428571 0.6395238095238095 0.025 0.02
0 0.22071428571428572 0.6514285714285715 0.02142857142857143 0.024761904761904763
1 0.17535714285714285 0.7571428571428571 0.023571428571428573 0.0380952380952381
1 0.18714285714285714 0.8333333333333334 0.03857142857142857 0.07238095238095238
2 0.21464285714285714 0.8028571428571428 0.06642857142857143 0.10285714285714286
1 0.14607142857142857 0.5714285714285714 0.04071428571428572 0.05714285714285714
0 0.17392857142857143 0.5714285714285714 0.020714285714285713 0.022857142857142857
0 0.13392857142857142 0.53 0.016428571428571428 0.018095238095238095
0 0.24678571428571427 0.5976190476190476 0.027857142857142858 0.02
0 0.30107142857142855 0.5671428571428572 0.023571428571428573 0.018095238095238095
0 0.3082142857142857 0.5757142857142857 0.023571428571428573 0.021904761904761906
0 0.29285714285714287 0.5619047619047619 0.022857142857142857 0.02095238095238095
0 0.2596428571428571 0.540952380952381 0.017857142857142856 0.015238095238095238
0 0.2739285714285714 0.5214285714285715 0.017857142857142856 0.01619047619047619
0 0.2332142857142857 0.5795238095238096 0.029285714285714286 0.023809523809523808
0 0.23892857142857143 0.5904761904761905 0.02642857142857143 0.01904761904761905
0 0.2257142857142857 0.570952380952381 0.024285714285714285 0.02
0 0.20964285714285713 0.5619047619047619 0.023571428571428573 0.02095238095238095
3 0.26964285714285713 0.5438095238095239 0.02214285714285714 0.017142857142857144
3 0.2517857142857143 0.5361904761904762 0.019285714285714285 0.017142857142857144
3 0.21892857142857142 0.5642857142857143 0.025 0.023809523809523808
1 0.21785714285714286 0.5395238095238095 0.03 0.021904761904761906
1 0.24071428571428571 0.5276190476190477 0.032857142857142856 0.030476190476190476
0 0.11214285714285714 0.38666666666666666 0.007142857142857143 0.009523809523809525
0 0.09071428571428572 0.3566666666666667 0.007142857142857143 0.008571428571428572
0 0.09785714285714285 0.319047619047619 0.005714285714285714 0.007619047619047619
0 0.15928571428571428 0.33095238095238094 0.005714285714285714 0.008571428571428572
0 0.1407142857142857 0.3376190476190476 0.015714285714285715 0.008571428571428572
0 0.7296428571428571 0.8204761904761905 0.023571428571428573 0.04666666666666667
0 0.7842857142857143 0.8095238095238095 0.022857142857142857 0.04
0 0.805 0.8204761904761905 0.02142857142857143 0.039047619047619046
0 0.8482142857142857 0.8552380952380952 0.025 0.0419047619047619
0 0.8714285714285714 0.8747619047619047 0.024285714285714285 0.04666666666666667
3 0.5221428571428571 0.5576190476190476 0.015714285714285715 0.023809523809523808
3 0.6367857142857143 0.44476190476190475 0.012142857142857143 0.017142857142857144
0 0.5571428571428572 0.5552380952380952 0.02 0.02095238095238095
3 0.6014285714285714 0.5557142857142857 0.014285714285714285 0.023809523809523808
1 0.5828571428571429 0.54 0.045714285714285714 0.07428571428571429
1 0.635 0.4957142857142857 0.04285714285714286 0.06952380952380953
1 0.6739285714285714 0.4523809523809524 0.015 0.022857142857142857
1 0.6675 0.41285714285714287 0.012142857142857143 0.018095238095238095
0 0.7278571428571429 0.35095238095238096 0.008571428571428572 0.008571428571428572
0 0.6939285714285715 0.38571428571428573 0.010714285714285714 0.011428571428571429
0 0.755 0.32476190476190475 0.007142857142857143 0.007619047619047619
0 0.7696428571428572 0.31047619047619046 0.0064285714285714285 0.007619047619047619
0 0.7617857142857143 0.319047619047619 0.0064285714285714285 0.007619047619047619
0 0.7021428571428572 0.3761904761904762 0.008571428571428572 0.011428571428571429
0 0.7103571428571429 0.3719047619047619 0.009285714285714286 0.008571428571428572
0 0.7135714285714285 0.36428571428571427 0.01 0.010476190476190476
0 0.6771428571428572 0.4042857142857143 0.008571428571428572 0.010476190476190476
0 0.7332142857142857 0.34523809523809523 0.007857142857142858 0.008571428571428572
0 0.7389285714285714 0.3414285714285714 0.007857142857142858 0.008571428571428572
0 0.7792857142857142 0.30142857142857143 0.005714285714285714 0.006666666666666667
3 0.7160714285714286 0.650952380952381 0.030714285714285715 0.025714285714285714
3 0.7210714285714286 0.6414285714285715 0.023571428571428573 0.02
3 0.735 0.6057142857142858 0.025714285714285714 0.013333333333333334
3 0.74 0.5847619047619048 0.022857142857142857 0.01904761904761905
3 0.7225 0.6366666666666667 0.02642857142857143 0.021904761904761906
0 0.7307142857142858 0.63 0.027142857142857142 0.021904761904761906
0 0.7457142857142857 0.5823809523809523 0.022857142857142857 0.02
0 0.81 0.6166666666666667 0.02857142857142857 0.021904761904761906
0 0.8060714285714285 0.6271428571428571 0.025 0.01619047619047619
0 0.8032142857142858 0.6485714285714286 0.030714285714285715 0.01904761904761905
0 0.7989285714285714 0.6585714285714286 0.030714285714285715 0.018095238095238095
0 0.7878571428571428 0.6823809523809524 0.03142857142857143 0.021904761904761906
0 0.7978571428571428 0.669047619047619 0.032857142857142856 0.018095238095238095
3 0.8135714285714286 0.6061904761904762 0.03 0.023809523809523808
1 0.8071428571428572 0.6366666666666667 0.03 0.018095238095238095
1 0.7307142857142858 0.6195238095238095 0.027142857142857142 0.018095238095238095
3 0.4625 0.7280952380952381 0.02214285714285714 0.037142857142857144
0 0.45107142857142857 0.5919047619047619 0.015 0.025714285714285714
3 0.4642857142857143 0.5847619047619048 0.014285714285714285 0.02666666666666667
0 0.4417857142857143 0.5561904761904762 0.019285714285714285 0.01904761904761905
3 0.4614285714285714 0.5428571428571428 0.02 0.017142857142857144
3 0.4789285714285714 0.5266666666666666 0.017857142857142856 0.017142857142857144
3 0.4807142857142857 0.5152380952380953 0.018571428571428572 0.01904761904761905
0 0.49964285714285717 0.5147619047619048 0.019285714285714285 0.01619047619047619
0 0.4685714285714286 0.5323809523809524 0.02 0.013333333333333334
0 0.45035714285714284 0.5504761904761905 0.020714285714285713 0.017142857142857144
1 0.48892857142857143 0.6819047619047619 0.030714285714285715 0.0419047619047619
1 0.535 0.6585714285714286 0.024285714285714285 0.04285714285714286
1 0.4853571428571429 0.650952380952381 0.023571428571428573 0.039047619047619046
1 0.5253571428571429 0.6238095238095238 0.04214285714285714 0.07238095238095238
2 0.5003571428571428 0.709047619047619 0.045 0.07333333333333333
0 0.6532142857142857 0.4514285714285714 0.012142857142857143 0.015238095238095238
0 0.6478571428571429 0.4357142857142857 0.011428571428571429 0.014285714285714285
0 0.84 0.2623809523809524 0.004285714285714286 0.006666666666666667
0 0.8389285714285715 0.25333333333333335 0.005 0.005714285714285714
0 0.08071428571428571 0.31761904761904763 0.015714285714285715 0.008571428571428572
0 0.11571428571428571 0.24857142857142858 0.004285714285714286 0.005714285714285714
0 0.11642857142857142 0.2661904761904762 0.002857142857142857 0.004761904761904762
0 0.11392857142857143 0.28285714285714286 0.0064285714285714285 0.005714285714285714
1 0.5839285714285715 0.5795238095238096 0.029285714285714286 0.05047619047619047
