0 0.1978079331941545 0.9058441558441559 0.06784968684759916 0.10111317254174397
0 0.13778705636743216 0.6108534322820037 0.049060542797494784 0.05658627087198516
0 0.13126304801670147 0.5435992578849722 0.04645093945720251 0.04081632653061224
0 0.13282881002087682 0.349721706864564 0.04018789144050104 0.04823747680890538
0 0.2056367432150313 0.287569573283859 0.03966597077244259 0.03710575139146568
0 0.2406054279749478 0.26159554730983303 0.032359081419624215 0.03710575139146568
0 0.2630480167014614 0.23747680890538034 0.04279749478079332 0.03710575139146568
0 0.0587160751565762 0.41187384044526903 0.031837160751565764 0.055658627087198514
0 0.032359081419624215 0.4359925788497217 0.03653444676409186 0.0575139146567718
0 0.014613778705636743 0.6178107606679035 0.029227557411273485 0.04823747680890538
0 0.019050104384133612 0.660482374768089 0.038100208768267224 0.05009276437847866
0 0.022964509394572025 0.7815398886827458 0.04592901878914405 0.06586270871985157
0 0.023225469728601254 0.8371985157699443 0.04645093945720251 0.05658627087198516
0 0.030532359081419623 0.8886827458256029 0.061064718162839246 0.07606679035250463
0 0.03966597077244259 0.9837662337662337 0.05741127348643006 0.030612244897959183
0 0.33820459290187893 0.8409090909090909 0.05010438413361169 0.09925788497217068
0 0.4311064718162839 0.7351576994434137 0.04592901878914405 0.08256029684601113
0 0.6748434237995825 0.37987012987012986 0.04175365344467641 0.05844155844155844
0 0.7570459290187892 0.27133580705009275 0.038100208768267224 0.05102040816326531
0 0.791231732776618 0.24304267161410018 0.03549060542797495 0.04823747680890538
1 0.8937891440501043 0.2634508348794063 0.031837160751565764 0.07235621521335807
