0 0.7646428571428572 0.6257142857142857 0.08071428571428571 0.05714285714285714
0 0.6639285714285714 0.47523809523809524 0.062142857142857146 0.04
0 0.6425 0.44047619047619047 0.05071428571428571 0.039047619047619046
0 0.7532142857142857 0.49142857142857144 0.062142857142857146 0.0419047619047619
0 0.7225 0.4542857142857143 0.056428571428571425 0.03619047619047619
0 0.5114285714285715 0.6666666666666666 0.07857142857142857 0.06285714285714286
0 0.3364285714285714 0.5914285714285714 0.06714285714285714 0.06285714285714286
0 0.8253571428571429 0.5333333333333333 0.07357142857142857 0.05142857142857143
0 0.8132142857142857 0.47 0.06642857142857143 0.04666666666666667
0 0.31107142857142855 0.4166666666666667 0.056428571428571425 0.03142857142857143
0 0.42892857142857144 0.38571428571428573 0.052142857142857144 0.0419047619047619
0 0.5067857142857143 0.27476190476190476 0.02214285714285714 0.037142857142857144
0 0.4875 0.2604761904761905 0.019285714285714285 0.039047619047619046
3 0.4610714285714286 0.26 0.019285714285714285 0.0380952380952381
0 0.3275 0.8666666666666667 0.075 0.14095238095238094
0 0.24571428571428572 0.9123809523809524 0.08285714285714285 0.13333333333333333
3 0.16785714285714284 0.919047619047619 0.11857142857142858 0.1619047619047619
0 0.11714285714285715 0.48142857142857143 0.055714285714285716 0.040952380952380955
0 0.16607142857142856 0.45571428571428574 0.05785714285714286 0.037142857142857144
0 0.05821428571428571 0.46476190476190476 0.05928571428571429 0.0380952380952381
0 0.10107142857142858 0.43952380952380954 0.05928571428571429 0.039047619047619046
1 0.03357142857142857 0.42142857142857143 0.06714285714285714 0.039047619047619046
0 0.044642857142857144 0.4038095238095238 0.055 0.04
0 0.1982142857142857 0.4261904761904762 0.060714285714285714 0.039047619047619046
0 0.43964285714285717 0.2542857142857143 0.025 0.03238095238095238
0 0.5425 0.26666666666666666 0.017857142857142856 0.030476190476190476
0 0.5589285714285714 0.2138095238095238 0.013571428571428571 0.025714285714285714
0 0.5228571428571429 0.2319047619047619 0.022857142857142857 0.03142857142857143
0 0.49892857142857144 0.22952380952380952 0.02214285714285714 0.02666666666666667
0 0.5107142857142857 0.20476190476190476 0.02 0.024761904761904763
0 0.525 0.17857142857142858 0.017142857142857144 0.021904761904761906
1 0.47928571428571426 0.22095238095238096 0.02857142857142857 0.05333333333333334
0 0.4514285714285714 0.23238095238095238 0.02142857142857143 0.03238095238095238
0 0.5575 0.10952380952380952 0.013571428571428571 0.01904761904761905
0 0.5964285714285714 0.1 0.011428571428571429 0.013333333333333334
0 0.9146428571428571 0.5133333333333333 0.09928571428571428 0.049523809523809526
0 0.92 0.4861904761904762 0.07571428571428572 0.037142857142857144
