0 0.421972860125261 0.8464749536178108 0.061064718162839246 0.09369202226345083
0 0.48721294363256784 0.6985157699443414 0.05793319415448852 0.09090909090909091
0 0.5501043841336117 0.5468460111317254 0.05010438413361169 0.07328385899814471
0 0.6302192066805845 0.42439703153988867 0.04540709812108559 0.06586270871985157
0 0.6550104384133612 0.3780148423005566 0.0407098121085595 0.0640074211502783
0 0.6677974947807933 0.35760667903525045 0.042275574112734866 0.05844155844155844
0 0.7019832985386222 0.3014842300556586 0.04697286012526096 0.055658627087198514
0 0.7192066805845512 0.2755102040816326 0.038622129436325675 0.055658627087198514
0 0.7288622129436325 0.25463821892393323 0.04018789144050104 0.04730983302411874
0 0.7416492693110647 0.23654916512059368 0.038622129436325675 0.04823747680890538
0 0.7479123173277662 0.21567717996289426 0.03966597077244259 0.04916512059369202
0 0.7930584551148225 0.16465677179962895 0.037056367432150315 0.04359925788497217
0 0.8071503131524008 0.1261595547309833 0.03914405010438413 0.04638218923933209
0 0.8183716075156576 0.11178107606679036 0.038622129436325675 0.041743970315398886
0 0.833768267223382 0.07792207792207792 0.03392484342379958 0.03896103896103896
0 0.8564718162839249 0.038033395176252316 0.03549060542797495 0.03525046382189239
1 0.8995302713987474 0.0950834879406308 0.04018789144050104 0.075139146567718
