0 0.5696428571428571 0.5861904761904762 0.03357142857142857 0.06
0 0.38357142857142856 0.770952380952381 0.03571428571428571 0.10380952380952381
0 0.5307142857142857 0.4795238095238095 0.03428571428571429 0.06380952380952382
0 0.5992857142857143 0.4876190476190476 0.025714285714285714 0.047619047619047616
0 0.4825 0.959047619047619 0.055 0.08190476190476191
0 0.024285714285714285 0.38952380952380955 0.047142857142857146 0.0419047619047619
3 0.5839285714285715 0.2866666666666667 0.019285714285714285 0.0380952380952381
3 0.6135714285714285 0.28523809523809524 0.018571428571428572 0.039047619047619046
0 0.6021428571428571 0.3271428571428571 0.02 0.03333333333333333
0 0.6417857142857143 0.29285714285714287 0.020714285714285713 0.035238095238095235
0 0.6414285714285715 0.09619047619047619 0.017142857142857144 0.02095238095238095
0 0.8971428571428571 0.6090476190476191 0.07 0.04666666666666667
2 0.9403571428571429 0.5366666666666666 0.11071428571428571 0.07714285714285714
0 0.9107142857142857 0.58 0.06571428571428571 0.0419047619047619
