2 0.18071428571428572 0.7163705583756346 0.12714285714285714 0.17385786802030456
2 0.33071428571428574 0.5609137055837563 0.05 0.06852791878172589
0 0.39035714285714285 0.5361675126903553 0.03357142857142857 0.04187817258883249
0 0.37857142857142856 0.5190355329949239 0.032857142857142856 0.03807106598984772
0 0.4064285714285714 0.4854060913705584 0.03142857142857143 0.03426395939086294
0 0.435 0.47906091370558374 0.02857142857142857 0.031725888324873094
0 0.5153571428571428 0.37880710659898476 0.023571428571428573 0.0266497461928934
0 0.49357142857142855 0.38451776649746194 0.022857142857142857 0.027918781725888325
0 0.4767857142857143 0.4282994923857868 0.020714285714285713 0.0266497461928934
3 0.2789285714285714 0.6288071065989848 0.03642857142857143 0.04187817258883249
3 0.07571428571428572 0.8540609137055838 0.06285714285714286 0.07868020304568528
3 0.4432142857142857 0.4416243654822335 0.025 0.030456852791878174
3 0.5389285714285714 0.32614213197969544 0.02214285714285714 0.030456852791878174
3 0.5635714285714286 0.3229695431472081 0.02 0.0266497461928934
3 0.615 0.2950507614213198 0.02 0.02918781725888325
0 0.03428571428571429 0.7538071065989848 0.03571428571428571 0.04568527918781726
0 0.7425 0.1281725888324873 0.012142857142857143 0.02030456852791878
0 0.7175 0.11230964467005077 0.012142857142857143 0.013959390862944163
