0 0.33714285714285713 0.024761904761904763 0.027142857142857142 0.049523809523809526
0 0.3939285714285714 0.02238095238095238 0.03214285714285714 0.04476190476190476
3 0.39321428571428574 0.1019047619047619 0.03214285714285714 0.09142857142857143
0 0.5339285714285714 0.08619047619047619 0.03214285714285714 0.0980952380952381
0 0.5346428571428572 0.2138095238095238 0.035 0.1
0 0.39321428571428574 0.22952380952380952 0.035 0.08952380952380952
0 0.5425 0.44952380952380955 0.03357142857142857 0.10666666666666667
0 0.5453571428571429 0.9528571428571428 0.03214285714285714 0.09238095238095238
0 0.5475 0.8104761904761905 0.03785714285714286 0.11619047619047619
3 0.5435714285714286 0.6661904761904762 0.037142857142857144 0.11714285714285715
0 0.4542857142857143 0.69 0.02857142857142857 0.1438095238095238
0 0.39321428571428574 0.9547619047619048 0.03642857142857143 0.08857142857142856
0 0.30857142857142855 0.9714285714285714 0.041428571428571426 0.05523809523809524
0 0.39357142857142857 0.7214285714285714 0.03428571428571429 0.11333333333333333
3 0.29464285714285715 0.7585714285714286 0.03642857142857143 0.10380952380952381
0 0.39035714285714285 0.5942857142857143 0.03642857142857143 0.10857142857142857
0 0.395 0.4714285714285714 0.03571428571428571 0.10857142857142857
0 0.3028571428571429 0.5033333333333333 0.037142857142857144 0.10380952380952381
