0 0.6071428571428571 0.18047619047619048 0.041428571428571426 0.06
0 0.5292857142857142 0.04666666666666667 0.02 0.0380952380952381
3 0.5682142857142857 0.045714285714285714 0.029285714285714286 0.047619047619047616
3 0.5575 0.017619047619047618 0.02642857142857143 0.03142857142857143
2 0.8078571428571428 0.08476190476190476 0.04 0.10285714285714286
0 0.7925 0.20904761904761904 0.030714285714285715 0.06190476190476191
0 0.8442857142857143 0.2561904761904762 0.041428571428571426 0.07047619047619047
3 0.7839285714285714 0.36428571428571427 0.045 0.11333333333333333
0 0.8975 0.21476190476190476 0.035 0.07142857142857142
0 0.9628571428571429 0.2633333333333333 0.047142857142857146 0.07904761904761905
0 0.9496428571428571 0.2 0.039285714285714285 0.05523809523809524
3 0.9496428571428571 0.14666666666666667 0.039285714285714285 0.047619047619047616
0 0.8960714285714285 0.14142857142857143 0.035 0.058095238095238096
0 0.9278571428571428 0.12428571428571429 0.025714285714285714 0.04857142857142857
0 0.9396428571428571 0.08714285714285715 0.03357142857142857 0.04285714285714286
0 0.8875 0.08333333333333333 0.025 0.04285714285714286
0 0.8525 0.08904761904761904 0.027857142857142858 0.05047619047619047
0 0.8521428571428571 0.047142857142857146 0.025714285714285714 0.039047619047619046
0 0.8528571428571429 0.01619047619047619 0.024285714285714285 0.030476190476190476
0 0.8853571428571428 0.05238095238095238 0.030714285714285715 0.0380952380952381
0 0.8835714285714286 0.027142857142857142 0.025714285714285714 0.029523809523809525
0 0.8878571428571429 0.009047619047619047 0.022857142857142857 0.018095238095238095
0 0.9210714285714285 0.015238095238095238 0.030714285714285715 0.022857142857142857
0 0.9217857142857143 0.035238095238095235 0.03357142857142857 0.0380952380952381
0 0.9253571428571429 0.06 0.03214285714285714 0.030476190476190476
3 0.85 0.5414285714285715 0.06714285714285714 0.15714285714285714
0 0.9646428571428571 0.5866666666666667 0.07071428571428572 0.14095238095238094
