0 0.7215 0.8166666666666667 0.093 0.07466666666666667
0 0.57975 0.959 0.0705 0.082
0 0.564 0.627 0.037 0.04733333333333333
0 0.379 0.9543333333333334 0.054 0.09133333333333334
0 0.36875 0.7596666666666667 0.0525 0.078
0 0.359 0.678 0.033 0.06
0 0.35075 0.6063333333333333 0.0265 0.038
0 0.351 0.5593333333333333 0.024 0.03866666666666667
0 0.44325 0.5563333333333333 0.0255 0.034
0 0.4875 0.5233333333333333 0.03 0.028
0 0.4655 0.49233333333333335 0.023 0.022
0 0.408 0.4593333333333333 0.02 0.024
0 0.46075 0.452 0.0195 0.021333333333333333
3 0.4925 0.6153333333333333 0.044 0.056
0 0.218 0.618 0.047 0.02666666666666667
0 0.2255 0.5936666666666667 0.055 0.03
0 0.228 0.5766666666666667 0.054 0.029333333333333333
0 0.243 0.5343333333333333 0.045 0.027333333333333334
3 0.24875 0.5133333333333333 0.0395 0.028
0 0.246 0.379 0.017 0.011333333333333334
0 0.2635 0.376 0.011 0.013333333333333334
0 0.24375 0.3923333333333333 0.0125 0.014
3 0.2845 0.382 0.023 0.02
0 0.28125 0.398 0.0295 0.013333333333333334
0 0.274 0.4186666666666667 0.027 0.013333333333333334
0 0.275 0.411 0.027 0.012666666666666666
0 0.2775 0.404 0.026 0.016
3 0.268 0.42966666666666664 0.026 0.020666666666666667
3 0.306 0.47533333333333333 0.016 0.032
1 0.3465 0.49366666666666664 0.017 0.03666666666666667
3 0.344 0.4656666666666667 0.015 0.027333333333333334
0 0.34375 0.44866666666666666 0.0165 0.021333333333333333
0 0.33925 0.43033333333333335 0.0145 0.019333333333333334
0 0.339 0.418 0.015 0.017333333333333333
0 0.33625 0.384 0.0105 0.013333333333333334
1 0.33575 0.4026666666666667 0.0155 0.02666666666666667
0 0.3355 0.367 0.01 0.011333333333333334
0 0.33675 0.359 0.0095 0.012666666666666666
0 0.339 0.343 0.014 0.01
0 0.33075 0.339 0.0065 0.008666666666666666
0 0.33875 0.3363333333333333 0.0065 0.007333333333333333
0 0.33525 0.32033333333333336 0.0065 0.008666666666666666
3 0.364 0.324 0.012 0.009333333333333334
0 0.34375 0.30433333333333334 0.0055 0.006
0 0.35025 0.314 0.0055 0.006666666666666667
0 0.35875 0.30766666666666664 0.0085 0.006
0 0.3735 0.32066666666666666 0.007 0.008
0 0.4415 0.42733333333333334 0.025 0.016
0 0.434 0.4186666666666667 0.026 0.016
0 0.4195 0.417 0.023 0.015333333333333332
0 0.43425 0.4073333333333333 0.0265 0.016
0 0.4275 0.4036666666666667 0.03 0.015333333333333332
0 0.42675 0.3983333333333333 0.0265 0.015333333333333332
0 0.4205 0.39366666666666666 0.027 0.015333333333333332
0 0.4165 0.3903333333333333 0.025 0.014
0 0.41425 0.37966666666666665 0.0255 0.011333333333333334
0 0.406 0.37233333333333335 0.018 0.012666666666666666
0 0.406 0.36833333333333335 0.021 0.011333333333333334
0 0.40775 0.362 0.0085 0.009333333333333334
3 0.3895 0.3576666666666667 0.017 0.012666666666666666
0 0.39575 0.35333333333333333 0.0205 0.010666666666666666
0 0.38675 0.3526666666666667 0.0165 0.008
0 0.3865 0.3473333333333333 0.015 0.009333333333333334
0 0.37925 0.3453333333333333 0.0075 0.009333333333333334
0 0.38825 0.34 0.0165 0.009333333333333334
0 0.3885 0.337 0.015 0.008666666666666666
0 0.38275 0.336 0.0125 0.009333333333333334
0 0.3835 0.3293333333333333 0.008 0.006666666666666667
0 0.385 0.333 0.006 0.007333333333333333
