1 0.49 0.8638095238095238 0.045714285714285714 0.1523809523809524
1 0.4685714285714286 0.5747619047619048 0.05285714285714286 0.12476190476190477
1 0.5185714285714286 0.4742857142857143 0.055714285714285716 0.22285714285714286
1 0.5282142857142857 0.2638095238095238 0.045 0.18666666666666668
1 0.5342857142857143 0.14095238095238094 0.032857142857142856 0.08761904761904762
1 0.5389285714285714 0.029047619047619048 0.030714285714285715 0.058095238095238096
1 0.4992857142857143 0.11095238095238096 0.03428571428571429 0.08666666666666667
0 0.3575 0.6961904761904761 0.039285714285714285 0.09904761904761905
0 0.32321428571428573 0.5704761904761905 0.04642857142857143 0.09142857142857143
0 0.2985714285714286 0.4861904761904762 0.03857142857142857 0.07714285714285714
0 0.053214285714285714 0.4461904761904762 0.05357142857142857 0.08666666666666667
3 0.025 0.42523809523809525 0.05 0.07904761904761905
0 0.02642857142857143 0.3119047619047619 0.05285714285714286 0.037142857142857144
3 0.3382142857142857 0.22476190476190477 0.027857142857142858 0.06285714285714286
