0 0.5564285714285714 0.1280952380952381 0.02142857142857143 0.018095238095238095
0 0.5310714285714285 0.13714285714285715 0.030714285714285715 0.015238095238095238
0 0.45071428571428573 0.14142857142857143 0.03 0.01619047619047619
0 0.5321428571428571 0.14809523809523809 0.03142857142857143 0.02
0 0.45571428571428574 0.1523809523809524 0.03 0.01904761904761905
0 0.45607142857142857 0.16142857142857142 0.02642857142857143 0.02
0 0.44607142857142856 0.1757142857142857 0.03357142857142857 0.023809523809523808
0 0.4539285714285714 0.1880952380952381 0.03214285714285714 0.023809523809523808
0 0.455 0.2019047619047619 0.032857142857142856 0.024761904761904763
0 0.4496428571428571 0.21904761904761905 0.03357142857142857 0.02095238095238095
0 0.44642857142857145 0.2338095238095238 0.037142857142857144 0.021904761904761906
0 0.45607142857142857 0.24666666666666667 0.03785714285714286 0.022857142857142857
0 0.4832142857142857 0.2357142857142857 0.019285714285714285 0.029523809523809525
1 0.515 0.2642857142857143 0.017142857142857144 0.02761904761904762
0 0.45607142857142857 0.26285714285714284 0.03785714285714286 0.022857142857142857
0 0.45035714285714284 0.2795238095238095 0.03785714285714286 0.02
0 0.45035714285714284 0.29333333333333333 0.04071428571428572 0.02666666666666667
0 0.4467857142857143 0.31333333333333335 0.04071428571428572 0.02095238095238095
0 0.45285714285714285 0.33 0.04 0.021904761904761906
0 0.45357142857142857 0.34476190476190477 0.041428571428571426 0.024761904761904763
1 0.44607142857142856 0.36047619047619045 0.047857142857142855 0.023809523809523808
1 0.44821428571428573 0.37857142857142856 0.04928571428571429 0.035238095238095235
0 0.485 0.35428571428571426 0.02 0.04380952380952381
3 0.455 0.4552380952380952 0.041428571428571426 0.030476190476190476
0 0.4567857142857143 0.4847619047619048 0.04928571428571429 0.02857142857142857
0 0.45285714285714285 0.5114285714285715 0.05 0.02857142857142857
0 0.45964285714285713 0.5347619047619048 0.047857142857142855 0.029523809523809525
0 0.49464285714285716 0.4976190476190476 0.02214285714285714 0.054285714285714284
0 0.4982142857142857 0.5771428571428572 0.023571428571428573 0.05904761904761905
0 0.5310714285714285 0.5919047619047619 0.02642857142857143 0.06190476190476191
1 0.44857142857142857 0.5647619047619048 0.055714285714285716 0.03619047619047619
3 0.43607142857142855 0.5980952380952381 0.056428571428571425 0.03619047619047619
0 0.505 0.6452380952380953 0.02857142857142857 0.06952380952380953
0 0.4567857142857143 0.6295238095238095 0.05785714285714286 0.03428571428571429
0 0.4585714285714286 0.6642857142857143 0.06142857142857143 0.040952380952380955
0 0.42964285714285716 0.6514285714285715 0.027857142857142858 0.01904761904761905
0 0.46214285714285713 0.7 0.06142857142857143 0.04
3 0.47035714285714286 0.729047619047619 0.056428571428571425 0.054285714285714284
0 0.4617857142857143 0.7780952380952381 0.06785714285714285 0.04380952380952381
0 0.4664285714285714 0.8271428571428572 0.06714285714285714 0.040952380952380955
0 0.46214285714285713 0.8742857142857143 0.07142857142857142 0.047619047619047616
0 0.5253571428571429 0.8990476190476191 0.030714285714285715 0.09714285714285714
0 0.4625 0.930952380952381 0.075 0.054285714285714284
0 0.4810714285714286 0.9909523809523809 0.08071428571428571 0.018095238095238095
0 0.6332142857142857 0.950952380952381 0.039285714285714285 0.0980952380952381
0 0.6253571428571428 0.849047619047619 0.07071428571428572 0.040952380952380955
0 0.6203571428571428 0.7880952380952381 0.07357142857142857 0.04476190476190476
0 0.5839285714285715 0.6514285714285715 0.047857142857142855 0.03428571428571429
0 0.5889285714285715 0.6195238095238095 0.06785714285714285 0.035238095238095235
0 0.5703571428571429 0.5290476190476191 0.052142857142857144 0.035238095238095235
0 0.5696428571428571 0.4990476190476191 0.055 0.03428571428571429
1 0.565 0.4580952380952381 0.06142857142857143 0.03428571428571429
3 0.5664285714285714 0.4342857142857143 0.04857142857142857 0.03238095238095238
3 0.5625 0.41285714285714287 0.047857142857142855 0.02761904761904762
0 0.5639285714285714 0.39571428571428574 0.04642857142857143 0.025714285714285714
1 0.5521428571428572 0.2938095238095238 0.06428571428571428 0.040952380952380955
3 0.495 0.060476190476190475 0.022857142857142857 0.018095238095238095
