0 0.24373695198329853 0.9308905380333952 0.1732776617954071 0.13636363636363635
0 0.6356993736951984 0.5533395176252319 0.037578288100208766 0.06586270871985157
0 0.4188413361169102 0.47031539888682744 0.03496868475991649 0.061224489795918366
0 0.5125260960334029 0.26113172541743973 0.028183716075156576 0.021335807050092765
3 0.4517223382045929 0.24118738404452691 0.015135699373695199 0.022263450834879406
0 0.46320459290187893 0.23654916512059368 0.016179540709812108 0.02040816326530612
1 0.44780793319415446 0.22820037105751392 0.037578288100208766 0.027829313543599257
0 0.43058455114822547 0.21753246753246752 0.012526096033402923 0.017625231910946195
0 0.3455114822546973 0.21335807050092764 0.015657620041753653 0.01855287569573284
1 0.36038622129436326 0.19805194805194806 0.029749478079331943 0.026901669758812616
0 0.397964509394572 0.1790352504638219 0.007828810020876827 0.012987012987012988
0 0.36221294363256784 0.18181818181818182 0.007306889352818371 0.011131725417439703
1 0.3606471816283925 0.174860853432282 0.008350730688935281 0.013914656771799629
0 0.35386221294363257 0.18089053803339517 0.006263048016701462 0.011131725417439703
3 0.3397703549060543 0.15398886827458255 0.007306889352818371 0.00927643784786642
