3 0.17785714285714285 0.9873096446700508 0.07142857142857142 0.02284263959390863
2 0.4828571428571429 0.8604060913705583 0.09 0.09137055837563451
2 0.6185714285714285 0.7988578680203046 0.11714285714285715 0.11548223350253807
2 0.75 0.7366751269035533 0.08142857142857143 0.0799492385786802
2 0.8614285714285714 0.6852791878172588 0.07857142857142857 0.07614213197969544
2 0.6057142857142858 0.6154822335025381 0.022857142857142857 0.08375634517766498
0 0.6071428571428571 0.508248730964467 0.014285714285714285 0.044416243654822336
3 0.6096428571428572 0.41814720812182743 0.013571428571428571 0.03934010152284264
3 0.6103571428571428 0.3756345177664975 0.012142857142857143 0.03807106598984772
3 0.6110714285714286 0.3229695431472081 0.012142857142857143 0.044416243654822336
3 0.605 0.28109137055837563 0.014285714285714285 0.03934010152284264
0 0.5896428571428571 0.2506345177664975 0.017857142857142856 0.02918781725888325
3 0.5696428571428571 0.1865482233502538 0.025 0.027918781725888325
1 0.5407142857142857 0.1199238578680203 0.022857142857142857 0.03426395939086294
1 0.5546428571428571 0.15418781725888325 0.017857142857142856 0.04187817258883249
0 0.45321428571428574 0.1383248730964467 0.010714285714285714 0.02284263959390863
3 0.2735714285714286 0.157994923857868 0.012857142857142857 0.03426395939086294
3 0.33035714285714285 0.1833756345177665 0.02642857142857143 0.02918781725888325
3 0.33535714285714285 0.19289340101522842 0.027857142857142858 0.025380710659898477
3 0.3432142857142857 0.25444162436548223 0.013571428571428571 0.0266497461928934
0 0.29035714285714287 0.25444162436548223 0.025 0.01903553299492386
0 0.3339285714285714 0.22906091370558376 0.015 0.0266497461928934
0 0.35642857142857143 0.2303299492385787 0.02142857142857143 0.021573604060913704
0 0.33035714285714285 0.3134517766497462 0.017857142857142856 0.03299492385786802
3 0.014285714285714285 0.5133248730964467 0.02857142857142857 0.03426395939086294
3 0.011428571428571429 0.5285532994923858 0.022857142857142857 0.04187817258883249
3 0.031785714285714285 0.5583756345177665 0.023571428571428573 0.0532994923857868
3 0.02857142857142857 0.608502538071066 0.025714285714285714 0.05710659898477157
3 0.02214285714285714 0.6719543147208121 0.03142857142857143 0.09517766497461928
3 0.052142857142857144 0.7480964467005076 0.03142857142857143 0.10532994923857868
3 0.13464285714285715 0.6897208121827412 0.06928571428571428 0.05710659898477157
3 0.16 0.7366751269035533 0.025714285714285714 0.06472081218274112
0 0.12285714285714286 0.4517766497461929 0.02 0.050761421319796954
0 0.16464285714285715 0.43591370558375636 0.016428571428571428 0.04187817258883249
3 0.22464285714285714 0.4365482233502538 0.05071428571428571 0.0532994923857868
0 0.26035714285714284 0.5038071065989848 0.019285714285714285 0.04568527918781726
0 0.23857142857142857 0.5006345177664975 0.02 0.04949238578680203
0 0.21607142857142858 0.5076142131979695 0.017857142857142856 0.04060913705583756
0 0.21928571428571428 0.5545685279187818 0.018571428571428572 0.050761421319796954
0 0.12535714285714286 0.5387055837563451 0.019285714285714285 0.03934010152284264
0 0.10107142857142858 0.5431472081218274 0.02214285714285714 0.05583756345177665
0 0.17035714285714285 0.5196700507614214 0.019285714285714285 0.046954314720812185
0 0.19428571428571428 0.5107868020304569 0.02 0.046954314720812185
0 0.17285714285714285 0.574238578680203 0.02142857142857143 0.05964467005076142
0 0.14785714285714285 0.5291878172588832 0.02 0.04568527918781726
3 0.19535714285714287 0.5532994923857868 0.019285714285714285 0.06598984771573604
3 0.14714285714285713 0.5748730964467005 0.024285714285714285 0.08375634517766498
3 0.09928571428571428 0.5894670050761421 0.02142857142857143 0.06218274111675127
