3 0.13714285714285715 0.28109137055837563 0.03428571428571429 0.06218274111675127
3 0.1725 0.18908629441624367 0.030714285714285715 0.0583756345177665
0 0.2025 0.10469543147208121 0.02642857142857143 0.05710659898477157
0 0.23285714285714285 0.01713197969543147 0.024285714285714285 0.03426395939086294
3 0.4789285714285714 0.16560913705583757 0.02214285714285714 0.04949238578680203
3 0.5653571428571429 0.11548223350253807 0.023571428571428573 0.0532994923857868
0 0.6696428571428571 0.03489847715736041 0.029285714285714286 0.05710659898477157
2 0.6532142857142857 0.11357868020304568 0.04214285714285714 0.0799492385786802
0 0.5871428571428572 0.12436548223350254 0.025714285714285714 0.05583756345177665
0 0.6153571428571428 0.13261421319796954 0.027857142857142858 0.05710659898477157
0 0.5692857142857143 0.2049492385786802 0.024285714285714285 0.06218274111675127
0 0.5321428571428571 0.20558375634517767 0.02857142857142857 0.06091370558375635
0 0.5039285714285714 0.28426395939086296 0.025 0.05583756345177665
3 0.5317857142857143 0.2779187817258883 0.027857142857142858 0.0532994923857868
1 0.5846428571428571 0.23413705583756345 0.06357142857142857 0.1383248730964467
1 0.49892857142857144 0.33883248730964466 0.030714285714285715 0.07106598984771574
3 0.4635714285714286 0.38388324873096447 0.02857142857142857 0.06472081218274112
3 0.5028571428571429 0.4346446700507614 0.03 0.05710659898477157
0 0.8514285714285714 0.046954314720812185 0.03142857142857143 0.048223350253807105
1 0.8725 0.09073604060913705 0.039285714285714285 0.06218274111675127
0 0.8103571428571429 0.3197969543147208 0.029285714285714286 0.048223350253807105
0 0.7578571428571429 0.32614213197969544 0.03142857142857143 0.048223350253807105
3 0.7335714285714285 0.25951776649746194 0.03428571428571429 0.05456852791878172
3 0.7471428571428571 0.2893401015228426 0.03142857142857143 0.050761421319796954
1 0.6803571428571429 0.47017766497461927 0.07642857142857143 0.11294416243654823
1 0.6021428571428571 0.5939086294416244 0.06285714285714286 0.09898477157360407
0 0.35285714285714287 0.8870558375634517 0.02857142857142857 0.048223350253807105
0 0.36642857142857144 0.8578680203045685 0.032857142857142856 0.050761421319796954
0 0.38107142857142856 0.8299492385786802 0.035 0.05583756345177665
0 0.40464285714285714 0.7696700507614214 0.03357142857142857 0.05456852791878172
0 0.41535714285714287 0.733502538071066 0.02642857142857143 0.04568527918781726
3 0.44392857142857145 0.6852791878172588 0.035 0.05583756345177665
0 0.4575 0.6592639593908629 0.03214285714285714 0.05203045685279188
0 0.47 0.6313451776649747 0.032857142857142856 0.05203045685279188
3 0.65 0.36738578680203043 0.017142857142857144 0.06218274111675127
3 0.6303571428571428 0.39403553299492383 0.017857142857142856 0.06218274111675127
3 0.61 0.43210659898477155 0.018571428571428572 0.06725888324873096
3 0.5903571428571428 0.46890862944162437 0.017857142857142856 0.05710659898477157
3 0.5478571428571428 0.5291878172588832 0.017142857142857144 0.06598984771573604
0 0.5696428571428571 0.4949238578680203 0.016428571428571428 0.06091370558375635
3 0.4492857142857143 0.46256345177664976 0.03 0.05964467005076142
3 0.45607142857142857 0.5177664974619289 0.030714285714285715 0.06345177664974619
3 0.4114285714285714 0.5342639593908629 0.02857142857142857 0.06345177664974619
3 0.36214285714285716 0.6618020304568528 0.02857142857142857 0.05964467005076142
2 0.3896428571428571 0.6725888324873096 0.075 0.15228426395939088
0 0.3264285714285714 0.7538071065989848 0.03142857142857143 0.06852791878172589
3 0.2789285714285714 0.8711928934010152 0.029285714285714286 0.06472081218274112
3 0.32321428571428573 0.8388324873096447 0.029285714285714286 0.06345177664974619
1 0.3032142857142857 0.9784263959390863 0.03357142857142857 0.04060913705583756
2 0.2596428571428571 0.9714467005076142 0.04357142857142857 0.05456852791878172
3 0.15821428571428572 0.8540609137055838 0.030714285714285715 0.0583756345177665
3 0.19714285714285715 0.8312182741116751 0.03 0.0583756345177665
