0 0.245 0.0025380710659898475 0.018571428571428572 0.005076142131979695
0 0.225 0.024746192893401017 0.01 0.011421319796954314
0 0.24392857142857144 0.06408629441624365 0.009285714285714286 0.01649746192893401
0 0.2835714285714286 0.02030456852791878 0.012857142857142857 0.017766497461928935
0 0.2642857142857143 0.05456852791878172 0.01 0.015228426395939087
0 0.2742857142857143 0.04949238578680203 0.008571428571428572 0.012690355329949238
3 0.29678571428571426 0.008883248730964468 0.017857142857142856 0.017766497461928935
0 0.30857142857142855 0.044416243654822336 0.008571428571428572 0.017766497461928935
3 0.3242857142857143 0.06535532994923858 0.011428571428571429 0.0266497461928934
3 0.30357142857142855 0.07423857868020305 0.01 0.01903553299492386
3 0.28535714285714286 0.08121827411167512 0.010714285714285714 0.02284263959390863
0 0.27 0.07614213197969544 0.008571428571428572 0.015228426395939087
0 0.27964285714285714 0.06725888324873096 0.007857142857142858 0.015228426395939087
0 0.2739285714285714 0.09517766497461928 0.009285714285714286 0.015228426395939087
0 0.37464285714285717 0.25761421319796957 0.013571428571428571 0.025380710659898477
0 0.4025 0.2848984771573604 0.012142857142857143 0.02918781725888325
0 0.41535714285714287 0.3737309644670051 0.016428571428571428 0.02918781725888325
0 0.3460714285714286 0.3477157360406091 0.013571428571428571 0.025380710659898477
0 0.34785714285714286 0.2969543147208122 0.012857142857142857 0.025380710659898477
0 0.3296428571428571 0.29124365482233505 0.013571428571428571 0.024111675126903553
0 0.32321428571428573 0.3401015228426396 0.015 0.027918781725888325
0 0.30178571428571427 0.26586294416243655 0.013571428571428571 0.024111675126903553
3 0.3221428571428571 0.2639593908629442 0.012857142857142857 0.02284263959390863
3 0.3142857142857143 0.24111675126903553 0.011428571428571429 0.02284263959390863
0 0.3078571428571429 0.2182741116751269 0.011428571428571429 0.02030456852791878
0 0.3242857142857143 0.2182741116751269 0.012857142857142857 0.02030456852791878
0 0.36214285714285716 0.21573604060913706 0.011428571428571429 0.02284263959390863
0 0.3157142857142857 0.19289340101522842 0.011428571428571429 0.02284263959390863
0 0.30214285714285716 0.19289340101522842 0.012857142857142857 0.02284263959390863
0 0.29678571428571426 0.1713197969543147 0.012142857142857143 0.02284263959390863
0 0.3082142857142857 0.16624365482233502 0.012142857142857143 0.02284263959390863
0 0.30214285714285716 0.14593908629441624 0.01 0.02284263959390863
0 0.2885714285714286 0.14593908629441624 0.011428571428571429 0.02030456852791878
0 0.2889285714285714 0.10152284263959391 0.009285714285714286 0.015228426395939087
3 0.2953571428571429 0.12055837563451777 0.010714285714285714 0.017766497461928935
2 0.2817857142857143 0.11421319796954314 0.015 0.03553299492385787
1 0.26285714285714284 0.13324873096446702 0.018571428571428572 0.04568527918781726
2 0.28214285714285714 0.20621827411167512 0.017142857142857144 0.03934010152284264
2 0.39714285714285713 0.3762690355329949 0.02142857142857143 0.05203045685279188
1 0.4228571428571429 0.3426395939086294 0.022857142857142857 0.0583756345177665
1 0.3921428571428571 0.3020304568527919 0.03 0.07868020304568528
3 0.34214285714285714 0.13324873096446702 0.011428571428571429 0.027918781725888325
3 0.3375 0.10215736040609137 0.012142857142857143 0.024111675126903553
0 0.3535714285714286 0.1751269035532995 0.012857142857142857 0.025380710659898477
0 0.34964285714285714 0.22906091370558376 0.013571428571428571 0.0266497461928934
0 0.31285714285714283 0.1148477157360406 0.008571428571428572 0.01649746192893401
3 0.4625 0.4682741116751269 0.017857142857142856 0.04060913705583756
3 0.43392857142857144 0.43274111675126903 0.017857142857142856 0.04060913705583756
2 0.38607142857142857 0.45558375634517767 0.020714285714285713 0.06345177664974619
3 0.4007142857142857 0.6383248730964467 0.02 0.048223350253807105
0 0.4610714285714286 0.7062182741116751 0.017857142857142856 0.03934010152284264
0 0.3732142857142857 0.5342639593908629 0.016428571428571428 0.03299492385786802
3 0.3489285714285714 0.43908629441624364 0.015 0.03299492385786802
1 0.4517857142857143 0.5 0.027857142857142858 0.07360406091370558
2 0.5203571428571429 0.6288071065989848 0.047857142857142855 0.11802030456852793
2 0.4857142857142857 0.5317258883248731 0.04428571428571428 0.10152284263959391
0 0.4903571428571429 0.6072335025380711 0.017857142857142856 0.03680203045685279
0 0.5503571428571429 0.7271573604060914 0.02214285714285714 0.048223350253807105
0 0.5364285714285715 0.7607868020304569 0.022857142857142857 0.05456852791878172
0 0.5971428571428572 0.8623096446700508 0.025714285714285714 0.06218274111675127
3 0.6175 0.9308375634517766 0.027857142857142858 0.06725888324873096
3 0.5842857142857143 0.9308375634517766 0.027142857142857142 0.07233502538071065
3 0.5632142857142857 0.8375634517766497 0.02642857142857143 0.06598984771573604
3 0.5725 0.7887055837563451 0.02642857142857143 0.06218274111675127
2 0.5139285714285714 0.6802030456852792 0.030714285714285715 0.07360406091370558
