0 0.013571428571428571 0.5729695431472082 0.027142857142857142 0.05710659898477157
0 0.029285714285714286 0.5152284263959391 0.04285714285714286 0.06345177664974619
0 0.055714285714285716 0.4606598984771574 0.03571428571428571 0.050761421319796954
0 0.12142857142857143 0.31281725888324874 0.024285714285714285 0.03934010152284264
0 0.1432142857142857 0.309010152284264 0.02214285714285714 0.03680203045685279
0 0.13607142857142857 0.27918781725888325 0.025 0.030456852791878174
0 0.1417857142857143 0.25444162436548223 0.04071428571428572 0.024111675126903553
0 0.16857142857142857 0.22081218274111675 0.022857142857142857 0.03299492385786802
0 0.1825 0.19733502538071065 0.023571428571428573 0.02918781725888325
2 0.16785714285714284 0.3489847715736041 0.03857142857142857 0.08375634517766498
2 0.2882142857142857 0.13769035532994925 0.029285714285714286 0.06218274111675127
0 0.19642857142857142 0.11104060913705584 0.018571428571428572 0.03680203045685279
0 0.18392857142857144 0.05964467005076142 0.02642857142857143 0.017766497461928935
0 0.23214285714285715 0.060279187817258884 0.03142857142857143 0.021573604060913704
0 0.2692857142857143 0.04949238578680203 0.027142857142857142 0.025380710659898477
0 0.3342857142857143 0.05964467005076142 0.017142857142857144 0.027918781725888325
1 0.29964285714285716 0.9067258883248731 0.09785714285714285 0.18401015228426396
0 0.5871428571428572 0.9295685279187818 0.045714285714285714 0.1383248730964467
0 0.485 0.40609137055837563 0.02857142857142857 0.07106598984771574
0 0.45285714285714285 0.29441624365482233 0.025714285714285714 0.0532994923857868
0 0.4692857142857143 0.10025380710659898 0.02 0.04060913705583756
0 0.5542857142857143 0.22906091370558376 0.024285714285714285 0.04949238578680203
3 0.5853571428571429 0.2068527918781726 0.020714285714285713 0.0583756345177665
3 0.6639285714285714 0.4543147208121827 0.04071428571428572 0.09644670050761421
3 0.5928571428571429 0.08185279187817258 0.017142857142857144 0.04187817258883249
0 0.6135714285714285 0.15101522842639595 0.02142857142857143 0.050761421319796954
0 0.6292857142857143 0.30647208121827413 0.027142857142857142 0.05964467005076142
0 0.5035714285714286 0.10215736040609137 0.015714285714285715 0.04187817258883249
