1 0.15178571428571427 0.8635786802030457 0.08357142857142857 0.2703045685279188
1 0.19714285714285715 0.5888324873096447 0.07285714285714286 0.16243654822335024
3 0.21464285714285714 0.4746192893401015 0.05785714285714286 0.08121827411167512
3 0.265 0.21573604060913706 0.03142857142857143 0.050761421319796954
3 0.29178571428571426 0.14593908629441624 0.03642857142857143 0.0583756345177665
3 0.3296428571428571 0.0932741116751269 0.02642857142857143 0.04187817258883249
0 0.3539285714285714 0.056472081218274114 0.025 0.03680203045685279
0 0.2542857142857143 0.2893401015228426 0.054285714285714284 0.0532994923857868
3 0.7582142857142857 0.05710659898477157 0.025 0.05583756345177665
3 0.8171428571428572 0.1814720812182741 0.05857142857142857 0.0583756345177665
3 0.8357142857142857 0.20304568527918782 0.055714285714285716 0.06345177664974619
0 0.8596428571428572 0.060279187817258884 0.055 0.046954314720812185
0 0.8075 0.157994923857868 0.052142857142857144 0.04949238578680203
