0 0.5464509394572025 0.16743970315398887 0.028183716075156576 0.05844155844155844
0 0.5571503131524008 0.09090909090909091 0.02244258872651357 0.04823747680890538
0 0.5879436325678496 0.1349721706864564 0.0255741127348643 0.05287569573283859
0 0.587160751565762 0.18460111317254174 0.030271398747390398 0.0575139146567718
0 0.5777661795407099 0.25742115027829315 0.032359081419624215 0.07328385899814471
0 0.5730688935281837 0.46614100185528756 0.04175365344467641 0.13079777365491652
0 0.5913361169102297 0.09044526901669758 0.024008350730688934 0.038033395176252316
0 0.5889874739039666 0.04081632653061224 0.02139874739039666 0.04452690166975881
0 0.5754175365344467 0.3385899814471243 0.04123173277661795 0.10018552875695733
0 0.6059498956158664 0.9253246753246753 0.07411273486430063 0.14749536178107606
0 0.5957724425887265 0.013450834879406308 0.019311064718162838 0.026901669758812616
