3 0.0325 0.6713197969543148 0.045 0.03807106598984772
3 0.15214285714285714 0.641497461928934 0.047142857142857146 0.03934010152284264
1 0.24142857142857144 0.6205583756345178 0.05 0.048223350253807105
1 0.20464285714285715 0.6795685279187818 0.11071428571428571 0.07233502538071065
0 0.011785714285714287 0.8083756345177665 0.023571428571428573 0.04060913705583756
1 0.05678571428571429 0.817258883248731 0.09357142857142857 0.050761421319796954
1 0.12928571428571428 0.8908629441624365 0.12428571428571429 0.0583756345177665
1 0.16035714285714286 0.8248730964467005 0.10928571428571429 0.0583756345177665
1 0.17464285714285716 0.758248730964467 0.085 0.05203045685279188
0 0.31035714285714283 0.6491116751269036 0.045 0.03680203045685279
0 0.3417857142857143 0.5996192893401016 0.04214285714285714 0.03934010152284264
0 0.4160714285714286 0.6376903553299492 0.04642857142857143 0.03426395939086294
3 0.4253571428571429 0.5799492385786802 0.04214285714285714 0.03807106598984772
0 0.2910714285714286 0.751269035532995 0.02214285714285714 0.07614213197969544
0 0.3182142857142857 0.748730964467005 0.020714285714285713 0.08375634517766498
0 0.34464285714285714 0.7474619289340102 0.023571428571428573 0.08629441624365482
0 0.3982142857142857 0.7373096446700508 0.020714285714285713 0.08629441624365482
0 0.425 0.7227157360406091 0.02 0.05964467005076142
3 0.4764285714285714 0.7315989847715736 0.022857142857142857 0.0901015228426396
0 0.5028571428571429 0.7277918781725888 0.02 0.0850253807106599
0 0.5282142857142857 0.7277918781725888 0.020714285714285713 0.0850253807106599
1 0.6796428571428571 0.9346446700507615 0.10214285714285715 0.07233502538071065
1 0.825 0.9631979695431472 0.13428571428571429 0.07106598984771574
0 0.9860714285714286 0.9784263959390863 0.027857142857142858 0.03807106598984772
3 0.9892857142857143 0.9175126903553299 0.02142857142857143 0.04314720812182741
0 0.9885714285714285 0.8642131979695431 0.022857142857142857 0.04314720812182741
3 0.8532142857142857 0.8096446700507615 0.045 0.08375634517766498
3 0.8157142857142857 0.7982233502538071 0.045714285714285714 0.07614213197969544
3 0.7735714285714286 0.7982233502538071 0.04857142857142857 0.07868020304568528
3 0.7342857142857143 0.7937817258883249 0.041428571428571426 0.06725888324873096
0 0.6978571428571428 0.7829949238578681 0.04428571428571428 0.07106598984771574
3 0.6578571428571428 0.7760152284263959 0.047142857142857146 0.07741116751269035
2 0.9667857142857142 0.6294416243654822 0.06642857142857143 0.06598984771573604
3 0.945 0.5374365482233503 0.055714285714285716 0.03680203045685279
3 0.8925 0.5869289340101523 0.05785714285714286 0.03680203045685279
3 0.7867857142857143 0.5177664974619289 0.04214285714285714 0.03553299492385787
0 0.815 0.5894670050761421 0.05 0.03680203045685279
0 0.7275 0.5805837563451777 0.047857142857142855 0.03934010152284264
3 0.6464285714285715 0.6110406091370558 0.047142857142857146 0.03680203045685279
0 0.6978571428571428 0.5279187817258884 0.04428571428571428 0.03807106598984772
3 0.7153571428571428 0.475253807106599 0.047857142857142855 0.044416243654822336
3 0.6357142857142857 0.5019035532994924 0.04 0.03680203045685279
0 0.5828571428571429 0.5526649746192893 0.047142857142857146 0.03426395939086294
2 0.5607142857142857 0.6154822335025381 0.06285714285714286 0.04314720812182741
2 0.8017857142857143 0.3699238578680203 0.12785714285714286 0.0901015228426396
0 0.8110714285714286 0.24492385786802032 0.045 0.04060913705583756
0 0.5635714285714286 0.43781725888324874 0.045714285714285714 0.04060913705583756
0 0.5085714285714286 0.5583756345177665 0.045714285714285714 0.04314720812182741
0 0.37785714285714284 0.4619289340101523 0.045714285714285714 0.03807106598984772
