0 0.8539285714285715 0.6666666666666666 0.22642857142857142 0.12380952380952381
0 0.9642857142857143 0.590952380952381 0.07142857142857142 0.09238095238095238
0 0.9664285714285714 0.4866666666666667 0.06714285714285714 0.06857142857142857
0 0.7575 0.5780952380952381 0.1792857142857143 0.10095238095238095
0 0.7989285714285714 0.47904761904761906 0.10642857142857143 0.05333333333333334
0 0.7753571428571429 0.4533333333333333 0.11071428571428571 0.05523809523809524
0 0.49607142857142855 0.37666666666666665 0.029285714285714286 0.039047619047619046
3 0.46214285714285713 0.34809523809523807 0.024285714285714285 0.037142857142857144
3 0.3007142857142857 0.3842857142857143 0.03428571428571429 0.05047619047619047
3 0.17964285714285713 0.36095238095238097 0.035 0.0419047619047619
2 0.21857142857142858 0.31952380952380954 0.06142857142857143 0.05047619047619047
0 0.045714285714285714 0.3661904761904762 0.032857142857142856 0.03142857142857143
0 0.06142857142857143 0.34476190476190477 0.03 0.022857142857142857
0 0.08535714285714285 0.30904761904761907 0.017857142857142856 0.018095238095238095
0 0.15035714285714286 0.38857142857142857 0.04357142857142857 0.0380952380952381
0 0.22535714285714287 0.34476190476190477 0.04071428571428572 0.02666666666666667
0 0.2732142857142857 0.32666666666666666 0.02642857142857143 0.024761904761904763
0 0.30892857142857144 0.31285714285714283 0.02214285714285714 0.018095238095238095
0 0.3242857142857143 0.3057142857142857 0.015714285714285715 0.01904761904761905
0 0.3375 0.30047619047619045 0.013571428571428571 0.01619047619047619
3 0.3825 0.3295238095238095 0.029285714285714286 0.024761904761904763
0 0.39285714285714285 0.2980952380952381 0.015714285714285715 0.013333333333333334
0 0.5389285714285714 0.37714285714285717 0.029285714285714286 0.03428571428571429
0 0.6667857142857143 0.4104761904761905 0.085 0.04380952380952381
0 0.7864285714285715 0.4104761904761905 0.09285714285714286 0.04380952380952381
0 0.8917857142857143 0.4080952380952381 0.11214285714285714 0.04857142857142857
0 0.7039285714285715 0.32 0.02642857142857143 0.02095238095238095
0 0.6792857142857143 0.34523809523809523 0.03571428571428571 0.029523809523809525
3 0.6603571428571429 0.37 0.027857142857142858 0.039047619047619046
0 0.6217857142857143 0.37761904761904763 0.03642857142857143 0.037142857142857144
0 0.6903571428571429 0.37333333333333335 0.02642857142857143 0.03238095238095238
0 0.7217857142857143 0.370952380952381 0.029285714285714286 0.035238095238095235
0 0.7603571428571428 0.3680952380952381 0.03357142857142857 0.037142857142857144
0 0.7253571428571428 0.3495238095238095 0.03357142857142857 0.030476190476190476
0 0.5628571428571428 0.35428571428571426 0.05857142857142857 0.02857142857142857
0 0.5542857142857143 0.34476190476190477 0.05714285714285714 0.024761904761904763
0 0.5514285714285714 0.3376190476190476 0.05 0.02
0 0.5521428571428572 0.3319047619047619 0.04857142857142857 0.023809523809523808
0 0.5428571428571428 0.31238095238095237 0.04 0.017142857142857144
3 0.465 0.3314285714285714 0.02 0.022857142857142857
0 0.4742857142857143 0.3142857142857143 0.017142857142857144 0.01904761904761905
3 0.5942857142857143 0.27476190476190476 0.02142857142857143 0.010476190476190476
0 0.5982142857142857 0.2814285714285714 0.010714285714285714 0.010476190476190476
2 0.38 0.26571428571428574 0.011428571428571429 0.017142857142857144
3 0.027142857142857142 0.3333333333333333 0.02857142857142857 0.02666666666666667
3 0.016428571428571428 0.31952380952380954 0.025714285714285714 0.02761904761904762
0 0.25642857142857145 0.31333333333333335 0.015714285714285715 0.01904761904761905
0 0.13535714285714287 0.30095238095238097 0.035 0.017142857142857144
3 0.9510714285714286 0.36904761904761907 0.05071428571428571 0.04476190476190476
