3 0.00861169102296451 0.16975881261595546 0.01722338204592902 0.03710575139146568
3 0.01278705636743215 0.34415584415584416 0.0255741127348643 0.05380333951762523
0 0.024791231732776618 0.4313543599257885 0.03288100208768267 0.05380333951762523
1 0.11221294363256785 0.5913729128014842 0.054279749478079335 0.1345083487940631
0 0.2737473903966597 0.5051020408163265 0.03392484342379958 0.07699443413729128
0 0.3924843423799583 0.661873840445269 0.07306889352818371 0.08256029684601113
0 0.7630480167014614 0.6934137291280148 0.022964509394572025 0.032467532467532464
0 0.7828810020876826 0.6697588126159555 0.054279749478079335 0.08348794063079777
1 0.7419102296450939 0.38404452690166974 0.05167014613778706 0.04823747680890538
0 0.1865866388308977 0.18877551020408162 0.03914405010438413 0.030612244897959183
0 0.1589248434237996 0.1660482374768089 0.02139874739039666 0.03525046382189239
0 0.1808455114822547 0.5473098330241187 0.03392484342379958 0.07792207792207792
