0 0.35035714285714287 0.7938095238095239 0.05928571428571429 0.18571428571428572
3 0.7171428571428572 0.8266666666666667 0.12857142857142856 0.08952380952380952
0 0.6625 0.5947619047619047 0.115 0.08285714285714285
3 0.6378571428571429 0.4719047619047619 0.11857142857142858 0.08666666666666667
0 0.6164285714285714 0.3485714285714286 0.09857142857142857 0.07428571428571429
0 0.5107142857142857 0.56 0.11 0.08
0 0.49107142857142855 0.31761904761904763 0.10071428571428571 0.06952380952380953
0 0.4953571428571429 0.4685714285714286 0.10357142857142858 0.07047619047619047
0 0.5742857142857143 0.18571428571428572 0.08714285714285715 0.05904761904761905
0 0.5546428571428571 0.14238095238095239 0.085 0.058095238095238096
0 0.46214285714285713 0.08666666666666667 0.08142857142857143 0.05142857142857143
0 0.7246428571428571 0.9557142857142857 0.145 0.08857142857142856
