0 0.14274530271398747 0.16883116883116883 0.008872651356993737 0.0074211502782931356
0 0.1448329853862213 0.16001855287569575 0.009916492693110648 0.008348794063079777
0 0.3977035490605428 0.3232838589981447 0.026096033402922755 0.017625231910946195
0 0.3883089770354906 0.39007421150278293 0.027139874739039668 0.032467532467532464
0 0.3990083507306889 0.3761595547309833 0.015135699373695199 0.021335807050092765
0 0.4034446764091858 0.3692022263450835 0.009394572025052192 0.016697588126159554
1 0.28575156576200417 0.5913729128014842 0.029749478079331943 0.045454545454545456
1 0.29592901878914407 0.6043599257884972 0.033402922755741124 0.039888682745825604
1 0.31419624217118997 0.563543599257885 0.031315240083507306 0.039888682745825604
1 0.3277661795407098 0.576530612244898 0.032359081419624215 0.04359925788497217
1 0.34264091858037576 0.536178107606679 0.02661795407098121 0.04081632653061224
1 0.35803757828810023 0.5496289424860853 0.028183716075156576 0.036178107606679034
1 0.3682150313152401 0.5593692022263451 0.02870563674321503 0.03525046382189239
1 0.30427974947807934 0.6187384044526901 0.030271398747390398 0.04452690166975881
1 0.3363778705636743 0.5844155844155844 0.037056367432150315 0.03525046382189239
1 0.3400313152400835 0.5987940630797773 0.07045929018789145 0.08998144712430427
1 0.36247390396659707 0.6178107606679035 0.06002087682672234 0.08534322820037106
1 0.38648225469728603 0.6303339517625232 0.055845511482254695 0.07884972170686456
1 0.40292275574112735 0.6539888682745826 0.06367432150313153 0.08905380333951762
1 0.4264091858037578 0.6757884972170687 0.06889352818371608 0.09740259740259741
1 0.4488517745302714 0.7026901669758813 0.08350730688935282 0.10853432282003711
1 0.48173277661795405 0.7258812615955473 0.061586638830897704 0.09554730983302412
1 0.5070459290187892 0.7551020408163265 0.07254697286012526 0.12430426716141002
1 0.5647181628392485 0.7973098330241187 0.07306889352818371 0.11595547309833024
1 0.5587160751565762 0.5691094619666048 0.07359081419624217 0.07328385899814471
0 0.48825678496868474 0.2824675324675325 0.019311064718162838 0.012059369202226345
3 0.7716597077244259 0.4267161410018553 0.01826722338204593 0.03525046382189239
0 0.8068893528183716 0.44063079777365494 0.017745302713987474 0.03525046382189239
1 0.639874739039666 0.8613172541743971 0.030271398747390398 0.06029684601113173
1 0.6737995824634656 0.8752319109461967 0.015657620041753653 0.023191094619666047
1 0.6978079331941545 0.8933209647495362 0.016701461377870562 0.02411873840445269
