3 0.863 0.8886666666666667 0.094 0.20133333333333334
0 0.7575 0.821 0.098 0.206
3 0.67275 0.712 0.1135 0.156
0 0.62325 0.6056666666666667 0.0955 0.17133333333333334
1 0.37025 0.518 0.1785 0.19333333333333333
0 0.278 0.4643333333333333 0.125 0.118
0 0.23475 0.402 0.1115 0.11733333333333333
3 0.1795 0.3413333333333333 0.099 0.09333333333333334
3 0.0535 0.35133333333333333 0.107 0.10133333333333333
0 0.237 0.8823333333333333 0.167 0.18333333333333332
3 0.0515 0.9253333333333333 0.103 0.14933333333333335
