3 0.16892857142857143 0.21333333333333335 0.019285714285714285 0.04380952380952381
0 0.19035714285714286 0.2619047619047619 0.03357142857142857 0.022857142857142857
0 0.20642857142857143 0.34523809523809523 0.017142857142857144 0.040952380952380955
0 0.19107142857142856 0.3419047619047619 0.016428571428571428 0.0380952380952381
0 0.1425 0.32666666666666666 0.020714285714285713 0.03428571428571429
1 0.1707142857142857 0.3342857142857143 0.02857142857142857 0.05142857142857143
1 0.11678571428571428 0.31 0.02642857142857143 0.04285714285714286
1 0.5685714285714286 0.9133333333333333 0.024285714285714285 0.08190476190476191
0 0.425 0.7295238095238096 0.012857142857142857 0.0380952380952381
0 0.5367857142857143 0.6723809523809524 0.015 0.04
0 0.5289285714285714 0.5828571428571429 0.016428571428571428 0.04
0 0.5046428571428572 0.4604761904761905 0.015 0.039047619047619046
0 0.48678571428571427 0.2857142857142857 0.015 0.0380952380952381
0 0.44785714285714284 0.05285714285714286 0.012857142857142857 0.039047619047619046
3 0.4432142857142857 0.010476190476190476 0.015 0.02095238095238095
3 0.4832142857142857 0.1523809523809524 0.012142857142857143 0.0380952380952381
3 0.8885714285714286 0.10857142857142857 0.024285714285714285 0.03619047619047619
0 0.9210714285714285 0.30142857142857143 0.027857142857142858 0.03142857142857143
0 0.7467857142857143 0.44142857142857145 0.015 0.035238095238095235
