3 0.20392857142857143 0.4498730964467005 0.04642857142857143 0.046954314720812185
3 0.25142857142857145 0.47906091370558374 0.05 0.04949238578680203
3 0.45 0.35279187817258884 0.032857142857142856 0.06852791878172589
3 0.18107142857142858 0.30583756345177665 0.03642857142857143 0.07614213197969544
3 0.20464285714285715 0.3248730964467005 0.03642857142857143 0.08121827411167512
1 0.38607142857142857 0.6034263959390863 0.11071428571428571 0.07741116751269035
3 0.4135714285714286 0.3470812182741117 0.032857142857142856 0.07233502538071065
0 0.3425 0.3236040609137056 0.04214285714285714 0.04314720812182741
1 0.3357142857142857 0.6529187817258884 0.09142857142857143 0.06472081218274112
1 0.2475 0.9695431472081218 0.08357142857142857 0.0583756345177665
1 0.39321428571428574 0.9346446700507615 0.08928571428571429 0.1281725888324873
3 0.7703571428571429 0.6935279187817259 0.05071428571428571 0.0799492385786802
