0 0.1875 0.2019047619047619 0.017857142857142856 0.0419047619047619
0 0.20607142857142857 0.37333333333333335 0.019285714285714285 0.049523809523809526
0 0.19857142857142857 0.018571428571428572 0.02 0.037142857142857144
0 0.5910714285714286 0.9495238095238095 0.025 0.06285714285714286
1 0.5564285714285714 0.6428571428571429 0.022857142857142857 0.05333333333333334
0 0.5985714285714285 0.16095238095238096 0.018571428571428572 0.04380952380952381
0 0.9403571428571429 0.5852380952380952 0.02214285714285714 0.058095238095238096
0 0.9614285714285714 0.5861904761904762 0.02 0.05238095238095238
1 0.9857142857142858 0.590952380952381 0.02857142857142857 0.07333333333333333
0 0.9817857142857143 0.6976190476190476 0.03642857142857143 0.02761904761904762
