0 0.15964285714285714 0.08248730964467005 0.010714285714285714 0.027918781725888325
0 0.13964285714285715 0.08692893401015228 0.007857142857142858 0.021573604060913704
0 0.285 0.9467005076142132 0.027142857142857142 0.048223350253807105
0 0.30392857142857144 0.949238578680203 0.025 0.04568527918781726
0 0.31214285714285717 0.9714467005076142 0.025714285714285714 0.046954314720812185
3 0.4592857142857143 0.015862944162436547 0.007142857142857143 0.021573604060913704
1 0.5067857142857143 0.037436548223350255 0.012142857142857143 0.06725888324873096
3 0.45964285714285713 0.24048223350253808 0.009285714285714286 0.031725888324873094
3 0.47464285714285714 0.3610406091370558 0.009285714285714286 0.031725888324873094
3 0.49607142857142855 0.4003807106598985 0.009285714285714286 0.044416243654822336
3 0.49607142857142855 0.24048223350253808 0.009285714285714286 0.03680203045685279
0 0.4592857142857143 0.10786802030456853 0.008571428571428572 0.025380710659898477
0 0.4760714285714286 0.13769035532994925 0.007857142857142858 0.0266497461928934
0 0.49178571428571427 0.010786802030456852 0.007857142857142858 0.021573604060913704
1 0.515 0.4612944162436548 0.012857142857142857 0.06725888324873096
3 0.49642857142857144 0.5279187817258884 0.01 0.04060913705583756
0 0.515 0.5856598984771574 0.01 0.04187817258883249
1 0.45571428571428574 0.5348984771573604 0.014285714285714285 0.09517766497461928
0 0.4714285714285714 0.7474619289340102 0.01 0.04060913705583756
0 0.5189285714285714 0.7392131979695431 0.009285714285714286 0.03680203045685279
0 0.47035714285714286 0.9530456852791879 0.010714285714285714 0.048223350253807105
0 0.4496428571428571 0.8572335025380711 0.012142857142857143 0.04949238578680203
3 0.4675 0.6567258883248731 0.010714285714285714 0.04187817258883249
3 0.4975 0.6440355329949239 0.010714285714285714 0.046954314720812185
1 0.4953571428571429 0.8946700507614214 0.017857142857142856 0.19289340101522842
1 0.5182142857142857 0.9828680203045685 0.017857142857142856 0.031725888324873094
1 0.44392857142857145 0.9784263959390863 0.017857142857142856 0.04060913705583756
