0 0.3731732776617954 0.16280148423005567 0.026096033402922755 0.023191094619666047
3 0.43893528183716074 0.046846011131725415 0.010438413361169102 0.017625231910946195
0 0.44806889352818374 0.02504638218923933 0.008872651356993737 0.016697588126159554
0 0.494258872651357 0.05241187384044527 0.009394572025052192 0.015769944341372914
0 0.4934759916492693 0.09740259740259741 0.010960334029227558 0.01855287569573284
0 0.5078288100208769 0.07467532467532467 0.010438413361169102 0.01948051948051948
0 0.5125260960334029 0.16651205936920221 0.016701461377870562 0.02504638218923933
0 0.5300104384133612 0.09322820037105752 0.009916492693110648 0.01948051948051948
0 0.5130480167014614 0.01437847866419295 0.006263048016701462 0.013914656771799629
0 0.45407098121085593 0.00463821892393321 0.0020876826722338203 0.00927643784786642
1 0.4887787056367432 0.2481447124304267 0.031837160751565764 0.08256029684601113
0 0.5683716075156576 0.29916512059369205 0.019832985386221295 0.036178107606679034
0 0.5819415448851775 0.6307977736549165 0.03653444676409186 0.08719851576994433
0 0.5242693110647182 0.6275510204081632 0.0360125260960334 0.09925788497217068
0 0.6779749478079332 0.9392393320964749 0.05636743215031315 0.11966604823747681
1 0.4572025052192067 0.8664192949907236 0.07411273486430063 0.25788497217068646
3 0.9204070981210856 0.6312615955473099 0.06941544885177453 0.06957328385899815
0 0.894572025052192 0.5412801484230055 0.059498956158663886 0.045454545454545456
0 0.872651356993737 0.5051020408163265 0.0709812108559499 0.05102040816326531
3 0.8593423799582464 0.45964749536178107 0.03392484342379958 0.030612244897959183
0 0.791231732776618 0.4577922077922078 0.037578288100208766 0.06029684601113173
0 0.6957202505219207 0.22448979591836735 0.03549060542797495 0.025974025974025976
0 0.68919624217119 0.20732838589981448 0.03392484342379958 0.023191094619666047
3 0.6860647181628392 0.1901669758812616 0.0360125260960334 0.03339517625231911
3 0.691544885177453 0.1836734693877551 0.030271398747390398 0.022263450834879406
0 0.764874739039666 0.3520408163265306 0.049582463465553235 0.03432282003710575
0 0.5683716075156576 0.031076066790352505 0.007306889352818371 0.012059369202226345
