0 0.10392857142857143 0.3333333333333333 0.047857142857142855 0.024761904761904763
0 0.09428571428571429 0.28285714285714286 0.041428571428571426 0.017142857142857144
0 0.11607142857142858 0.30857142857142855 0.052142857142857144 0.022857142857142857
0 0.16964285714285715 0.33476190476190476 0.047857142857142855 0.01619047619047619
0 0.16964285714285715 0.3233333333333333 0.04642857142857143 0.018095238095238095
0 0.30857142857142855 0.9166666666666666 0.05285714285714286 0.1457142857142857
3 0.045714285714285714 0.32761904761904764 0.047142857142857146 0.02857142857142857
0 0.5253571428571429 0.5476190476190477 0.029285714285714286 0.05523809523809524
0 0.5182142857142857 0.48238095238095235 0.02642857142857143 0.04285714285714286
0 0.5489285714285714 0.3314285714285714 0.04071428571428572 0.02857142857142857
0 0.4185714285714286 0.16333333333333333 0.012857142857142857 0.012380952380952381
0 0.4253571428571429 0.1376190476190476 0.007857142857142858 0.010476190476190476
0 0.4164285714285714 0.12523809523809523 0.008571428571428572 0.010476190476190476
0 0.4303571428571429 0.26 0.012142857142857143 0.017142857142857144
0 0.3989285714285714 0.16476190476190475 0.013571428571428571 0.015238095238095238
0 0.4232142857142857 0.09904761904761905 0.007857142857142858 0.009523809523809525
0 0.42678571428571427 0.07523809523809524 0.0064285714285714285 0.007619047619047619
0 0.4303571428571429 0.08714285714285715 0.0064285714285714285 0.006666666666666667
0 0.4332142857142857 0.07476190476190477 0.0035714285714285713 0.008571428571428572
0 0.43107142857142855 0.06571428571428571 0.005 0.005714285714285714
3 0.4328571428571429 0.24142857142857144 0.014285714285714285 0.02
3 0.43107142857142855 0.2776190476190476 0.017857142857142856 0.02761904761904762
0 0.4117857142857143 0.22714285714285715 0.012142857142857143 0.01619047619047619
0 0.45107142857142857 0.29714285714285715 0.029285714285714286 0.022857142857142857
0 0.4110714285714286 0.24333333333333335 0.013571428571428571 0.01619047619047619
0 0.3992857142857143 0.17857142857142858 0.012857142857142857 0.014285714285714285
0 0.4232142857142857 0.10857142857142857 0.010714285714285714 0.011428571428571429
0 0.4303571428571429 0.09380952380952381 0.0064285714285714285 0.006666666666666667
0 0.4253571428571429 0.08238095238095237 0.0064285714285714285 0.006666666666666667
3 0.5014285714285714 0.31047619047619046 0.03571428571428571 0.030476190476190476
0 0.7360714285714286 0.32 0.04214285714285714 0.02095238095238095
0 0.8185714285714286 0.31952380952380954 0.041428571428571426 0.023809523809523808
0 0.6657142857142857 0.3423809523809524 0.045714285714285714 0.02761904761904762
0 0.6971428571428572 0.33 0.04285714285714286 0.02
0 0.6839285714285714 0.31857142857142856 0.039285714285714285 0.02
0 0.815 0.3457142857142857 0.05142857142857143 0.024761904761904763
0 0.9192857142857143 0.3423809523809524 0.04428571428571428 0.02761904761904762
0 0.42142857142857143 0.06619047619047619 0.004285714285714286 0.004761904761904762
0 0.415 0.08333333333333333 0.005714285714285714 0.006666666666666667
0 0.4175 0.07476190476190477 0.0064285714285714285 0.006666666666666667
0 0.4228571428571429 0.06 0.005714285714285714 0.0038095238095238095
0 0.4567857142857143 0.06190476190476191 0.005 0.0038095238095238095
0 0.46035714285714285 0.05047619047619047 0.0035714285714285713 0.0038095238095238095
0 0.45535714285714285 0.05380952380952381 0.0035714285714285713 0.002857142857142857
0 0.4567857142857143 0.058095238095238096 0.0035714285714285713 0.0038095238095238095
0 0.4546428571428571 0.04904761904761905 0.005 0.004761904761904762
0 0.4564285714285714 0.041428571428571426 0.002857142857142857 0.004761904761904762
0 0.4521428571428571 0.039047619047619046 0.002857142857142857 0.0038095238095238095
0 0.4575 0.04666666666666667 0.0035714285714285713 0.0038095238095238095
0 0.45571428571428574 0.03666666666666667 0.002857142857142857 0.002857142857142857
0 0.45285714285714285 0.03428571428571429 0.002857142857142857 0.0038095238095238095
0 0.4546428571428571 0.032857142857142856 0.0035714285714285713 0.002857142857142857
0 0.4521428571428571 0.029523809523809525 0.004285714285714286 0.0038095238095238095
0 0.45285714285714285 0.025238095238095237 0.002857142857142857 0.002857142857142857
0 0.4610714285714286 0.05714285714285714 0.0035714285714285713 0.005714285714285714
0 0.4564285714285714 0.058095238095238096 0.004285714285714286 0.0038095238095238095
