0 0.81325 0.716 0.0325 0.032
0 0.562 0.9456666666666667 0.026 0.056666666666666664
0 0.555 0.8803333333333333 0.019 0.046
0 0.54675 0.827 0.0215 0.04733333333333333
0 0.541 0.7736666666666666 0.022 0.042
0 0.53575 0.727 0.0165 0.035333333333333335
0 0.531 0.68 0.019 0.036
0 0.52275 0.6173333333333333 0.0135 0.029333333333333333
0 0.5275 0.6463333333333333 0.015 0.03
2 0.51725 0.5606666666666666 0.0215 0.072
0 0.51375 0.5226666666666666 0.0155 0.009333333333333334
0 0.5115 0.509 0.011 0.019333333333333334
0 0.50625 0.4856666666666667 0.0155 0.016666666666666666
0 0.506 0.4593333333333333 0.013 0.017333333333333333
0 0.503 0.428 0.009 0.013333333333333334
0 0.5045 0.41533333333333333 0.009 0.013333333333333334
0 0.50475 0.4023333333333333 0.0095 0.014
0 0.5045 0.39066666666666666 0.01 0.013333333333333334
0 0.50225 0.37433333333333335 0.0075 0.014
0 0.49775 0.35233333333333333 0.0095 0.011333333333333334
0 0.4985 0.3413333333333333 0.007 0.009333333333333334
0 0.49625 0.3313333333333333 0.0065 0.009333333333333334
0 0.5005 0.3636666666666667 0.007 0.008666666666666666
2 0.49475 0.31533333333333335 0.0135 0.024
2 0.491 0.295 0.013 0.023333333333333334
0 0.3495 0.978 0.021 0.044
0 0.33625 0.825 0.0215 0.05
0 0.3465 0.7556666666666667 0.022 0.048666666666666664
0 0.28975 0.76 0.0215 0.042666666666666665
0 0.3055 0.702 0.02 0.03866666666666667
0 0.35375 0.6803333333333333 0.0175 0.035333333333333335
0 0.385 0.6643333333333333 0.017 0.04066666666666666
0 0.39175 0.5826666666666667 0.0155 0.028
3 0.412 0.5883333333333334 0.015 0.03666666666666667
0 0.37575 0.5506666666666666 0.0145 0.02666666666666667
0 0.3765 0.507 0.014 0.027333333333333334
0 0.418 0.49333333333333335 0.011 0.02266666666666667
0 0.405 0.4523333333333333 0.013 0.019333333333333334
0 0.3455 0.43866666666666665 0.011 0.017333333333333333
3 0.3565 0.3953333333333333 0.014 0.02
3 0.335 0.4846666666666667 0.014 0.02266666666666667
0 0.19875 0.7693333333333333 0.0245 0.04933333333333333
0 0.25125 0.9346666666666666 0.0305 0.06266666666666666
0 0.31425 0.6073333333333333 0.0145 0.032
0 0.31175 0.6563333333333333 0.0165 0.027333333333333334
0 0.37325 0.3606666666666667 0.0095 0.017333333333333333
0 0.379 0.33 0.007 0.012
0 0.363 0.38166666666666665 0.011 0.012666666666666666
0 0.41175 0.30266666666666664 0.0085 0.013333333333333334
0 0.43125 0.2713333333333333 0.0075 0.010666666666666666
0 0.4545 0.2976666666666667 0.005 0.01
0 0.4455 0.284 0.007 0.009333333333333334
0 0.45275 0.22833333333333333 0.0065 0.008666666666666666
0 0.4145 0.23033333333333333 0.006 0.01
0 0.43375 0.234 0.0065 0.009333333333333334
0 0.4205 0.25566666666666665 0.007 0.01
0 0.40675 0.24333333333333335 0.0055 0.008
0 0.3795 0.23966666666666667 0.005 0.006
0 0.388 0.24266666666666667 0.005 0.006666666666666667
0 0.3955 0.24633333333333332 0.007 0.008666666666666666
0 0.39425 0.252 0.0055 0.006666666666666667
0 0.39375 0.26 0.0075 0.008
0 0.39175 0.26766666666666666 0.0085 0.008666666666666666
0 0.3905 0.27366666666666667 0.006 0.007333333333333333
0 0.389 0.2796666666666667 0.007 0.008666666666666666
0 0.387 0.287 0.007 0.007333333333333333
0 0.38575 0.294 0.0055 0.006666666666666667
0 0.38375 0.2996666666666667 0.0095 0.008666666666666666
0 0.38275 0.309 0.0085 0.01
0 0.3815 0.31866666666666665 0.01 0.010666666666666666
0 0.12325 0.38766666666666666 0.0145 0.016666666666666666
0 0.10925 0.4063333333333333 0.0155 0.019333333333333334
0 0.0995 0.4196666666666667 0.014 0.015333333333333332
0 0.141 0.4186666666666667 0.018 0.013333333333333334
0 0.47875 0.225 0.0055 0.007333333333333333
0 0.48 0.23233333333333334 0.005 0.007333333333333333
0 0.48025 0.23733333333333334 0.0045 0.008
0 0.48125 0.24666666666666667 0.0055 0.009333333333333334
0 0.48225 0.255 0.0055 0.007333333333333333
0 0.483 0.26166666666666666 0.006 0.008666666666666666
0 0.48575 0.2846666666666667 0.0075 0.009333333333333334
