0 0.3385714285714286 0.05710659898477157 0.018571428571428572 0.03553299492385787
0 0.405 0.15355329949238578 0.018571428571428572 0.03299492385786802
0 0.3942857142857143 0.9657360406091371 0.025714285714285714 0.04568527918781726
1 0.36678571428571427 0.9574873096446701 0.056428571428571425 0.08248730964467005
0 0.46535714285714286 0.8350253807106599 0.023571428571428573 0.04060913705583756
0 0.47535714285714287 0.7696700507614214 0.020714285714285713 0.03934010152284264
0 0.5428571428571428 0.6763959390862944 0.02142857142857143 0.04568527918781726
3 0.5717857142857142 0.5862944162436549 0.02642857142857143 0.048223350253807105
3 0.6439285714285714 0.49048223350253806 0.025 0.044416243654822336
1 0.6996428571428571 0.8591370558375635 0.07928571428571428 0.13705583756345177
0 0.6964285714285714 0.7779187817258884 0.024285714285714285 0.04060913705583756
0 0.7228571428571429 0.8204314720812182 0.025714285714285714 0.044416243654822336
2 0.7278571428571429 0.7798223350253807 0.06 0.09771573604060914
2 0.7717857142857143 0.809010152284264 0.06928571428571428 0.11040609137055837
1 0.7185714285714285 0.7246192893401016 0.04 0.06345177664974619
1 0.7775 0.8635786802030457 0.04214285714285714 0.06725888324873096
2 0.8221428571428572 0.9771573604060914 0.03571428571428571 0.04314720812182741
2 0.835 0.949238578680203 0.07428571428571429 0.09898477157360407
0 0.6842857142857143 0.3889593908629442 0.022857142857142857 0.03934010152284264
0 0.7503571428571428 0.4213197969543147 0.020714285714285713 0.03807106598984772
0 0.7460714285714286 0.3864213197969543 0.023571428571428573 0.03934010152284264
0 0.7667857142857143 0.43147208121827413 0.02214285714285714 0.03807106598984772
0 0.7760714285714285 0.4530456852791878 0.023571428571428573 0.04314720812182741
0 0.8053571428571429 0.31916243654822335 0.023571428571428573 0.04187817258883249
0 0.7496428571428572 0.28426395939086296 0.02214285714285714 0.03807106598984772
0 0.7239285714285715 0.27918781725888325 0.023571428571428573 0.04060913705583756
0 0.77 0.1935279187817259 0.02 0.03426395939086294
0 0.7992857142857143 0.1935279187817259 0.02 0.03680203045685279
0 0.8507142857142858 0.12373096446700507 0.02142857142857143 0.03934010152284264
