0 0.2667857142857143 0.01619047619047619 0.015 0.02666666666666667
0 0.26607142857142857 0.04904761904761905 0.013571428571428571 0.025714285714285714
0 0.26071428571428573 0.0880952380952381 0.014285714285714285 0.029523809523809525
0 0.26071428571428573 0.13476190476190475 0.017142857142857144 0.03333333333333333
0 0.2357142857142857 0.06428571428571428 0.04 0.02
0 0.22714285714285715 0.10714285714285714 0.032857142857142856 0.021904761904761906
0 0.22678571428571428 0.13142857142857142 0.035 0.02095238095238095
0 0.22464285714285714 0.15904761904761905 0.03642857142857143 0.030476190476190476
0 0.21678571428571428 0.17761904761904762 0.039285714285714285 0.035238095238095235
0 0.13107142857142856 0.2 0.047857142857142855 0.02666666666666667
0 0.13107142857142856 0.2509523809523809 0.023571428571428573 0.040952380952380955
1 0.23464285714285715 0.3442857142857143 0.02214285714285714 0.054285714285714284
0 0.23535714285714285 0.39904761904761904 0.02214285714285714 0.05142857142857143
0 0.02857142857142857 0.8495238095238096 0.04857142857142857 0.07047619047619047
1 0.5189285714285714 0.8747619047619047 0.095 0.25047619047619046
0 0.5007142857142857 0.43 0.03142857142857143 0.06761904761904762
0 0.4546428571428571 0.4595238095238095 0.029285714285714286 0.06952380952380953
0 0.5389285714285714 0.19428571428571428 0.023571428571428573 0.030476190476190476
0 0.5289285714285714 0.09761904761904762 0.0064285714285714285 0.02
1 0.39785714285714285 0.08428571428571428 0.022857142857142857 0.05619047619047619
0 0.3817857142857143 0.041428571428571426 0.015 0.02761904761904762
0 0.6453571428571429 0.1280952380952381 0.02214285714285714 0.025714285714285714
1 0.6653571428571429 0.15523809523809523 0.019285714285714285 0.030476190476190476
3 0.7053571428571429 0.2319047619047619 0.025 0.035238095238095235
0 0.7264285714285714 0.27476190476190476 0.03142857142857143 0.037142857142857144
1 0.7485714285714286 0.3171428571428571 0.03857142857142857 0.045714285714285714
0 0.84 0.4742857142857143 0.03857142857142857 0.05333333333333334
0 0.8735714285714286 0.5414285714285715 0.05142857142857143 0.06190476190476191
1 0.9203571428571429 0.621904761904762 0.060714285714285714 0.08190476190476191
3 0.9757142857142858 0.7495238095238095 0.04857142857142857 0.08190476190476191
