0 0.31285714285714283 0.6638095238095238 0.07142857142857142 0.047619047619047616
0 0.4067857142857143 0.5257142857142857 0.055 0.030476190476190476
0 0.4589285714285714 0.7714285714285715 0.11071428571428571 0.07809523809523809
0 0.4764285714285714 0.680952380952381 0.08571428571428572 0.05523809523809524
0 0.5446428571428571 0.5028571428571429 0.045 0.02857142857142857
0 0.04285714285714286 0.6080952380952381 0.07142857142857142 0.03142857142857143
0 0.13 0.5942857142857143 0.05857142857142857 0.03619047619047619
0 0.08142857142857143 0.550952380952381 0.06285714285714286 0.029523809523809525
0 0.2392857142857143 0.4552380952380952 0.015714285714285715 0.01904761904761905
0 0.2975 0.43952380952380954 0.023571428571428573 0.025714285714285714
0 0.32142857142857145 0.4357142857142857 0.03 0.025714285714285714
0 0.3407142857142857 0.430952380952381 0.027142857142857142 0.023809523809523808
0 0.42 0.45095238095238094 0.032857142857142856 0.023809523809523808
0 0.45285714285714285 0.42428571428571427 0.02142857142857143 0.012380952380952381
0 0.45714285714285713 0.4342857142857143 0.03 0.017142857142857144
0 0.4625 0.48428571428571426 0.039285714285714285 0.023809523809523808
0 0.47214285714285714 0.4542857142857143 0.02857142857142857 0.017142857142857144
0 0.4857142857142857 0.46095238095238095 0.032857142857142856 0.022857142857142857
0 0.5271428571428571 0.44047619047619047 0.025714285714285714 0.02
0 0.5575 0.43047619047619046 0.02214285714285714 0.022857142857142857
0 0.5375 0.4247619047619048 0.025 0.02095238095238095
0 0.5946428571428571 0.4319047619047619 0.027857142857142858 0.014285714285714285
0 0.6517857142857143 0.47 0.015 0.021904761904761906
0 0.7135714285714285 0.5923809523809523 0.06428571428571428 0.045714285714285714
0 0.8464285714285714 0.6290476190476191 0.07142857142857142 0.04666666666666667
0 0.49464285714285716 0.4119047619047619 0.02642857142857143 0.02761904761904762
2 0.2807142857142857 0.5842857142857143 0.16428571428571428 0.10571428571428572
2 0.06535714285714286 0.67 0.12928571428571428 0.1019047619047619
3 0.21035714285714285 0.4423809523809524 0.027857142857142858 0.021904761904761906
1 0.12785714285714286 0.4719047619047619 0.05 0.040952380952380955
0 0.13392857142857142 0.44952380952380955 0.03785714285714286 0.022857142857142857
0 0.17642857142857143 0.4561904761904762 0.03571428571428571 0.02095238095238095
0 0.6285714285714286 0.48523809523809525 0.024285714285714285 0.025714285714285714
0 0.5910714285714286 0.41095238095238096 0.02214285714285714 0.014285714285714285
0 0.5160714285714286 0.40904761904761905 0.016428571428571428 0.014285714285714285
0 0.27 0.44666666666666666 0.02 0.022857142857142857
3 0.24892857142857142 0.4723809523809524 0.05071428571428571 0.02666666666666667
