0 0.45321428571428574 0.7438095238095238 0.039285714285714285 0.1219047619047619
0 0.5278571428571428 0.8357142857142857 0.03857142857142857 0.1
0 0.5225 0.5671428571428572 0.02214285714285714 0.040952380952380955
0 0.5653571428571429 0.4719047619047619 0.015 0.03142857142857143
0 0.5282142857142857 0.44095238095238093 0.017857142857142856 0.02666666666666667
3 0.5292857142857142 0.36714285714285716 0.014285714285714285 0.023809523809523808
0 0.5332142857142858 0.24571428571428572 0.009285714285714286 0.009523809523809525
0 0.5346428571428572 0.21761904761904763 0.0064285714285714285 0.008571428571428572
0 0.5328571428571428 0.1980952380952381 0.005714285714285714 0.005714285714285714
0 0.5432142857142858 0.19142857142857142 0.005 0.005714285714285714
0 0.5453571428571429 0.21 0.007857142857142858 0.006666666666666667
0 0.5403571428571429 0.15142857142857144 0.005 0.0038095238095238095
0 0.5325 0.14809523809523809 0.0035714285714285713 0.004761904761904762
0 0.5339285714285714 0.14095238095238094 0.005 0.005714285714285714
0 0.5403571428571429 0.1442857142857143 0.0035714285714285713 0.004761904761904762
0 0.5164285714285715 0.1376190476190476 0.004285714285714286 0.004761904761904762
0 0.5203571428571429 0.13238095238095238 0.005 0.0038095238095238095
0 0.5375 0.13380952380952382 0.0035714285714285713 0.004761904761904762
0 0.5325 0.19047619047619047 0.005 0.005714285714285714
0 0.5339285714285714 0.18333333333333332 0.005 0.004761904761904762
0 0.5442857142857143 0.2019047619047619 0.007142857142857143 0.007619047619047619
2 0.49214285714285716 0.17476190476190476 0.004285714285714286 0.006666666666666667
3 0.7175 0.2580952380952381 0.023571428571428573 0.03238095238095238
0 0.7332142857142857 0.29523809523809524 0.025 0.013333333333333334
0 0.6989285714285715 0.9633333333333334 0.027857142857142858 0.07333333333333333
2 0.8014285714285714 0.24904761904761905 0.027142857142857142 0.02761904761904762
