0 0.21571428571428572 0.35333333333333333 0.027142857142857142 0.01904761904761905
0 0.025714285714285714 0.43047619047619046 0.045714285714285714 0.02857142857142857
2 0.09035714285714286 0.44285714285714284 0.04928571428571429 0.08
2 0.14 0.4247619047619048 0.04428571428571428 0.0838095238095238
2 0.185 0.4195238095238095 0.045714285714285714 0.08095238095238096
2 0.22607142857142856 0.4123809523809524 0.055 0.0838095238095238
0 0.23142857142857143 0.3357142857142857 0.027142857142857142 0.021904761904761906
0 0.4710714285714286 0.6471428571428571 0.09642857142857143 0.07714285714285714
0 0.2392857142857143 0.7247619047619047 0.12571428571428572 0.10666666666666667
0 0.18892857142857142 0.6904761904761905 0.11642857142857142 0.0838095238095238
0 0.32071428571428573 0.5338095238095238 0.08142857142857143 0.040952380952380955
0 0.5978571428571429 0.7228571428571429 0.11285714285714285 0.10666666666666667
0 0.5475 0.5552380952380952 0.07071428571428572 0.06095238095238095
0 0.5560714285714285 0.5038095238095238 0.06928571428571428 0.0419047619047619
0 0.6253571428571428 0.43952380952380954 0.052142857142857144 0.035238095238095235
0 0.7067857142857142 0.46 0.05071428571428571 0.0380952380952381
0 0.7196428571428571 0.5033333333333333 0.060714285714285714 0.04666666666666667
3 0.6392857142857142 0.5447619047619048 0.06714285714285714 0.06666666666666667
3 0.8092857142857143 0.46 0.055714285714285716 0.05142857142857143
0 0.2953571428571429 0.4919047619047619 0.06357142857142857 0.04476190476190476
0 0.36464285714285716 0.4680952380952381 0.05928571428571429 0.037142857142857144
0 0.4232142857142857 0.45 0.056428571428571425 0.037142857142857144
0 0.46535714285714286 0.4676190476190476 0.055 0.03428571428571429
1 0.4110714285714286 0.4123809523809524 0.04214285714285714 0.03619047619047619
1 0.5539285714285714 0.4185714285714286 0.06785714285714285 0.06190476190476191
1 0.8978571428571429 0.36857142857142855 0.045714285714285714 0.04380952380952381
0 0.5328571428571428 0.41 0.03857142857142857 0.03333333333333333
3 0.5689285714285715 0.3819047619047619 0.035 0.03619047619047619
0 0.6075 0.36047619047619045 0.03785714285714286 0.023809523809523808
0 0.5864285714285714 0.3223809523809524 0.011428571428571429 0.02
0 0.8142857142857143 0.41333333333333333 0.03857142857142857 0.03238095238095238
0 0.8714285714285714 0.40095238095238095 0.037142857142857144 0.02857142857142857
0 0.9189285714285714 0.4004761904761905 0.03785714285714286 0.03142857142857143
0 0.9357142857142857 0.3719047619047619 0.03 0.025714285714285714
0 0.9707142857142858 0.3414285714285714 0.022857142857142857 0.02
0 0.9685714285714285 0.3580952380952381 0.02857142857142857 0.02095238095238095
0 0.9739285714285715 0.37285714285714283 0.029285714285714286 0.023809523809523808
0 0.9839285714285714 0.4042857142857143 0.029285714285714286 0.02761904761904762
0 0.9603571428571429 0.5480952380952381 0.05928571428571429 0.054285714285714284
0 0.95 0.6980952380952381 0.1 0.07428571428571429
0 0.9335714285714286 0.74 0.13285714285714287 0.10857142857142857
0 0.9246428571428571 0.8028571428571428 0.15071428571428572 0.13142857142857142
0 0.8892857142857142 0.8557142857142858 0.15142857142857144 0.1457142857142857
0 0.8525 0.9157142857142857 0.1492857142857143 0.16666666666666666
0 0.5764285714285714 0.9304761904761905 0.1357142857142857 0.13904761904761906
