1 0.09035714285714286 0.013959390862944163 0.03357142857142857 0.027918781725888325
1 0.11964285714285715 0.04568527918781726 0.03642857142857143 0.06345177664974619
0 0.15285714285714286 0.08312182741116751 0.037142857142857144 0.02918781725888325
0 0.19964285714285715 0.16053299492385786 0.019285714285714285 0.046954314720812185
3 0.2292857142857143 0.19606598984771573 0.025714285714285714 0.05203045685279188
3 0.25107142857142856 0.2519035532994924 0.025 0.06218274111675127
3 0.16178571428571428 0.1998730964467005 0.02642857142857143 0.04949238578680203
3 0.2671428571428571 0.3299492385786802 0.022857142857142857 0.05583756345177665
0 0.2507142857142857 0.43781725888324874 0.03 0.06091370558375635
0 0.2932142857142857 0.5380710659898477 0.03357142857142857 0.06852791878172589
0 0.36357142857142855 0.8071065989847716 0.037142857142857144 0.09137055837563451
1 0.4775 0.9670050761421319 0.06642857142857143 0.06345177664974619
2 0.905 0.1319796954314721 0.06285714285714286 0.116751269035533
0 0.8696428571428572 0.21256345177664976 0.027857142857142858 0.03934010152284264
0 0.8385714285714285 0.25317258883248733 0.037142857142857144 0.04949238578680203
2 0.8071428571428572 0.3229695431472081 0.07714285714285714 0.1484771573604061
2 0.7721428571428571 0.47652284263959394 0.09285714285714286 0.1916243654822335
2 0.6714285714285714 0.6072335025380711 0.07571428571428572 0.14593908629441624
3 0.9389285714285714 0.07550761421319797 0.02642857142857143 0.04187817258883249
3 0.28 0.39276649746192893 0.025714285714285714 0.06218274111675127
