3 0.19964285714285715 0.599047619047619 0.045 0.03428571428571429
0 0.35678571428571426 0.67 0.030714285714285715 0.07333333333333333
3 0.48928571428571427 0.6266666666666667 0.03571428571428571 0.0838095238095238
3 0.2517857142857143 0.9666666666666667 0.04214285714285714 0.06095238095238095
3 0.8825 0.6514285714285715 0.05357142857142857 0.07047619047619047
3 0.7025 0.5719047619047619 0.04928571428571429 0.06
0 0.8075 0.5519047619047619 0.056428571428571425 0.05238095238095238
0 0.9542857142857143 0.5661904761904762 0.05285714285714286 0.05619047619047619
3 0.8985714285714286 0.43714285714285717 0.03857142857142857 0.045714285714285714
3 0.9142857142857143 0.4176190476190476 0.047142857142857146 0.058095238095238096
0 0.9442857142857143 0.42952380952380953 0.03857142857142857 0.0419047619047619
