0 0.15392857142857144 0.05904761904761905 0.023571428571428573 0.03428571428571429
0 0.08928571428571429 0.10809523809523809 0.027142857142857142 0.040952380952380955
0 0.1492857142857143 0.16476190476190475 0.025714285714285714 0.04
0 0.13392857142857142 0.21857142857142858 0.03357142857142857 0.04666666666666667
0 0.3271428571428571 0.5285714285714286 0.06285714285714286 0.09523809523809523
0 0.46714285714285714 0.5247619047619048 0.06714285714285714 0.0838095238095238
0 0.5157142857142857 0.6780952380952381 0.08571428571428572 0.10095238095238095
3 0.5367857142857143 0.3523809523809524 0.04928571428571429 0.05714285714285714
3 0.6814285714285714 0.5128571428571429 0.054285714285714284 0.06380952380952382
3 0.46214285714285713 0.94 0.08571428571428572 0.12
1 0.5557142857142857 0.95 0.09857142857142857 0.1
0 0.2382142857142857 0.01619047619047619 0.039285714285714285 0.03238095238095238
0 0.7464285714285714 0.36 0.045714285714285714 0.047619047619047616
