1 0.5825 0.9595238095238096 0.11642857142857142 0.08095238095238096
0 0.6042857142857143 0.8314285714285714 0.07714285714285714 0.06666666666666667
0 0.6285714285714286 0.7704761904761904 0.08714285714285715 0.07428571428571429
1 0.64 0.7085714285714285 0.09428571428571429 0.08
0 0.6814285714285714 0.6480952380952381 0.07571428571428572 0.07523809523809524
0 0.7421428571428571 0.6133333333333333 0.08714285714285715 0.07238095238095238
1 0.6853571428571429 0.5285714285714286 0.07357142857142857 0.049523809523809526
0 0.5007142857142857 0.6933333333333334 0.05 0.09904761904761905
0 0.5228571428571429 0.5338095238095238 0.045714285714285714 0.0980952380952381
0 0.5928571428571429 0.3980952380952381 0.05142857142857143 0.09142857142857143
0 0.575 0.2985714285714286 0.07142857142857142 0.058095238095238096
0 0.5967857142857143 0.21 0.04071428571428572 0.08476190476190476
0 0.6475 0.2057142857142857 0.03785714285714286 0.07238095238095238
0 0.6714285714285714 0.10285714285714286 0.041428571428571426 0.0838095238095238
1 0.6292857142857143 0.0880952380952381 0.041428571428571426 0.09047619047619047
1 0.30392857142857144 0.39380952380952383 0.08071428571428571 0.06190476190476191
0 0.3389285714285714 0.35714285714285715 0.062142857142857146 0.05523809523809524
0 0.35 0.31285714285714283 0.07142857142857142 0.05047619047619047
0 0.3742857142857143 0.2509523809523809 0.07714285714285714 0.05238095238095238
0 0.3578571428571429 0.19333333333333333 0.06714285714285714 0.06476190476190476
0 0.3392857142857143 0.1019047619047619 0.06714285714285714 0.05523809523809524
0 0.35464285714285715 0.043333333333333335 0.06785714285714285 0.06190476190476191
0 0.4614285714285714 0.35333333333333333 0.04857142857142857 0.08952380952380952
0 0.48964285714285716 0.2780952380952381 0.045 0.0838095238095238
0 0.5167857142857143 0.20666666666666667 0.045 0.08571428571428572
0 0.5435714285714286 0.13428571428571429 0.04428571428571428 0.08190476190476191
0 0.5675 0.06619047619047619 0.04357142857142857 0.08095238095238096
0 0.5892857142857143 0.019523809523809523 0.03857142857142857 0.039047619047619046
1 0.5253571428571429 0.23857142857142857 0.1992857142857143 0.47714285714285715
0 0.30428571428571427 0.7504761904761905 0.05714285714285714 0.11047619047619048
0 0.23535714285714285 0.31761904761904763 0.047857142857142855 0.09047619047619047
