3 0.52375 0.8973333333333333 0.2175 0.132
3 0.49925 0.7733333333333333 0.1655 0.124
3 0.5815 0.5886666666666667 0.066 0.14533333333333334
3 0.47825 0.67 0.1395 0.108
0 0.46525 0.601 0.1345 0.09666666666666666
0 0.45925 0.5426666666666666 0.1255 0.07733333333333334
0 0.54775 0.411 0.0465 0.09
1 0.46225 0.422 0.1075 0.068
3 0.45375 0.37933333333333336 0.0845 0.06
0 0.4515 0.3526666666666667 0.097 0.050666666666666665
0 0.45475 0.319 0.0885 0.046
3 0.46 0.281 0.095 0.066
0 0.462 0.268 0.079 0.03866666666666667
0 0.452 0.24833333333333332 0.071 0.03933333333333333
0 0.449 0.226 0.069 0.037333333333333336
0 0.4485 0.20633333333333334 0.066 0.038
0 0.44 0.19233333333333333 0.066 0.035333333333333335
3 0.441 0.17166666666666666 0.048 0.03266666666666666
0 0.4735 0.16633333333333333 0.056 0.03266666666666666
0 0.441 0.15366666666666667 0.061 0.03133333333333333
3 0.449 0.134 0.056 0.03333333333333333
3 0.46875 0.108 0.0435 0.03333333333333333
3 0.45525 0.09833333333333333 0.0485 0.03
3 0.44325 0.08966666666666667 0.0535 0.03666666666666667
0 0.438 0.072 0.045 0.024
0 0.45575 0.063 0.0385 0.020666666666666667
3 0.47375 0.05366666666666667 0.0315 0.019333333333333334
3 0.489 0.06533333333333333 0.031 0.030666666666666665
3 0.48 0.07833333333333334 0.032 0.026
3 0.49675 0.094 0.0215 0.037333333333333336
0 0.50625 0.13733333333333334 0.0275 0.03333333333333333
0 0.58175 0.06266666666666666 0.0445 0.02266666666666667
0 0.5825 0.07866666666666666 0.045 0.024
3 0.5535 0.14433333333333334 0.024 0.04066666666666666
0 0.5935 0.178 0.036 0.04533333333333334
0 0.61275 0.129 0.0445 0.03133333333333333
3 0.62375 0.13666666666666666 0.0515 0.032
0 0.63275 0.152 0.0565 0.025333333333333333
0 0.6355 0.169 0.062 0.034
3 0.9305 0.6716666666666666 0.13 0.10466666666666667
0 0.90725 0.594 0.1375 0.07733333333333334
0 0.841 0.5293333333333333 0.137 0.07466666666666667
0 0.76875 0.43566666666666665 0.1235 0.06333333333333334
0 0.76875 0.38766666666666666 0.1085 0.05266666666666667
0 0.73075 0.3243333333333333 0.0955 0.05533333333333333
0 0.701 0.2976666666666667 0.087 0.046
3 0.67575 0.248 0.0705 0.04666666666666667
3 0.67225 0.221 0.0785 0.051333333333333335
