0 0.685 0.7666666666666667 0.054285714285714284 0.04
0 0.4932142857142857 0.29285714285714287 0.007857142857142858 0.014285714285714285
0 0.5282142857142857 0.15857142857142856 0.005 0.008571428571428572
0 0.3792857142857143 0.2633333333333333 0.014285714285714285 0.010476190476190476
0 0.36142857142857143 0.2966666666666667 0.018571428571428572 0.012380952380952381
2 0.15821428571428572 0.4595238095238095 0.125 0.07714285714285714
2 0.11964285714285715 0.4638095238095238 0.10785714285714286 0.08
2 0.07964285714285714 0.4661904761904762 0.10785714285714286 0.07523809523809524
2 0.048928571428571425 0.4776190476190476 0.09642857142857143 0.09238095238095238
2 0.03214285714285714 0.46095238095238095 0.06428571428571428 0.06095238095238095
2 0.020714285714285713 0.44904761904761903 0.041428571428571426 0.04285714285714286
2 0.009285714285714286 0.43476190476190474 0.018571428571428572 0.025714285714285714
