0 0.6242857142857143 0.8909523809523809 0.047142857142857146 0.10952380952380952
1 0.8253571428571429 0.5914285714285714 0.07357142857142857 0.11619047619047619
3 0.8628571428571429 0.4195238095238095 0.03571428571428571 0.021904761904761906
1 0.6235714285714286 0.27904761904761904 0.04 0.049523809523809526
1 0.5378571428571428 0.18047619047619048 0.02857142857142857 0.03333333333333333
0 0.5482142857142858 0.2042857142857143 0.010714285714285714 0.014285714285714285
0 0.6528571428571428 0.3304761904761905 0.02 0.017142857142857144
0 0.3775 0.09333333333333334 0.005 0.007619047619047619
0 0.35214285714285715 0.27666666666666667 0.011428571428571429 0.014285714285714285
0 0.355 0.32095238095238093 0.011428571428571429 0.017142857142857144
0 0.35428571428571426 0.30666666666666664 0.011428571428571429 0.013333333333333334
1 0.3757142857142857 0.08190476190476191 0.004285714285714286 0.009523809523809525
1 0.41928571428571426 0.11714285714285715 0.015714285714285715 0.017142857142857144
0 0.37142857142857144 0.07666666666666666 0.004285714285714286 0.004761904761904762
1 0.32857142857142857 0.30523809523809525 0.012857142857142857 0.02761904761904762
1 0.3264285714285714 0.27714285714285714 0.015714285714285715 0.03428571428571429
0 0.28035714285714286 0.3628571428571429 0.03642857142857143 0.01904761904761905
0 0.28 0.37476190476190474 0.03428571428571429 0.014285714285714285
0 0.17142857142857143 0.4666666666666667 0.022857142857142857 0.03619047619047619
