0 0.5271428571428571 0.16666666666666666 0.07 0.07809523809523809
0 0.77 0.3547619047619048 0.07285714285714286 0.09047619047619047
0 0.5917857142857142 0.36428571428571427 0.07214285714285715 0.08285714285714285
0 0.6621428571428571 0.2704761904761905 0.06428571428571428 0.08
0 0.9071428571428571 0.03619047619047619 0.05857142857142857 0.07047619047619047
0 0.815 0.12285714285714286 0.06285714285714286 0.07238095238095238
0 0.9803571428571428 0.10380952380952381 0.039285714285714285 0.06857142857142857
0 0.9832142857142857 0.63 0.03357142857142857 0.09238095238095238
3 0.7589285714285714 0.5719047619047619 0.06642857142857143 0.09619047619047619
3 0.5071428571428571 0.45476190476190476 0.08285714285714285 0.1019047619047619
0 0.1925 0.790952380952381 0.09357142857142857 0.11523809523809524
0 0.30464285714285716 0.9571428571428572 0.09214285714285714 0.0838095238095238
0 0.415 0.949047619047619 0.10571428571428572 0.09619047619047619
0 0.01107142857142857 0.6247619047619047 0.02214285714285714 0.06285714285714286
0 0.47535714285714287 0.028095238095238097 0.055 0.05619047619047619
0 0.7707142857142857 0.9476190476190476 0.09714285714285714 0.10476190476190476
0 0.03571428571428571 0.5595238095238095 0.06571428571428571 0.09619047619047619
0 0.12285714285714286 0.49952380952380954 0.05857142857142857 0.08857142857142856
0 0.07892857142857143 0.5304761904761904 0.065 0.10095238095238095
0 0.24285714285714285 0.38142857142857145 0.06285714285714286 0.08476190476190476
3 0.195 0.4166666666666667 0.07 0.09619047619047619
3 0.38142857142857145 0.24952380952380954 0.05857142857142857 0.08571428571428572
0 0.31 0.3161904761904762 0.05857142857142857 0.0838095238095238
0 0.2739285714285714 0.3476190476190476 0.056428571428571425 0.0761904761904762
0 0.15714285714285714 0.45 0.06714285714285714 0.09238095238095238
0 0.35678571428571426 0.2819047619047619 0.06642857142857143 0.0838095238095238
0 0.4175 0.22095238095238096 0.05357142857142857 0.07047619047619047
0 0.44357142857142856 0.19142857142857142 0.06142857142857143 0.07047619047619047
0 0.2575 0.5723809523809524 0.08357142857142857 0.10095238095238095
0 0.5228571428571429 0.2957142857142857 0.07714285714285714 0.08666666666666667
0 0.5946428571428571 0.22 0.04214285714285714 0.0761904761904762
0 0.44107142857142856 0.39095238095238094 0.08071428571428571 0.08857142857142856
