0 0.7435714285714285 0.05904761904761905 0.05285714285714286 0.06285714285714286
0 0.6107142857142858 0.12904761904761905 0.05857142857142857 0.10571428571428572
0 0.7707142857142857 0.6714285714285714 0.11428571428571428 0.2361904761904762
0 0.6810714285714285 0.8961904761904762 0.135 0.20761904761904762
0 0.14642857142857144 0.9647619047619047 0.23857142857142857 0.07047619047619047
0 0.16464285714285715 0.8547619047619047 0.21357142857142858 0.14
0 0.19464285714285715 0.7285714285714285 0.16642857142857143 0.11238095238095239
0 0.21285714285714286 0.6209523809523809 0.1657142857142857 0.10857142857142857
0 0.23392857142857143 0.5252380952380953 0.16642857142857143 0.09238095238095238
0 0.30392857142857144 0.11714285714285715 0.09071428571428572 0.05714285714285714
0 0.30357142857142855 0.041428571428571426 0.08428571428571428 0.04666666666666667
0 0.32107142857142856 0.02 0.08071428571428571 0.04
0 0.8578571428571429 0.021904761904761906 0.07857142857142857 0.04380952380952381
