0 0.6925 0.5004761904761905 0.07642857142857143 0.08476190476190476
0 0.5282142857142857 0.43666666666666665 0.08785714285714286 0.04476190476190476
0 0.5978571428571429 0.3576190476190476 0.08 0.04666666666666667
0 0.7032142857142857 0.3676190476190476 0.075 0.045714285714285714
0 0.35714285714285715 0.370952380952381 0.07428571428571429 0.04476190476190476
0 0.07892857142857143 0.42523809523809525 0.10785714285714286 0.05047619047619047
0 0.48928571428571427 0.3057142857142857 0.06857142857142857 0.049523809523809526
0 0.5107142857142857 0.20142857142857143 0.027142857142857142 0.04285714285714286
0 0.8571428571428571 0.36142857142857143 0.07571428571428572 0.04476190476190476
0 0.1 0.3 0.08571428571428572 0.04
0 0.11035714285714286 0.38 0.10357142857142858 0.05333333333333334
0 0.8696428571428572 0.3380952380952381 0.065 0.0380952380952381
2 0.39 0.18047619047619048 0.047142857142857146 0.12285714285714286
2 0.47035714285714286 0.1738095238095238 0.04071428571428572 0.11333333333333333
0 0.4328571428571429 0.10571428571428572 0.018571428571428572 0.03619047619047619
2 0.43357142857142855 0.04047619047619048 0.024285714285714285 0.06380952380952382
0 0.5685714285714286 0.0719047619047619 0.02142857142857143 0.03142857142857143
1 0.25 0.4257142857142857 0.14142857142857143 0.06857142857142857
0 0.3339285714285714 0.14 0.025 0.030476190476190476
0 0.33714285714285713 0.1138095238095238 0.02142857142857143 0.02761904761904762
0 0.7210714285714286 0.16285714285714287 0.03642857142857143 0.04380952380952381
0 0.7464285714285714 0.12285714285714286 0.04 0.024761904761904763
0 0.9667857142857142 0.21619047619047618 0.055 0.02857142857142857
0 0.8857142857142857 0.1438095238095238 0.03428571428571429 0.01904761904761905
0 0.9264285714285714 0.2661904761904762 0.05 0.02761904761904762
0 0.9067857142857143 0.24476190476190476 0.05071428571428571 0.024761904761904763
3 0.9339285714285714 0.18 0.047857142857142855 0.02666666666666667
3 0.8789285714285714 0.2123809523809524 0.04357142857142857 0.03619047619047619
0 0.8135714285714286 0.08 0.037142857142857144 0.024761904761904763
1 0.9489285714285715 0.2842857142857143 0.065 0.040952380952380955
