0 0.2905 0.06466666666666666 0.009 0.010666666666666666
0 0.299 0.052 0.009 0.009333333333333334
3 0.414 0.019 0.007 0.014
0 0.4 0.03833333333333333 0.008 0.012666666666666666
0 0.39225 0.05533333333333333 0.0095 0.013333333333333334
0 0.371 0.014666666666666666 0.006 0.010666666666666666
0 0.37025 0.02033333333333333 0.0065 0.01
0 0.36975 0.03333333333333333 0.0065 0.012
0 0.372 0.047 0.007 0.011333333333333334
0 0.37325 0.06866666666666667 0.0065 0.014666666666666666
0 0.37875 0.124 0.0105 0.016
0 0.3835 0.14333333333333334 0.011 0.016
0 0.39 0.17133333333333334 0.017 0.02
3 0.39125 0.188 0.0145 0.02266666666666667
0 0.36875 0.2773333333333333 0.0135 0.029333333333333333
3 0.39175 0.22033333333333333 0.0305 0.018
0 0.3955 0.242 0.014 0.028
0 0.4225 0.23333333333333334 0.012 0.021333333333333333
0 0.404 0.26766666666666666 0.021 0.024666666666666667
0 0.406 0.2826666666666667 0.027 0.028
0 0.40825 0.31833333333333336 0.0265 0.028666666666666667
0 0.4025 0.3923333333333333 0.017 0.03133333333333333
0 0.39125 0.5623333333333334 0.0215 0.03933333333333333
0 0.33775 0.632 0.0215 0.048
0 0.36225 0.632 0.0225 0.04666666666666667
0 0.38775 0.6266666666666667 0.0215 0.044
0 0.3365 0.6846666666666666 0.021 0.05333333333333334
0 0.36475 0.6876666666666666 0.0245 0.06066666666666667
0 0.39375 0.6783333333333333 0.0225 0.051333333333333335
0 0.17975 0.736 0.0295 0.06266666666666666
0 0.15325 0.7346666666666667 0.0285 0.06
0 0.226 0.784 0.062 0.042666666666666665
0 0.11175 0.9056666666666666 0.0635 0.05266666666666667
0 0.206 0.8636666666666667 0.049 0.07133333333333333
0 0.2415 0.867 0.051 0.08066666666666666
0 0.28175 0.8626666666666667 0.0555 0.07866666666666666
0 0.82675 0.9706666666666667 0.0795 0.056
0 0.833 0.6793333333333333 0.028 0.056
0 0.768 0.6646666666666666 0.051 0.036
0 0.753 0.642 0.054 0.028
0 0.73975 0.616 0.0485 0.030666666666666665
0 0.78925 0.6196666666666667 0.0545 0.038
0 0.81125 0.5883333333333334 0.0245 0.04466666666666667
0 0.83025 0.6336666666666667 0.0335 0.043333333333333335
0 0.865 0.6793333333333333 0.038 0.052
0 0.88775 0.6716666666666666 0.0415 0.058
0 0.91675 0.6683333333333333 0.0445 0.054
0 0.94475 0.6606666666666666 0.0505 0.052
0 0.945 0.625 0.056 0.035333333333333335
0 0.895 0.6173333333333333 0.051 0.04
0 0.8585 0.5783333333333334 0.029 0.04066666666666666
0 0.90425 0.5873333333333334 0.0515 0.029333333333333333
0 0.9805 0.575 0.039 0.03666666666666667
0 0.8225 0.537 0.037 0.04466666666666667
0 0.79525 0.49666666666666665 0.0335 0.03866666666666667
0 0.76925 0.5333333333333333 0.0355 0.03333333333333333
0 0.744 0.49766666666666665 0.03 0.042
0 0.769 0.4583333333333333 0.03 0.038
3 0.7215 0.4543333333333333 0.03 0.04466666666666667
0 0.7475 0.42433333333333334 0.023 0.028666666666666667
0 0.74175 0.3963333333333333 0.0335 0.022
3 0.722 0.37566666666666665 0.033 0.028666666666666667
0 0.703 0.4206666666666667 0.024 0.030666666666666665
0 0.684 0.39 0.024 0.030666666666666665
0 0.575 0.39766666666666667 0.021 0.03
0 0.6975 0.3473333333333333 0.033 0.02
0 0.6885 0.33566666666666667 0.032 0.020666666666666667
0 0.63925 0.30766666666666664 0.0175 0.020666666666666667
0 0.62275 0.292 0.0155 0.02666666666666667
0 0.5995 0.30533333333333335 0.03 0.014666666666666666
0 0.6025 0.317 0.035 0.020666666666666667
3 0.65675 0.2813333333333333 0.0335 0.024
0 0.6615 0.29433333333333334 0.03 0.018
0 0.67 0.30333333333333334 0.031 0.018666666666666668
3 0.6795 0.269 0.016 0.027333333333333334
0 0.692 0.2683333333333333 0.017 0.020666666666666667
0 0.71375 0.264 0.0185 0.02666666666666667
0 0.73125 0.2623333333333333 0.0165 0.023333333333333334
0 0.724 0.28 0.026 0.02
0 0.70175 0.2836666666666667 0.0245 0.024666666666666667
0 0.71875 0.33366666666666667 0.0225 0.026
0 0.73375 0.30533333333333335 0.0265 0.021333333333333333
0 0.67875 0.22766666666666666 0.0285 0.015333333333333332
0 0.66875 0.21366666666666667 0.0245 0.016666666666666666
0 0.63575 0.20033333333333334 0.0275 0.015333333333333332
0 0.5875 0.228 0.031 0.02
0 0.492 0.2653333333333333 0.017 0.021333333333333333
0 0.55375 0.14633333333333334 0.0225 0.016666666666666666
0 0.554 0.158 0.019 0.016
3 0.5625 0.17166666666666666 0.027 0.024666666666666667
0 0.45375 0.14366666666666666 0.0125 0.015333333333333332
0 0.462 0.08233333333333333 0.011 0.012666666666666666
0 0.45825 0.07433333333333333 0.0095 0.01
2 0.453 0.053 0.015 0.020666666666666667
3 0.449 0.04466666666666667 0.008 0.012
2 0.4445 0.026333333333333334 0.012 0.018
0 0.4425 0.014333333333333333 0.009 0.01
3 0.356 0.14666666666666667 0.01 0.018666666666666668
3 0.3565 0.16166666666666665 0.009 0.016666666666666666
3 0.3575 0.174 0.01 0.02
3 0.36125 0.183 0.0105 0.020666666666666667
0 0.36175 0.19866666666666666 0.0105 0.02266666666666667
0 0.3085 0.053 0.006 0.011333333333333334
