0 0.30325 0.076 0.0255 0.03866666666666667
0 0.3205 0.02666666666666667 0.023 0.032
3 0.20825 0.051666666666666666 0.0445 0.038
0 0.1635 0.201 0.038 0.04466666666666667
0 0.131 0.201 0.038 0.05
0 0.061 0.334 0.054 0.06666666666666667
0 0.101 0.3416666666666667 0.045 0.06466666666666666
0 0.2695 0.17866666666666667 0.028 0.044
0 0.24175 0.14966666666666667 0.0335 0.038
0 0.15875 0.519 0.0525 0.09
0 0.1075 0.6876666666666666 0.064 0.13133333333333333
0 0.04 0.49966666666666665 0.08 0.051333333333333335
3 0.81375 0.9463333333333334 0.0815 0.10733333333333334
0 0.714 0.569 0.05 0.08866666666666667
0 0.6675 0.3873333333333333 0.039 0.05733333333333333
0 0.62375 0.20366666666666666 0.0305 0.04466666666666667
0 0.615 0.156 0.021 0.044
