0 0.6675 0.07285714285714286 0.03642857142857143 0.021904761904761906
0 0.6560714285714285 0.05761904761904762 0.035 0.01619047619047619
0 0.6753571428571429 0.07904761904761905 0.03642857142857143 0.022857142857142857
0 0.2985714285714286 0.6147619047619047 0.20714285714285716 0.2257142857142857
0 0.15214285714285714 0.41095238095238096 0.11857142857142858 0.11714285714285715
0 0.18107142857142858 0.28523809523809524 0.10642857142857143 0.08095238095238096
3 0.09428571428571429 0.36333333333333334 0.13428571428571429 0.11904761904761904
0 0.05071428571428571 0.3242857142857143 0.10142857142857142 0.1019047619047619
0 0.06 0.26666666666666666 0.10571428571428572 0.06857142857142857
0 0.2782142857142857 0.3061904761904762 0.09071428571428572 0.11142857142857143
2 0.2925 0.36857142857142855 0.26785714285714285 0.3161904761904762
3 0.17035714285714285 0.22714285714285715 0.06928571428571428 0.06
0 0.09392857142857143 0.2138095238095238 0.05928571428571429 0.04857142857142857
0 0.15821428571428572 0.20285714285714285 0.04928571428571429 0.045714285714285714
0 0.19107142857142856 0.18095238095238095 0.05928571428571429 0.045714285714285714
0 0.13071428571428573 0.17047619047619048 0.07714285714285714 0.04380952380952381
0 0.35678571428571426 0.16666666666666666 0.07357142857142857 0.045714285714285714
0 0.4025 0.16285714285714287 0.04071428571428572 0.04380952380952381
0 0.39 0.1361904761904762 0.03571428571428571 0.03619047619047619
0 0.4775 0.0719047619047619 0.02214285714285714 0.021904761904761906
0 0.4992857142857143 0.05476190476190476 0.014285714285714285 0.01619047619047619
0 0.5278571428571428 0.05142857142857143 0.012857142857142857 0.015238095238095238
0 0.5282142857142857 0.06666666666666667 0.025 0.017142857142857144
1 0.3578571428571429 0.049523809523809526 0.047142857142857146 0.02666666666666667
0 0.3732142857142857 0.10333333333333333 0.03214285714285714 0.037142857142857144
0 0.34285714285714286 0.10904761904761905 0.03142857142857143 0.02761904761904762
0 0.30714285714285716 0.10666666666666667 0.032857142857142856 0.02666666666666667
0 0.335 0.09666666666666666 0.02857142857142857 0.025714285714285714
3 0.3560714285714286 0.08190476190476191 0.02642857142857143 0.02857142857142857
0 0.36428571428571427 0.09523809523809523 0.025714285714285714 0.02666666666666667
0 0.3975 0.09523809523809523 0.02642857142857143 0.022857142857142857
0 0.4139285714285714 0.08571428571428572 0.020714285714285713 0.02095238095238095
0 0.4307142857142857 0.07809523809523809 0.024285714285714285 0.017142857142857144
1 0.3825 0.08190476190476191 0.03357142857142857 0.02666666666666667
0 0.38642857142857145 0.06952380952380953 0.02 0.02095238095238095
0 0.39964285714285713 0.07714285714285714 0.019285714285714285 0.01904761904761905
3 0.41285714285714287 0.07 0.02 0.021904761904761906
2 0.41714285714285715 0.049523809523809526 0.04 0.03428571428571429
0 0.4257142857142857 0.06714285714285714 0.014285714285714285 0.018095238095238095
0 0.43607142857142855 0.06333333333333334 0.016428571428571428 0.018095238095238095
0 0.44571428571428573 0.056666666666666664 0.015714285714285715 0.018095238095238095
0 0.43107142857142855 0.07523809523809524 0.019285714285714285 0.017142857142857144
1 0.4617857142857143 0.051904761904761905 0.025 0.029523809523809525
1 0.4692857142857143 0.03761904761904762 0.018571428571428572 0.02761904761904762
3 0.48678571428571427 0.04476190476190476 0.012142857142857143 0.017142857142857144
0 0.5014285714285714 0.041428571428571426 0.014285714285714285 0.014285714285714285
0 0.48428571428571426 0.039047619047619046 0.01 0.013333333333333334
0 0.49214285714285716 0.03238095238095238 0.01 0.013333333333333334
0 0.505 0.03333333333333333 0.008571428571428572 0.013333333333333334
0 0.5125 0.03238095238095238 0.009285714285714286 0.013333333333333334
2 0.5053571428571428 0.018571428571428572 0.020714285714285713 0.025714285714285714
2 0.5264285714285715 0.024285714285714285 0.01 0.010476190476190476
0 0.5303571428571429 0.04 0.015 0.015238095238095238
3 0.5407142857142857 0.08142857142857143 0.032857142857142856 0.023809523809523808
0 0.5546428571428571 0.0761904761904762 0.029285714285714286 0.022857142857142857
0 0.5971428571428572 0.029523809523809525 0.008571428571428572 0.013333333333333334
0 0.6128571428571429 0.025714285714285714 0.01 0.007619047619047619
0 0.6164285714285714 0.016666666666666666 0.007142857142857143 0.010476190476190476
0 0.5807142857142857 0.027142857142857142 0.008571428571428572 0.010476190476190476
0 0.5685714285714286 0.024285714285714285 0.008571428571428572 0.012380952380952381
0 0.5553571428571429 0.023809523809523808 0.009285714285714286 0.011428571428571429
0 0.5635714285714286 0.017142857142857144 0.008571428571428572 0.011428571428571429
0 0.6125 0.023809523809523808 0.007857142857142858 0.011428571428571429
1 0.4032142857142857 0.03571428571428571 0.02642857142857143 0.035238095238095235
