0 0.6257142857142857 0.7352380952380952 0.02857142857142857 0.09142857142857143
0 0.7082142857142857 0.24714285714285714 0.017857142857142856 0.03333333333333333
0 0.8864285714285715 0.72 0.03857142857142857 0.09714285714285714
0 0.8485714285714285 0.5414285714285715 0.02857142857142857 0.054285714285714284
0 0.8325 0.46714285714285714 0.025 0.05047619047619047
0 0.8028571428571428 0.3223809523809524 0.02142857142857143 0.035238095238095235
0 0.5132142857142857 0.7561904761904762 0.029285714285714286 0.09523809523809523
0 0.6375 0.34476190476190477 0.016428571428571428 0.047619047619047616
0 0.5371428571428571 0.48142857142857143 0.04 0.039047619047619046
0 0.5235714285714286 0.10904761904761905 0.012857142857142857 0.02
0 0.6792857142857143 0.018095238095238095 0.01 0.01904761904761905
0 0.5885714285714285 0.13 0.014285714285714285 0.023809523809523808
0 0.5814285714285714 0.16047619047619047 0.017142857142857144 0.023809523809523808
0 0.58 0.18523809523809523 0.014285714285714285 0.025714285714285714
3 0.7464285714285714 0.047142857142857146 0.012857142857142857 0.02
