0 0.09142857142857143 0.9442857142857143 0.18285714285714286 0.11142857142857143
0 0.19714285714285715 0.6447619047619048 0.13857142857142857 0.09523809523809523
0 0.2325 0.5728571428571428 0.10642857142857143 0.07714285714285714
0 0.2639285714285714 0.5057142857142857 0.11357142857142857 0.0761904761904762
0 0.2817857142857143 0.4533333333333333 0.11214285714285714 0.06857142857142857
0 0.6528571428571428 0.9428571428571428 0.07142857142857142 0.11428571428571428
0 0.4675 0.9114285714285715 0.06357142857142857 0.17714285714285713
0 0.9778571428571429 0.49047619047619045 0.04428571428571428 0.10857142857142857
0 0.9507142857142857 0.37285714285714283 0.07 0.08666666666666667
0 0.9121428571428571 0.28476190476190477 0.05714285714285714 0.08190476190476191
0 0.9767857142857143 0.32857142857142857 0.04642857142857143 0.0838095238095238
0 0.8835714285714286 0.1061904761904762 0.04 0.04857142857142857
0 0.7871428571428571 0.1523809523809524 0.03857142857142857 0.05333333333333334
0 0.7232142857142857 0.10333333333333333 0.03214285714285714 0.04476190476190476
0 0.6546428571428572 0.27904761904761904 0.04214285714285714 0.08952380952380952
3 0.6217857142857143 0.16666666666666666 0.030714285714285715 0.07428571428571429
0 0.5457142857142857 0.20809523809523808 0.03428571428571429 0.06761904761904762
0 0.5378571428571428 0.27904761904761904 0.037142857142857144 0.08761904761904762
0 0.5253571428571429 0.37476190476190474 0.04357142857142857 0.1019047619047619
0 0.5135714285714286 0.4957142857142857 0.055714285714285716 0.1438095238095238
0 0.49892857142857144 0.6595238095238095 0.060714285714285714 0.16476190476190475
