0 0.401 0.9316666666666666 0.032 0.07266666666666667
0 0.48025 0.8003333333333333 0.0335 0.051333333333333335
0 0.365 0.7966666666666666 0.036 0.06
0 0.34475 0.718 0.0275 0.04666666666666667
0 0.32825 0.671 0.0225 0.03933333333333333
3 0.31675 0.628 0.0245 0.050666666666666665
2 0.3045 0.5713333333333334 0.041 0.09333333333333334
0 0.28175 0.5153333333333333 0.0175 0.028
0 0.2775 0.49166666666666664 0.016 0.026
0 0.26975 0.4716666666666667 0.0135 0.022
0 0.26475 0.4513333333333333 0.0155 0.02266666666666667
0 0.2605 0.43666666666666665 0.012 0.017333333333333333
3 0.2545 0.41833333333333333 0.01 0.019333333333333334
0 0.25125 0.4066666666666667 0.0125 0.02
0 0.2455 0.386 0.01 0.014666666666666666
0 0.24125 0.37733333333333335 0.0115 0.016
0 0.209 0.26566666666666666 0.009 0.011333333333333334
0 0.228 0.21066666666666667 0.006 0.008
0 0.20625 0.19333333333333333 0.0055 0.005333333333333333
0 0.20475 0.188 0.0045 0.005333333333333333
0 0.3015 0.31466666666666665 0.009 0.010666666666666666
3 0.2115 0.18566666666666667 0.005 0.007333333333333333
0 0.21725 0.18433333333333332 0.0045 0.006
3 0.208 0.18 0.005 0.006666666666666667
0 0.19725 0.17633333333333334 0.0065 0.007333333333333333
2 0.206 0.16233333333333333 0.006 0.01
0 0.2065 0.17233333333333334 0.005 0.006
0 0.20925 0.17066666666666666 0.0045 0.005333333333333333
2 0.52825 0.951 0.0755 0.09666666666666666
0 0.563 0.9533333333333334 0.045 0.07866666666666666
0 0.61775 0.9623333333333334 0.0525 0.07533333333333334
0 0.90075 0.971 0.0585 0.05533333333333333
3 0.8395 0.8973333333333333 0.064 0.07466666666666667
0 0.7385 0.7683333333333333 0.044 0.05
0 0.7025 0.7263333333333334 0.04 0.04066666666666666
0 0.6165 0.623 0.033 0.034
0 0.667 0.8776666666666667 0.045 0.056666666666666664
0 0.52075 0.695 0.0315 0.03933333333333333
0 0.498 0.49133333333333334 0.022 0.021333333333333333
0 0.4755 0.4703333333333333 0.02 0.018
0 0.4495 0.44433333333333336 0.018 0.016666666666666666
0 0.44125 0.42733333333333334 0.0165 0.016
0 0.48875 0.412 0.0165 0.016
0 0.4175 0.39766666666666667 0.014 0.012666666666666666
0 0.409 0.38466666666666666 0.015 0.014666666666666666
0 0.34875 0.37233333333333335 0.0135 0.015333333333333332
0 0.34125 0.3413333333333333 0.0115 0.012
0 0.36775 0.323 0.0075 0.011333333333333334
0 0.39625 0.369 0.0125 0.012666666666666666
0 0.38825 0.3596666666666667 0.0115 0.011333333333333334
0 0.382 0.3496666666666667 0.012 0.012666666666666666
0 0.37475 0.3416666666666667 0.0125 0.012666666666666666
0 0.406 0.363 0.012 0.012666666666666666
0 0.39075 0.286 0.0165 0.009333333333333334
0 0.4095 0.28733333333333333 0.02 0.012
0 0.3205 0.29133333333333333 0.005 0.009333333333333334
0 0.263 0.23666666666666666 0.007 0.008
0 0.2585 0.22933333333333333 0.006 0.006666666666666667
0 0.2465 0.213 0.005 0.006
0 0.246 0.20766666666666667 0.005 0.004666666666666667
0 0.236 0.20366666666666666 0.005 0.006
2 0.276 0.23333333333333334 0.013 0.018666666666666668
0 0.232 0.19566666666666666 0.005 0.006
0 0.2285 0.189 0.005 0.004666666666666667
0 0.22475 0.18266666666666667 0.0045 0.005333333333333333
0 0.21975 0.175 0.0035 0.004666666666666667
0 0.226 0.17366666666666666 0.004 0.004666666666666667
0 0.23575 0.17033333333333334 0.0075 0.004666666666666667
0 0.23525 0.178 0.0045 0.005333333333333333
0 0.2395 0.184 0.005 0.005333333333333333
0 0.24225 0.19966666666666666 0.0045 0.006
0 0.23825 0.194 0.0045 0.005333333333333333
0 0.2365 0.19 0.005 0.005333333333333333
0 0.23325 0.18533333333333332 0.0045 0.005333333333333333
0 0.2305 0.181 0.004 0.004666666666666667
0 0.22925 0.17733333333333334 0.0045 0.005333333333333333
0 0.28475 0.226 0.0055 0.006666666666666667
0 0.28425 0.21166666666666667 0.0115 0.007333333333333333
0 0.29675 0.24066666666666667 0.0065 0.006666666666666667
0 0.294 0.23733333333333334 0.007 0.006666666666666667
0 0.29175 0.23333333333333334 0.0055 0.005333333333333333
0 0.2965 0.22066666666666668 0.007 0.006666666666666667
0 0.3255 0.2773333333333333 0.008 0.009333333333333334
0 0.32225 0.273 0.0085 0.008666666666666666
0 0.3175 0.269 0.008 0.008666666666666666
0 0.3145 0.2643333333333333 0.008 0.007333333333333333
0 0.31175 0.25966666666666666 0.0085 0.008666666666666666
0 0.308 0.25633333333333336 0.008 0.007333333333333333
0 0.30525 0.25133333333333335 0.0075 0.008
0 0.30225 0.248 0.0075 0.008
0 0.03925 0.467 0.0335 0.020666666666666667
