0 0.6093423799582464 0.5941558441558441 0.029749478079331943 0.08441558441558442
1 0.7828810020876826 0.7778293135435993 0.06889352818371608 0.18089053803339517
0 0.7800104384133612 0.674860853432282 0.03914405010438413 0.07884972170686456
1 0.5589770354906054 0.262987012987013 0.033402922755741124 0.030612244897959183
0 0.7142484342379958 0.23608534322820038 0.01826722338204593 0.021335807050092765
0 0.7048538622129437 0.1391465677179963 0.02139874739039666 0.01855287569573284
0 0.6657098121085595 0.07792207792207792 0.005741127348643006 0.011131725417439703
0 0.6521398747390397 0.07003710575139147 0.005741127348643006 0.01020408163265306
0 0.6758872651356994 0.06586270871985157 0.007306889352818371 0.011131725417439703
0 0.6965031315240083 0.06586270871985157 0.005741127348643006 0.011131725417439703
0 0.6544885177453027 0.07838589981447125 0.006263048016701462 0.01020408163265306
0 0.659446764091858 0.041280148423005564 0.005741127348643006 0.008348794063079777
0 0.6654488517745303 0.03293135435992579 0.007306889352818371 0.006493506493506494
0 0.694937369519833 0.0287569573283859 0.006784968684759917 0.00927643784786642
0 0.6920668058455115 0.012059369202226345 0.0041753653444676405 0.0055658627087198514
