0 0.16414405010438413 0.23283858998144713 0.024530271398747392 0.02040816326530612
0 0.2753131524008351 0.8826530612244898 0.05897703549060543 0.05658627087198516
0 0.15083507306889352 0.9823747680890538 0.015657620041753653 0.03339517625231911
0 0.30088726513569936 0.6498144712430427 0.043319415448851775 0.036178107606679034
0 0.31289144050104384 0.5811688311688312 0.03914405010438413 0.030612244897959183
0 0.3212421711899791 0.524582560296846 0.037056367432150315 0.0287569573283859
0 0.5615866388308977 0.7611317254174397 0.028183716075156576 0.06957328385899815
0 0.5315762004175365 0.4967532467532468 0.01826722338204593 0.039888682745825604
0 0.5725469728601252 0.034786641929499075 0.011482254697286013 0.01020408163265306
0 0.3408141962421712 0.16975881261595546 0.014613778705636743 0.012987012987012988
0 0.6469206680584552 0.03339517625231911 0.013048016701461378 0.00927643784786642
1 0.6106471816283925 0.06029684601113173 0.014613778705636743 0.02411873840445269
0 0.6359603340292276 0.0640074211502783 0.009916492693110648 0.00927643784786642
2 0.6641440501043842 0.06771799628942486 0.019311064718162838 0.029684601113172542
2 0.6492693110647182 0.05519480519480519 0.018789144050104383 0.02504638218923933
2 0.6737995824634656 0.02829313543599258 0.029227557411273485 0.01948051948051948
0 0.5707202505219207 0.016697588126159554 0.006784968684759917 0.00927643784786642
0 0.5662839248434238 0.011595547309833023 0.007306889352818371 0.01020408163265306
0 0.5738517745302714 0.01020408163265306 0.006784968684759917 0.00927643784786642
0 0.5712421711899791 0.0027829313543599257 0.005741127348643006 0.0055658627087198514
0 0.7108559498956158 0.26205936920222633 0.027139874739039668 0.017625231910946195
0 0.7058977035490606 0.25510204081632654 0.02348643006263048 0.01855287569573284
3 0.6871085594989561 0.22912801484230055 0.02035490605427975 0.02040816326530612
0 0.6743215031315241 0.2147495361781076 0.022964509394572025 0.015769944341372914
0 0.6688413361169102 0.2082560296846011 0.02348643006263048 0.017625231910946195
3 0.6623173277661796 0.20037105751391465 0.018789144050104383 0.01855287569573284
0 0.6638830897703549 0.1906307977736549 0.020876826722338204 0.013914656771799629
3 0.6578810020876826 0.18181818181818182 0.01826722338204593 0.016697588126159554
0 0.6516179540709812 0.17717996289424862 0.016179540709812108 0.016697588126159554
0 0.6484864300626305 0.16975881261595546 0.016179540709812108 0.012987012987012988
0 0.6132567849686847 0.12105751391465677 0.014613778705636743 0.012059369202226345
3 0.6036012526096033 0.11224489795918367 0.015135699373695199 0.012987012987012988
0 0.5915970772442589 0.09276437847866419 0.014091858037578288 0.00927643784786642
0 0.5514091858037579 0.03525046382189239 0.013048016701461378 0.0074211502782931356
0 0.5253131524008351 0.7300556586270872 0.02661795407098121 0.03339517625231911
0 0.537839248434238 0.42115027829313545 0.019311064718162838 0.03339517625231911
3 0.5733298538622129 0.3079777365491651 0.02348643006263048 0.022263450834879406
3 0.35464509394572025 0.36595547309833026 0.013048016701461378 0.02504638218923933
