1 0.08035714285714286 0.7791878172588832 0.085 0.15228426395939088
3 0.21571428571428572 0.9124365482233503 0.041428571428571426 0.10406091370558376
0 0.2621428571428571 0.6472081218274112 0.03142857142857143 0.07868020304568528
0 0.15142857142857144 0.6110406091370558 0.037142857142857144 0.06979695431472081
0 0.17357142857142857 0.541243654822335 0.03571428571428571 0.05710659898477157
0 0.19357142857142856 0.48350253807106597 0.03142857142857143 0.048223350253807105
3 0.2907142857142857 0.3635786802030457 0.02857142857142857 0.06218274111675127
0 0.24892857142857142 0.15101522842639595 0.03214285714285714 0.027918781725888325
1 0.21142857142857144 0.15038071065989847 0.03571428571428571 0.04187817258883249
0 0.35035714285714287 0.06281725888324872 0.015 0.024111675126903553
2 0.345 0.02284263959390863 0.027142857142857142 0.04568527918781726
0 0.5060714285714286 0.04758883248730964 0.019285714285714285 0.03426395939086294
0 0.6364285714285715 0.18464467005076143 0.022857142857142857 0.05456852791878172
0 0.6282142857142857 0.010786802030456852 0.019285714285714285 0.021573604060913704
0 0.7089285714285715 0.3134517766497462 0.03642857142857143 0.07360406091370558
