3 0.9530271398747391 0.9137291280148423 0.09290187891440502 0.15398886827458255
0 0.81419624217119 0.6920222634508348 0.09394572025052192 0.06493506493506493
2 0.7267745302713987 0.4642857142857143 0.11012526096033402 0.075139146567718
0 0.6497912317327766 0.42578849721706863 0.028183716075156576 0.03896103896103896
1 0.7082463465553236 0.42810760667903525 0.059498956158663886 0.04359925788497217
3 0.6975469728601252 0.38961038961038963 0.03914405010438413 0.03896103896103896
0 0.40657620041753656 0.40584415584415584 0.04279749478079332 0.032467532467532464
0 0.6448329853862212 0.28617810760667906 0.030793319415448852 0.01948051948051948
0 0.5981210855949896 0.26484230055658625 0.014613778705636743 0.023191094619666047
3 0.5566283924843424 0.2727272727272727 0.014091858037578288 0.029684601113172542
0 0.48512526096033404 0.2829313543599258 0.02870563674321503 0.02040816326530612
3 0.4814718162839248 0.2036178107606679 0.012004175365344467 0.023191094619666047
3 0.5203549060542797 0.1989795918367347 0.017745302713987474 0.017625231910946195
0 0.5007828810020877 0.22680890538033396 0.02661795407098121 0.017625231910946195
3 0.5007828810020877 0.24953617810760667 0.02035490605427975 0.012987012987012988
0 0.4997390396659708 0.2569573283858998 0.027661795407098122 0.014842300556586271
0 0.49660751565762007 0.2657699443413729 0.02870563674321503 0.017625231910946195
0 0.4934759916492693 0.2727272727272727 0.027661795407098122 0.02040816326530612
0 0.5686325678496869 0.15630797773654917 0.006784968684759917 0.01020408163265306
1 0.5581941544885177 0.14888682745825602 0.006784968684759917 0.015769944341372914
0 0.6116910229645094 0.16929499072356216 0.016701461377870562 0.015769944341372914
