0 0.5828571428571429 0.9061904761904762 0.08571428571428572 0.18761904761904763
0 0.6992857142857143 0.6542857142857142 0.07 0.15619047619047619
0 0.6703571428571429 0.48857142857142855 0.06642857142857143 0.1295238095238095
0 0.6275 0.2557142857142857 0.04928571428571429 0.08666666666666667
0 0.6014285714285714 0.09619047619047619 0.04 0.07238095238095238
0 0.5921428571428572 0.03190476190476191 0.03571428571428571 0.06
1 0.5525 0.13380952380952382 0.04071428571428572 0.07904761904761905
0 0.46035714285714285 0.1657142857142857 0.035 0.07428571428571429
0 0.38321428571428573 0.14095238095238094 0.039285714285714285 0.08571428571428572
0 0.4442857142857143 0.41 0.06857142857142857 0.12857142857142856
0 0.45785714285714285 0.5766666666666667 0.055714285714285716 0.15904761904761905
0 0.45 0.7847619047619048 0.05714285714285714 0.17333333333333334
0 0.3335714285714286 0.22047619047619046 0.07571428571428572 0.08476190476190476
0 0.3417857142857143 0.02238095238095238 0.08071428571428571 0.04476190476190476
