0 0.5835714285714285 0.7333333333333333 0.06571428571428571 0.1619047619047619
0 0.07642857142857143 0.5219047619047619 0.09571428571428571 0.12761904761904763
0 0.2082142857142857 0.6209523809523809 0.105 0.1523809523809524
0 0.2742857142857143 0.49952380952380954 0.07714285714285714 0.12095238095238095
3 0.7471428571428571 0.6166666666666667 0.045714285714285714 0.11333333333333333
1 0.7535714285714286 0.8176190476190476 0.07571428571428572 0.21619047619047618
3 0.8185714285714286 0.5166666666666667 0.05142857142857143 0.12285714285714286
0 0.8382142857142857 0.799047619047619 0.06928571428571428 0.18285714285714286
0 0.8975 0.7385714285714285 0.07785714285714286 0.16666666666666666
0 0.8232142857142857 0.6342857142857142 0.056428571428571425 0.12380952380952381
0 0.7585714285714286 0.5066666666666667 0.05142857142857143 0.10666666666666667
0 0.6967857142857142 0.5395238095238095 0.056428571428571425 0.11904761904761904
3 0.6310714285714286 0.15142857142857144 0.03357142857142857 0.05523809523809524
3 0.7535714285714286 0.18428571428571427 0.03428571428571429 0.07142857142857142
3 0.9657142857142857 0.46476190476190476 0.06857142857142857 0.0761904761904762
0 0.7575 0.24761904761904763 0.03642857142857143 0.06285714285714286
0 0.7982142857142858 0.25333333333333335 0.03642857142857143 0.05904761904761905
0 0.7935714285714286 0.19476190476190477 0.032857142857142856 0.054285714285714284
0 0.8089285714285714 0.15571428571428572 0.07357142857142857 0.04666666666666667
0 0.8357142857142857 0.21142857142857144 0.03857142857142857 0.07809523809523809
0 0.9035714285714286 0.3647619047619048 0.09 0.06095238095238095
0 0.8992857142857142 0.3280952380952381 0.09857142857142857 0.05619047619047619
0 0.9192857142857143 0.28476190476190477 0.07857142857142857 0.05142857142857143
0 0.9053571428571429 0.2438095238095238 0.07071428571428572 0.05714285714285714
0 0.8996428571428572 0.2061904761904762 0.08642857142857142 0.05238095238095238
0 0.8914285714285715 0.1676190476190476 0.07428571428571429 0.049523809523809526
0 0.88 0.11857142857142858 0.06714285714285714 0.040952380952380955
0 0.87 0.09619047619047619 0.06285714285714286 0.03619047619047619
3 0.7282142857142857 0.02619047619047619 0.02642857142857143 0.04476190476190476
0 0.9535714285714286 0.4147619047619048 0.09285714285714286 0.06761904761904762
0 0.8125 0.041428571428571426 0.05785714285714286 0.04476190476190476
0 0.8421428571428572 0.030476190476190476 0.07285714285714286 0.04
0 0.8246428571428571 0.012380952380952381 0.05928571428571429 0.024761904761904763
0 0.7642857142857142 0.013333333333333334 0.027142857142857142 0.02666666666666667
0 0.3896428571428571 0.2752380952380952 0.05357142857142857 0.08
3 0.42 0.21476190476190476 0.04428571428571428 0.07523809523809524
3 0.5185714285714286 0.034761904761904765 0.02857142857142857 0.05238095238095238
2 0.5814285714285714 0.025714285714285714 0.05142857142857143 0.05142857142857143
0 0.5367857142857143 0.01619047619047619 0.025 0.03238095238095238
