1 0.3392857142857143 0.8142857142857143 0.23857142857142857 0.1523809523809524
0 0.6589285714285714 0.5523809523809524 0.12214285714285714 0.15619047619047619
0 0.725 0.45380952380952383 0.12285714285714286 0.11523809523809524
0 0.5467857142857143 0.32571428571428573 0.06357142857142857 0.11238095238095239
3 0.6092857142857143 0.23857142857142857 0.045714285714285714 0.07333333333333333
3 0.4303571428571429 0.18476190476190477 0.04928571428571429 0.07047619047619047
1 0.7275 0.2257142857142857 0.12928571428571428 0.0761904761904762
1 0.7107142857142857 0.11238095238095239 0.06428571428571428 0.11047619047619048
1 0.5821428571428572 0.054285714285714284 0.054285714285714284 0.10857142857142857
0 0.9575 0.6185714285714285 0.085 0.11333333333333333
