0 0.1332142857142857 0.29285714285714287 0.04071428571428572 0.03142857142857143
0 0.3557142857142857 0.5838095238095238 0.07285714285714286 0.05523809523809524
0 0.36 0.5414285714285715 0.07285714285714286 0.037142857142857144
3 0.36642857142857144 0.17 0.03142857142857143 0.02
3 0.3467857142857143 0.021904761904761906 0.017857142857142856 0.02857142857142857
3 0.36178571428571427 0.09333333333333334 0.012142857142857143 0.024761904761904763
3 0.2807142857142857 0.029523809523809525 0.017142857142857144 0.02666666666666667
0 0.24535714285714286 0.04666666666666667 0.015 0.015238095238095238
3 0.4521428571428571 0.06523809523809523 0.011428571428571429 0.014285714285714285
0 0.4357142857142857 0.14142857142857143 0.018571428571428572 0.018095238095238095
0 0.5828571428571429 0.6638095238095238 0.07714285714285714 0.049523809523809526
0 0.5182142857142857 0.3057142857142857 0.04214285714285714 0.02095238095238095
0 0.6235714285714286 0.5533333333333333 0.06571428571428571 0.045714285714285714
0 0.7228571428571429 0.5776190476190476 0.07285714285714286 0.04476190476190476
0 0.7128571428571429 0.5414285714285715 0.07142857142857142 0.037142857142857144
0 0.5664285714285714 0.4942857142857143 0.06571428571428571 0.03619047619047619
0 0.5635714285714286 0.4661904761904762 0.06 0.029523809523809525
0 0.5571428571428572 0.44047619047619047 0.06 0.03142857142857143
0 0.5482142857142858 0.41904761904761906 0.052142857142857144 0.03238095238095238
0 0.5417857142857143 0.39714285714285713 0.056428571428571425 0.03238095238095238
0 0.6210714285714286 0.3676190476190476 0.05357142857142857 0.02857142857142857
0 0.6375 0.3904761904761905 0.05071428571428571 0.02857142857142857
0 0.6617857142857143 0.43238095238095237 0.055 0.03428571428571429
0 0.6864285714285714 0.4847619047619048 0.06428571428571428 0.0380952380952381
3 0.6421428571428571 0.25285714285714284 0.02142857142857143 0.03333333333333333
0 0.575 0.2523809523809524 0.04285714285714286 0.022857142857142857
0 0.5957142857142858 0.2995238095238095 0.03428571428571429 0.025714285714285714
0 0.5939285714285715 0.2842857142857143 0.04357142857142857 0.02
0 0.5860714285714286 0.27380952380952384 0.039285714285714285 0.02
0 0.5139285714285714 0.2885714285714286 0.04642857142857143 0.022857142857142857
0 0.5132142857142857 0.27666666666666667 0.04071428571428572 0.02
0 0.5085714285714286 0.2671428571428571 0.041428571428571426 0.02
0 0.5035714285714286 0.25476190476190474 0.03571428571428571 0.023809523809523808
