0 0.04475 0.03266666666666666 0.0255 0.014666666666666666
0 0.04375 0.04 0.0255 0.017333333333333333
0 0.056 0.04733333333333333 0.029 0.010666666666666666
0 0.048 0.05466666666666667 0.024 0.013333333333333334
3 0.05025 0.12266666666666666 0.0175 0.02266666666666667
3 0.06125 0.14266666666666666 0.0195 0.02266666666666667
0 0.07075 0.15733333333333333 0.0205 0.02266666666666667
0 0.107 0.193 0.038 0.024666666666666667
3 0.138 0.029 0.022 0.016666666666666666
0 0.1235 0.24633333333333332 0.03 0.03133333333333333
0 0.1175 0.21633333333333332 0.041 0.026
0 0.14775 0.277 0.0315 0.03266666666666666
0 0.22075 0.36833333333333335 0.0395 0.043333333333333335
0 0.2555 0.406 0.047 0.04533333333333334
0 0.19025 0.3333333333333333 0.0355 0.034666666666666665
0 0.30225 0.452 0.0565 0.050666666666666665
0 0.6815 0.43066666666666664 0.068 0.04
3 0.75275 0.42 0.0695 0.04666666666666667
0 0.898 0.4246666666666667 0.064 0.036
0 0.969 0.4266666666666667 0.062 0.037333333333333336
0 0.2775 0.8903333333333333 0.062 0.14866666666666667
0 0.31825 0.74 0.0615 0.12133333333333333
0 0.53725 0.7073333333333334 0.0735 0.11733333333333333
