0 0.5175 0.8461904761904762 0.095 0.1457142857142857
0 0.4664285714285714 0.6719047619047619 0.07571428571428572 0.0980952380952381
0 0.27285714285714285 0.8533333333333334 0.06857142857142857 0.15619047619047619
0 0.37214285714285716 0.5876190476190476 0.047142857142857146 0.07047619047619047
0 0.35 0.47095238095238096 0.03857142857142857 0.05047619047619047
0 0.2325 0.6471428571428571 0.056428571428571425 0.10952380952380952
0 0.06964285714285715 0.8733333333333333 0.06785714285714285 0.1619047619047619
0 0.08428571428571428 0.5728571428571428 0.047142857142857146 0.07142857142857142
1 0.15285714285714286 0.6795238095238095 0.06571428571428571 0.15904761904761905
1 0.4082142857142857 0.4895238095238095 0.052142857142857144 0.06666666666666667
1 0.27464285714285713 0.35285714285714287 0.04642857142857143 0.06952380952380953
3 0.1367857142857143 0.15857142857142856 0.020714285714285713 0.03333333333333333
2 0.062142857142857146 0.21666666666666667 0.032857142857142856 0.05619047619047619
3 0.37357142857142855 0.2419047619047619 0.03571428571428571 0.0380952380952381
3 0.34964285714285714 0.22523809523809524 0.020714285714285713 0.023809523809523808
3 0.18642857142857142 0.21619047619047618 0.02142857142857143 0.024761904761904763
0 0.09821428571428571 0.1442857142857143 0.012142857142857143 0.01619047619047619
0 0.11857142857142858 0.1457142857142857 0.014285714285714285 0.013333333333333334
0 0.215 0.20904761904761904 0.017142857142857144 0.01619047619047619
0 0.225 0.25047619047619046 0.022857142857142857 0.02095238095238095
0 0.27035714285714285 0.2509523809523809 0.02214285714285714 0.02761904761904762
0 0.2417857142857143 0.20952380952380953 0.013571428571428571 0.01904761904761905
0 0.22035714285714286 0.1319047619047619 0.013571428571428571 0.010476190476190476
0 0.1957142857142857 0.17333333333333334 0.014285714285714285 0.015238095238095238
0 0.18107142857142858 0.12428571428571429 0.010714285714285714 0.010476190476190476
0 0.1757142857142857 0.07047619047619047 0.007142857142857143 0.009523809523809525
3 0.16785714285714284 0.10904761904761905 0.011428571428571429 0.014285714285714285
0 0.33107142857142857 0.20142857142857143 0.02214285714285714 0.02
0 0.43964285714285717 0.20761904761904762 0.019285714285714285 0.022857142857142857
0 0.47535714285714287 0.23809523809523808 0.025 0.022857142857142857
0 0.9771428571428571 0.08714285714285715 0.022857142857142857 0.014285714285714285
0 0.9553571428571429 0.08095238095238096 0.017857142857142856 0.01904761904761905
0 0.8867857142857143 0.0880952380952381 0.02214285714285714 0.010476190476190476
0 0.8703571428571428 0.10142857142857142 0.020714285714285713 0.018095238095238095
0 0.7721428571428571 0.1976190476190476 0.03 0.01619047619047619
0 0.9896428571428572 0.07047619047619047 0.019285714285714285 0.009523809523809525
0 0.9771428571428571 0.06142857142857143 0.02142857142857143 0.008571428571428572
0 0.8978571428571429 0.08428571428571428 0.02142857142857143 0.01619047619047619
3 0.6135714285714285 0.20142857142857143 0.018571428571428572 0.023809523809523808
3 0.4467857142857143 0.17285714285714285 0.02214285714285714 0.021904761904761906
0 0.41714285714285715 0.19380952380952382 0.022857142857142857 0.023809523809523808
3 0.40214285714285714 0.1819047619047619 0.015714285714285715 0.01904761904761905
3 0.3342857142857143 0.1719047619047619 0.03428571428571429 0.023809523809523808
3 0.3167857142857143 0.16523809523809524 0.02642857142857143 0.02
0 0.36 0.15666666666666668 0.024285714285714285 0.012380952380952381
0 0.31285714285714283 0.15714285714285714 0.02 0.015238095238095238
0 0.30892857142857144 0.1523809523809524 0.020714285714285713 0.013333333333333334
0 0.2885714285714286 0.16238095238095238 0.017142857142857144 0.02
3 0.31035714285714283 0.14238095238095239 0.039285714285714285 0.029523809523809525
0 0.2892857142857143 0.1457142857142857 0.015714285714285715 0.022857142857142857
0 0.32071428571428573 0.12142857142857143 0.014285714285714285 0.01619047619047619
0 0.3196428571428571 0.11238095238095239 0.012142857142857143 0.011428571428571429
3 0.08928571428571429 0.04857142857142857 0.007142857142857143 0.009523809523809525
3 0.016428571428571428 0.10857142857142857 0.022857142857142857 0.007619047619047619
3 0.014285714285714285 0.13047619047619047 0.025714285714285714 0.011428571428571429
0 0.01607142857142857 0.1219047619047619 0.023571428571428573 0.015238095238095238
3 0.024642857142857143 0.0980952380952381 0.027857142857142858 0.011428571428571429
