0 0.435 0.8485714285714285 0.16 0.11619047619047619
3 0.43964285714285717 0.9676190476190476 0.16071428571428573 0.06476190476190476
3 0.45107142857142857 0.3661904761904762 0.09785714285714285 0.06952380952380953
0 0.44535714285714284 0.30666666666666664 0.11357142857142857 0.05714285714285714
0 0.44892857142857145 0.25142857142857145 0.10214285714285715 0.05142857142857143
0 0.4514285714285714 0.19666666666666666 0.10142857142857142 0.05047619047619047
0 0.44821428571428573 0.14904761904761904 0.09357142857142857 0.05619047619047619
0 0.4446428571428571 0.10380952380952381 0.09214285714285714 0.05904761904761905
0 0.44857142857142857 0.06619047619047619 0.09857142857142857 0.05047619047619047
0 0.44821428571428573 0.025238095238095237 0.09071428571428572 0.04857142857142857
0 0.9589285714285715 0.04285714285714286 0.062142857142857146 0.08190476190476191
0 0.9767857142857143 0.37333333333333335 0.04642857142857143 0.11619047619047619
