0 0.803 0.9343333333333333 0.133 0.13133333333333333
3 0.729 0.8023333333333333 0.105 0.162
3 0.44575 0.8433333333333334 0.1085 0.176
0 0.54325 0.7286666666666667 0.0825 0.12533333333333332
0 0.5405 0.477 0.087 0.07266666666666667
3 0.57575 0.5146666666666667 0.1245 0.11066666666666666
0 0.428 0.43066666666666664 0.068 0.07866666666666666
3 0.30875 0.5413333333333333 0.0875 0.13866666666666666
3 0.21825 0.2946666666666667 0.0485 0.07866666666666666
0 0.331 0.2833333333333333 0.047 0.06266666666666666
0 0.36725 0.263 0.0535 0.058
0 0.40975 0.24633333333333332 0.0545 0.058
3 0.45075 0.229 0.0545 0.07533333333333334
0 0.488 0.22333333333333333 0.051 0.048
0 0.19275 0.229 0.0355 0.051333333333333335
0 0.17675 0.169 0.0345 0.042
3 0.15475 0.10066666666666667 0.0355 0.05733333333333333
3 0.12125 0.022333333333333334 0.0235 0.035333333333333335
