3 0.60475 0.3466666666666667 0.0515 0.030666666666666665
3 0.478 0.36733333333333335 0.053 0.03866666666666667
3 0.4325 0.32166666666666666 0.052 0.03133333333333333
3 0.3715 0.289 0.05 0.03
0 0.94775 0.24566666666666667 0.0225 0.03133333333333333
0 0.6215 0.7086666666666667 0.097 0.06
0 0.53125 0.627 0.0315 0.078
0 0.568 0.837 0.067 0.12066666666666667
0 0.16875 0.7356666666666667 0.1085 0.06733333333333333
0 0.35775 0.651 0.0815 0.05266666666666667
0 0.26775 0.529 0.0745 0.051333333333333335
0 0.503 0.5066666666666667 0.067 0.04666666666666667
0 0.17475 0.5773333333333334 0.0625 0.050666666666666665
0 0.056 0.36566666666666664 0.054 0.038
0 0.02525 0.44966666666666666 0.0485 0.04733333333333333
0 0.12125 0.475 0.0155 0.024666666666666667
0 0.04675 0.547 0.0405 0.066
0 0.00975 0.5256666666666666 0.0195 0.05266666666666667
0 0.2025 0.29633333333333334 0.052 0.024666666666666667
0 0.2035 0.25166666666666665 0.042 0.023333333333333334
3 0.04 0.212 0.035 0.025333333333333333
1 0.1535 0.23066666666666666 0.058 0.044
1 0.13525 0.18833333333333332 0.0705 0.04066666666666666
0 0.61075 0.2816666666666667 0.0445 0.026
0 0.6165 0.2673333333333333 0.044 0.02
0 0.63175 0.25566666666666665 0.0355 0.018
0 0.638 0.24166666666666667 0.037 0.023333333333333334
0 0.63375 0.228 0.0355 0.018666666666666668
3 0.64575 0.219 0.0345 0.026
1 0.40875 0.26166666666666666 0.0495 0.038
1 0.449 0.24266666666666667 0.043 0.042666666666666665
0 0.43275 0.25933333333333336 0.0375 0.025333333333333333
1 0.66275 0.26866666666666666 0.0455 0.056
1 0.6985 0.2803333333333333 0.042 0.06066666666666667
0 0.72925 0.24966666666666668 0.0215 0.027333333333333334
0 0.7025 0.244 0.027 0.030666666666666665
0 0.68375 0.23666666666666666 0.0225 0.021333333333333333
0 0.7515 0.202 0.025 0.02266666666666667
0 0.731 0.197 0.027 0.020666666666666667
0 0.7045 0.19066666666666668 0.021 0.02266666666666667
0 0.68375 0.189 0.0205 0.024666666666666667
0 0.6555 0.186 0.025 0.021333333333333333
0 0.535 0.23333333333333334 0.031 0.032
0 0.556 0.21566666666666667 0.022 0.026
0 0.57825 0.19633333333333333 0.0235 0.024666666666666667
0 0.51475 0.19233333333333333 0.0275 0.022
3 0.548 0.18333333333333332 0.038 0.02666666666666667
3 0.50475 0.17 0.0285 0.02666666666666667
0 0.602 0.15133333333333332 0.032 0.016
0 0.612 0.14466666666666667 0.032 0.016
0 0.6235 0.13433333333333333 0.029 0.015333333333333332
0 0.69725 0.173 0.0375 0.016666666666666666
0 0.7055 0.16433333333333333 0.032 0.015333333333333332
0 0.72575 0.14033333333333334 0.0315 0.018
0 0.733 0.133 0.032 0.014
0 0.73425 0.127 0.0285 0.014
0 0.7475 0.11966666666666667 0.033 0.015333333333333332
0 0.749 0.10733333333333334 0.027 0.009333333333333334
3 0.76225 0.09666666666666666 0.0235 0.014666666666666666
0 0.77225 0.09233333333333334 0.0185 0.014
0 0.7445 0.08866666666666667 0.011 0.02
0 0.76425 0.07666666666666666 0.0095 0.013333333333333334
0 0.749 0.07233333333333333 0.013 0.014
3 0.6525 0.11633333333333333 0.024 0.016666666666666666
0 0.661 0.11066666666666666 0.019 0.012
0 0.67575 0.10166666666666667 0.0255 0.016666666666666666
0 0.68575 0.085 0.0295 0.012666666666666666
0 0.695 0.077 0.024 0.011333333333333334
0 0.717 0.08033333333333334 0.013 0.016666666666666666
0 0.7145 0.06633333333333333 0.023 0.012666666666666666
0 0.73325 0.048 0.0175 0.013333333333333334
0 0.72675 0.058333333333333334 0.0235 0.011333333333333334
0 0.74375 0.044 0.0155 0.013333333333333334
0 0.7525 0.038 0.022 0.012
0 0.734 0.029 0.013 0.015333333333333332
0 0.7735 0.035 0.011 0.011333333333333334
0 0.79075 0.07366666666666667 0.0215 0.011333333333333334
0 0.79375 0.06566666666666666 0.0185 0.01
0 0.7595 0.028333333333333332 0.018 0.01
0 0.76675 0.023333333333333334 0.0245 0.010666666666666666
