0 0.08214285714285714 0.94 0.11285714285714285 0.08761904761904762
0 0.11142857142857143 0.7542857142857143 0.06285714285714286 0.10285714285714286
0 0.6571428571428571 0.44571428571428573 0.04285714285714286 0.0838095238095238
0 0.8289285714285715 0.3333333333333333 0.04642857142857143 0.06476190476190476
0 0.8957142857142857 0.38857142857142857 0.045714285714285714 0.06476190476190476
0 0.6078571428571429 0.8585714285714285 0.047142857142857146 0.1419047619047619
0 0.5678571428571428 0.5614285714285714 0.03571428571428571 0.08285714285714285
0 0.5160714285714286 0.08523809523809524 0.02214285714285714 0.040952380952380955
0 0.5635714285714286 0.4419047619047619 0.03428571428571429 0.0838095238095238
0 0.5521428571428572 0.36142857142857143 0.03 0.07523809523809524
0 0.5314285714285715 0.31 0.05 0.05047619047619047
0 0.8453571428571428 0.1880952380952381 0.03642857142857143 0.05619047619047619
0 0.9764285714285714 0.42714285714285716 0.047142857142857146 0.06952380952380953
3 0.11678571428571428 0.6414285714285715 0.052142857142857144 0.09428571428571429
3 0.17 0.42523809523809525 0.04857142857142857 0.07714285714285714
3 0.18071428571428572 0.3233333333333333 0.03 0.05619047619047619
0 0.27035714285714285 0.043333333333333335 0.023571428571428573 0.035238095238095235
0 0.275 0.013333333333333334 0.012857142857142857 0.02666666666666667
3 0.4257142857142857 0.12 0.05142857142857143 0.045714285714285714
0 0.2864285714285714 0.12904761904761905 0.05285714285714286 0.021904761904761906
0 0.6457142857142857 0.024761904761904763 0.027142857142857142 0.030476190476190476
2 0.7725 0.023333333333333334 0.05071428571428571 0.04666666666666667
0 0.6139285714285714 0.012857142857142857 0.015 0.025714285714285714
0 0.145 0.5338095238095238 0.047142857142857146 0.08095238095238096
3 0.5325 0.18095238095238095 0.02642857142857143 0.05904761904761905
0 0.5296428571428572 0.14 0.023571428571428573 0.045714285714285714
0 0.5153571428571428 0.03761904761904762 0.017857142857142856 0.040952380952380955
0 0.9760714285714286 0.3342857142857143 0.03642857142857143 0.06285714285714286
