1 0.9228571428571428 0.9152380952380952 0.06857142857142857 0.05523809523809524
0 0.36464285714285716 0.3080952380952381 0.03357142857142857 0.023809523809523808
0 0.4632142857142857 0.4266666666666667 0.020714285714285713 0.0380952380952381
0 0.44607142857142856 0.35333333333333333 0.016428571428571428 0.03619047619047619
0 0.4492857142857143 0.1661904761904762 0.011428571428571429 0.018095238095238095
0 0.42464285714285716 0.07714285714285714 0.007857142857142858 0.015238095238095238
0 0.48928571428571427 0.4 0.018571428571428572 0.03428571428571429
0 0.6164285714285714 0.37857142857142856 0.022857142857142857 0.02761904761904762
0 0.32857142857142857 0.14714285714285713 0.022857142857142857 0.018095238095238095
3 0.3585714285714286 0.2261904761904762 0.024285714285714285 0.018095238095238095
3 0.44357142857142856 0.31761904761904763 0.014285714285714285 0.03142857142857143
3 0.4546428571428571 0.38904761904761903 0.019285714285714285 0.037142857142857144
3 0.4632142857142857 0.2904761904761905 0.010714285714285714 0.017142857142857144
0 0.4521428571428571 0.24571428571428572 0.014285714285714285 0.024761904761904763
0 0.4575 0.27 0.013571428571428571 0.025714285714285714
1 0.47214285714285714 0.3357142857142857 0.03 0.08095238095238096
1 0.5307142857142857 0.43666666666666665 0.027142857142857142 0.05047619047619047
1 0.4689285714285714 0.4942857142857143 0.03214285714285714 0.09714285714285714
1 0.5042857142857143 0.47285714285714286 0.04285714285714286 0.11333333333333333
1 0.40035714285714286 0.030476190476190476 0.010714285714285714 0.022857142857142857
1 0.40285714285714286 0.11714285714285715 0.012857142857142857 0.030476190476190476
2 0.4328571428571429 0.2704761904761905 0.024285714285714285 0.07047619047619047
2 0.4235714285714286 0.22333333333333333 0.02142857142857143 0.05047619047619047
2 0.44357142857142856 0.20952380952380953 0.022857142857142857 0.05523809523809524
2 0.41785714285714287 0.18476190476190477 0.018571428571428572 0.04380952380952381
2 0.43357142857142855 0.17285714285714285 0.02 0.04857142857142857
2 0.4107142857142857 0.15666666666666668 0.017142857142857144 0.04666666666666667
2 0.4203571428571429 0.1295238095238095 0.019285714285714285 0.04380952380952381
0 0.49107142857142855 0.2257142857142857 0.02214285714285714 0.02095238095238095
1 0.42178571428571426 0.019523809523809523 0.010714285714285714 0.021904761904761906
