3 0.2315 0.954 0.091 0.092
0 0.294 0.8786666666666667 0.074 0.108
0 0.37075 0.959 0.0695 0.082
0 0.45225 0.951 0.0615 0.098
0 0.682 0.984 0.146 0.032
0 0.45725 0.5486666666666666 0.0105 0.009333333333333334
3 0.466 0.5486666666666666 0.009 0.009333333333333334
0 0.47775 0.5496666666666666 0.0095 0.008666666666666666
0 0.5025 0.548 0.007 0.006666666666666667
3 0.528 0.55 0.008 0.009333333333333334
0 0.505 0.5673333333333334 0.02 0.010666666666666666
0 0.53975 0.5733333333333334 0.0105 0.010666666666666666
0 0.47775 0.57 0.0175 0.012
3 0.47875 0.576 0.0105 0.014666666666666666
0 0.5425 0.5766666666666667 0.01 0.010666666666666666
0 0.5425 0.5843333333333334 0.01 0.01
0 0.474 0.583 0.012 0.014
0 0.4715 0.5873333333333334 0.012 0.017333333333333333
0 0.5425 0.5896666666666667 0.01 0.012666666666666666
3 0.54325 0.595 0.0105 0.016666666666666666
0 0.46625 0.594 0.0145 0.018666666666666668
0 0.457 0.6093333333333333 0.016 0.018666666666666668
0 0.55425 0.6003333333333334 0.0235 0.014
0 0.5615 0.602 0.022 0.010666666666666666
0 0.56675 0.6056666666666667 0.0305 0.012666666666666666
0 0.565 0.6093333333333333 0.029 0.013333333333333334
0 0.56625 0.6156666666666667 0.0355 0.011333333333333334
0 0.56725 0.6186666666666667 0.0335 0.013333333333333334
0 0.568 0.626 0.037 0.016
0 0.56925 0.637 0.0395 0.019333333333333334
0 0.43675 0.6273333333333333 0.0215 0.021333333333333333
0 0.489 0.6143333333333333 0.014 0.019333333333333334
0 0.50625 0.616 0.0155 0.018666666666666668
3 0.5075 0.6066666666666667 0.012 0.016
0 0.494 0.6266666666666667 0.017 0.017333333333333333
1 0.42825 0.6073333333333333 0.0395 0.029333333333333333
0 0.485 0.6506666666666666 0.019 0.025333333333333333
0 0.495 0.6693333333333333 0.018 0.025333333333333333
0 0.419 0.656 0.024 0.028
0 0.58075 0.663 0.0475 0.023333333333333334
0 0.5755 0.669 0.047 0.024666666666666667
0 0.584 0.68 0.054 0.025333333333333333
0 0.593 0.6913333333333334 0.058 0.028
0 0.5535 0.7226666666666667 0.027 0.04133333333333333
0 0.411 0.6743333333333333 0.025 0.028666666666666667
0 0.4075 0.6983333333333334 0.029 0.038
0 0.38625 0.7193333333333334 0.0335 0.04666666666666667
0 0.36625 0.759 0.0405 0.051333333333333335
0 0.32 0.6906666666666667 0.032 0.028
0 0.48475 0.7323333333333333 0.0285 0.04466666666666667
0 0.34 0.8056666666666666 0.055 0.066
0 0.4725 0.8193333333333334 0.035 0.058666666666666666
0 0.5785 0.839 0.048 0.06733333333333333
0 0.6615 0.902 0.115 0.07733333333333334
