0 0.4610714285714286 0.4549492385786802 0.02214285714285714 0.06472081218274112
0 0.46535714285714286 0.3756345177664975 0.020714285714285713 0.05583756345177665
0 0.49892857142857144 0.06472081218274112 0.012142857142857143 0.03553299492385787
0 0.4992857142857143 0.02284263959390863 0.014285714285714285 0.027918781725888325
0 0.5192857142857142 0.1548223350253807 0.014285714285714285 0.030456852791878174
0 0.5157142857142857 0.1148477157360406 0.012857142857142857 0.03934010152284264
0 0.5303571428571429 0.791243654822335 0.030714285714285715 0.11040609137055837
0 0.5292857142857142 0.9232233502538071 0.03571428571428571 0.13324873096446702
0 0.52 0.3102791878172589 0.018571428571428572 0.04949238578680203
0 0.5210714285714285 0.3629441624365482 0.020714285714285713 0.04314720812182741
0 0.5232142857142857 0.41814720812182743 0.019285714285714285 0.05203045685279188
0 0.5239285714285714 0.491751269035533 0.020714285714285713 0.05964467005076142
0 0.4717857142857143 0.2049492385786802 0.016428571428571428 0.03934010152284264
0 0.4760714285714286 0.11802030456852793 0.015 0.03299492385786802
0 0.5153571428571428 0.06281725888324872 0.013571428571428571 0.024111675126903553
0 0.5160714285714286 0.08692893401015228 0.015 0.02918781725888325
0 0.515 0.01967005076142132 0.012857142857142857 0.03426395939086294
3 0.48 0.04314720812182741 0.012857142857142857 0.030456852791878174
3 0.4785714285714286 0.08248730964467005 0.012857142857142857 0.030456852791878174
3 0.5203571428571429 0.25253807106598986 0.016428571428571428 0.04568527918781726
3 0.4689285714285714 0.24238578680203046 0.017857142857142856 0.04060913705583756
3 0.46714285714285714 0.3197969543147208 0.02142857142857143 0.048223350253807105
3 0.4592857142857143 0.550761421319797 0.025714285714285714 0.07614213197969544
3 0.5253571428571429 0.5697969543147208 0.027857142857142858 0.08629441624365482
3 0.5178571428571429 0.21192893401015228 0.017142857142857144 0.04314720812182741
3 0.5278571428571428 0.6770304568527918 0.02857142857142857 0.0901015228426396
3 0.4739285714285714 0.14720812182741116 0.015 0.03299492385786802
