0 0.4685714285714286 0.4319047619047619 0.03428571428571429 0.03333333333333333
0 0.47928571428571426 0.7704761904761904 0.041428571428571426 0.05714285714285714
0 0.4471428571428571 0.7080952380952381 0.037142857142857144 0.06190476190476191
3 0.42678571428571427 0.7285714285714285 0.03357142857142857 0.05142857142857143
3 0.6317857142857143 0.6390476190476191 0.039285714285714285 0.049523809523809526
0 0.2382142857142857 0.7604761904761905 0.030714285714285715 0.06952380952380953
0 0.6596428571428572 0.58 0.04071428571428572 0.0380952380952381
0 0.8628571428571429 0.7166666666666667 0.045714285714285714 0.05047619047619047
0 0.3171428571428571 0.52 0.037142857142857144 0.03238095238095238
0 0.30428571428571427 0.17285714285714285 0.01 0.012380952380952381
0 0.1792857142857143 0.2361904761904762 0.015714285714285715 0.013333333333333334
0 0.20285714285714285 0.27714285714285714 0.015714285714285715 0.017142857142857144
3 0.4139285714285714 0.5128571428571429 0.04642857142857143 0.04285714285714286
3 0.4564285714285714 0.41095238095238096 0.027142857142857142 0.029523809523809525
3 0.3132142857142857 0.4895238095238095 0.019285714285714285 0.022857142857142857
3 0.3782142857142857 0.559047619047619 0.039285714285714285 0.03238095238095238
0 0.7003571428571429 0.9723809523809523 0.06357142857142857 0.047619047619047616
0 0.7703571428571429 0.7871428571428571 0.055 0.058095238095238096
0 0.8842857142857142 0.4780952380952381 0.032857142857142856 0.03428571428571429
0 0.9692857142857143 0.5671428571428572 0.014285714285714285 0.018095238095238095
0 0.9546428571428571 0.5719047619047619 0.012142857142857143 0.018095238095238095
