0 0.06035714285714286 0.04047619047619048 0.009285714285714286 0.012380952380952381
0 0.4707142857142857 0.3842857142857143 0.011428571428571429 0.014285714285714285
0 0.4810714285714286 0.38571428571428573 0.010714285714285714 0.015238095238095238
0 0.4810714285714286 0.3680952380952381 0.010714285714285714 0.01619047619047619
0 0.4957142857142857 0.36523809523809525 0.01 0.014285714285714285
0 0.48928571428571427 0.35523809523809524 0.01 0.013333333333333334
3 0.4689285714285714 0.31285714285714283 0.013571428571428571 0.012380952380952381
2 0.4592857142857143 0.3352380952380952 0.02857142857142857 0.024761904761904763
2 0.4717857142857143 0.36 0.02214285714285714 0.03238095238095238
2 0.4664285714285714 0.3295238095238095 0.027142857142857142 0.024761904761904763
0 0.5446428571428571 0.7814285714285715 0.019285714285714285 0.04476190476190476
0 0.5735714285714286 0.81 0.014285714285714285 0.03142857142857143
0 0.5853571428571429 0.8147619047619048 0.015 0.03142857142857143
0 0.6096428571428572 0.8314285714285714 0.015 0.03619047619047619
0 0.6582142857142858 0.8714285714285714 0.016428571428571428 0.0380952380952381
0 0.6882142857142857 0.6595238095238095 0.012142857142857143 0.023809523809523808
0 0.7135714285714285 0.6704761904761904 0.011428571428571429 0.02857142857142857
0 0.7085714285714285 0.9047619047619048 0.017142857142857144 0.02857142857142857
0 0.6564285714285715 0.72 0.027142857142857142 0.02857142857142857
1 0.6325 0.6942857142857143 0.023571428571428573 0.0380952380952381
0 0.7310714285714286 0.35428571428571426 0.015 0.011428571428571429
0 0.7821428571428571 0.2819047619047619 0.008571428571428572 0.015238095238095238
0 0.7807142857142857 0.18476190476190477 0.005714285714285714 0.013333333333333334
1 0.8046428571428571 0.18333333333333332 0.016428571428571428 0.010476190476190476
2 0.6067857142857143 0.1438095238095238 0.009285714285714286 0.009523809523809525
