0 0.5885714285714285 0.7052380952380952 0.06 0.13238095238095238
0 0.7246428571428571 0.3838095238095238 0.05357142857142857 0.08190476190476191
0 0.5257142857142857 0.4419047619047619 0.03571428571428571 0.09333333333333334
0 0.7342857142857143 0.2947619047619048 0.05 0.07333333333333333
0 0.7725 0.14 0.04071428571428572 0.06285714285714286
0 0.47464285714285714 0.15666666666666668 0.03642857142857143 0.07904761904761905
0 0.6196428571428572 0.6014285714285714 0.047857142857142855 0.08285714285714285
0 0.7910714285714285 0.4442857142857143 0.062142857142857146 0.1
0 0.6678571428571428 0.21761904761904763 0.041428571428571426 0.06571428571428571
0 0.09892857142857144 0.8671428571428571 0.11357142857142857 0.07142857142857142
0 0.10035714285714285 0.7766666666666666 0.11357142857142857 0.06952380952380953
0 0.11107142857142857 0.7161904761904762 0.08642857142857142 0.06285714285714286
0 0.11214285714285714 0.6533333333333333 0.09857142857142857 0.06095238095238095
0 0.12785714285714286 0.52 0.09285714285714286 0.05523809523809524
0 0.14285714285714285 0.22142857142857142 0.07 0.04285714285714286
0 0.15428571428571428 0.09714285714285714 0.06857142857142857 0.04380952380952381
0 0.20785714285714285 0.06666666666666667 0.025714285714285714 0.06095238095238095
2 0.35714285714285715 0.12333333333333334 0.055714285714285716 0.1895238095238095
2 0.39785714285714285 0.9404761904761905 0.06857142857142857 0.11523809523809524
2 0.7025 0.0838095238095238 0.09071428571428572 0.1676190476190476
0 0.7317857142857143 0.06571428571428571 0.027857142857142858 0.05904761904761905
0 0.8839285714285714 0.07095238095238095 0.05071428571428571 0.021904761904761906
0 0.8985714285714286 0.1 0.05142857142857143 0.03238095238095238
0 0.9160714285714285 0.12380952380952381 0.062142857142857146 0.03238095238095238
0 0.93 0.15666666666666668 0.06 0.039047619047619046
0 0.9435714285714286 0.18 0.05714285714285714 0.04
0 0.2382142857142857 0.7414285714285714 0.04357142857142857 0.13238095238095238
0 0.12285714285714286 0.4695238095238095 0.09 0.049523809523809526
0 0.12678571428571428 0.4247619047619048 0.08357142857142857 0.047619047619047616
0 0.14785714285714285 0.14904761904761904 0.06571428571428571 0.035238095238095235
0 0.14714285714285713 0.1823809523809524 0.07285714285714286 0.04285714285714286
0 0.15464285714285714 0.04857142857142857 0.060714285714285714 0.045714285714285714
0 0.1625 0.017142857142857144 0.05785714285714286 0.03428571428571429
3 0.13607142857142857 0.370952380952381 0.08642857142857142 0.04666666666666667
3 0.12571428571428572 0.32904761904761903 0.08 0.04476190476190476
3 0.2567857142857143 0.21666666666666667 0.030714285714285715 0.07904761904761905
3 0.26857142857142857 0.14095238095238094 0.032857142857142856 0.06285714285714286
0 0.2782142857142857 0.07761904761904762 0.029285714285714286 0.06380952380952382
0 0.9717857142857143 0.9576190476190476 0.056428571428571425 0.07904761904761905
2 0.9767857142857143 0.7833333333333333 0.04642857142857143 0.14952380952380953
0 0.9778571428571429 0.24714285714285714 0.04428571428571428 0.04476190476190476
0 0.9842857142857143 0.28095238095238095 0.03142857142857143 0.045714285714285714
