1 0.17821428571428571 0.049523809523809526 0.020714285714285713 0.045714285714285714
0 0.23642857142857143 0.05476190476190476 0.018571428571428572 0.040952380952380955
0 0.2760714285714286 0.05857142857142857 0.017857142857142856 0.04285714285714286
1 0.33785714285714286 0.035238095238095235 0.022857142857142857 0.07047619047619047
0 0.3360714285714286 0.0980952380952381 0.016428571428571428 0.04380952380952381
3 0.3142857142857143 0.09380952380952381 0.014285714285714285 0.04666666666666667
0 0.29285714285714287 0.09714285714285714 0.017142857142857144 0.045714285714285714
0 0.21464285714285714 0.09523809523809523 0.016428571428571428 0.04
0 0.19321428571428573 0.09380952380952381 0.016428571428571428 0.035238095238095235
0 0.3003571428571429 0.1738095238095238 0.035 0.023809523809523808
0 0.3 0.19666666666666666 0.03857142857142857 0.023809523809523808
0 0.2982142857142857 0.22047619047619046 0.039285714285714285 0.025714285714285714
0 0.3003571428571429 0.24904761904761905 0.03642857142857143 0.023809523809523808
0 0.2953571428571429 0.2733333333333333 0.04071428571428572 0.022857142857142857
0 0.29714285714285715 0.3028571428571429 0.03857142857142857 0.024761904761904763
0 0.29464285714285715 0.3323809523809524 0.04357142857142857 0.024761904761904763
0 0.4392857142857143 0.05761904761904762 0.012857142857142857 0.040952380952380955
0 0.4785714285714286 0.05523809523809524 0.012857142857142857 0.0380952380952381
0 0.4975 0.05714285714285714 0.015 0.0380952380952381
0 0.4975 0.09476190476190476 0.013571428571428571 0.039047619047619046
0 0.5171428571428571 0.09619047619047619 0.014285714285714285 0.0380952380952381
0 0.5785714285714286 0.10285714285714286 0.015714285714285715 0.04
0 0.5771428571428572 0.05904761904761905 0.014285714285714285 0.045714285714285714
0 0.5582142857142857 0.05523809523809524 0.016428571428571428 0.04
1 0.5375 0.05761904761904762 0.016428571428571428 0.05047619047619047
0 0.5178571428571429 0.05047619047619047 0.015714285714285715 0.04380952380952381
0 0.45785714285714285 0.09857142857142857 0.015714285714285715 0.04285714285714286
0 0.43714285714285717 0.1019047619047619 0.015714285714285715 0.04
0 0.46964285714285714 0.1761904761904762 0.03642857142857143 0.024761904761904763
0 0.46535714285714286 0.19952380952380952 0.039285714285714285 0.02761904761904762
0 0.46535714285714286 0.2261904761904762 0.03785714285714286 0.023809523809523808
0 0.46214285714285713 0.25 0.03857142857142857 0.02761904761904762
0 0.46464285714285714 0.2733333333333333 0.04071428571428572 0.02666666666666667
0 0.4657142857142857 0.3 0.03857142857142857 0.024761904761904763
0 0.047142857142857146 0.5438095238095239 0.04857142857142857 0.024761904761904763
0 0.5835714285714285 0.5366666666666666 0.041428571428571426 0.025714285714285714
0 0.6717857142857143 0.38571428571428573 0.04357142857142857 0.02857142857142857
