0 0.05285714285714286 0.04 0.10571428571428572 0.0761904761904762
0 0.027142857142857142 0.21571428571428572 0.054285714285714284 0.14
0 0.42178571428571426 0.05238095238095238 0.047857142857142855 0.10476190476190476
0 0.33107142857142857 0.12571428571428572 0.052142857142857144 0.13714285714285715
0 0.2375 0.08238095238095237 0.056428571428571425 0.12857142857142856
0 0.21321428571428572 0.20666666666666667 0.062142857142857146 0.12761904761904763
0 0.18142857142857144 0.3995238095238095 0.07285714285714286 0.15523809523809523
0 0.11535714285714285 0.3842857142857143 0.07785714285714286 0.1457142857142857
0 0.15107142857142858 0.5985714285714285 0.07642857142857143 0.18761904761904763
0 0.05142857142857143 0.6290476190476191 0.10285714285714286 0.19333333333333333
0 0.027857142857142858 0.8871428571428571 0.055714285714285716 0.20857142857142857
0 0.11071428571428571 0.871904761904762 0.09857142857142857 0.21047619047619048
0 0.17392857142857143 0.9266666666666666 0.08785714285714286 0.14285714285714285
0 0.4982142857142857 0.15 0.04214285714285714 0.11523809523809524
0 0.58 0.14857142857142858 0.04857142857142857 0.11047619047619048
0 0.5971428571428572 0.48904761904761906 0.06 0.17047619047619048
3 0.7242857142857143 0.9376190476190476 0.08285714285714285 0.12476190476190477
0 0.7896428571428571 0.8519047619047619 0.105 0.2619047619047619
0 0.8667857142857143 0.7138095238095238 0.09214285714285714 0.20666666666666667
0 0.7564285714285715 0.6266666666666667 0.07571428571428572 0.16380952380952382
0 0.8060714285714285 0.45714285714285713 0.08071428571428571 0.1619047619047619
0 0.7282142857142857 0.42952380952380953 0.075 0.1580952380952381
0 0.7028571428571428 0.25 0.06142857142857143 0.11714285714285715
3 0.7771428571428571 0.2633333333333333 0.07714285714285714 0.1761904761904762
0 0.7442857142857143 0.11285714285714285 0.05 0.11142857142857143
0 0.6792857142857143 0.11666666666666667 0.054285714285714284 0.10952380952380952
0 0.8907142857142857 0.04 0.11714285714285715 0.06285714285714286
0 0.9128571428571428 0.08857142857142856 0.10714285714285714 0.07238095238095238
0 0.9246428571428571 0.14952380952380953 0.11357142857142857 0.06857142857142857
0 0.9414285714285714 0.22047619047619046 0.11714285714285715 0.07142857142857142
0 0.9567857142857142 0.3566666666666667 0.08642857142857142 0.08476190476190476
0 0.9717857142857143 0.4319047619047619 0.056428571428571425 0.07333333333333333
0 0.9821428571428571 0.5185714285714286 0.03571428571428571 0.07523809523809524
0 0.91 0.9242857142857143 0.11142857142857143 0.15142857142857144
