3 0.42 0.06218274111675127 0.011428571428571429 0.03553299492385787
2 0.4425 0.14593908629441624 0.013571428571428571 0.05583756345177665
3 0.4442857142857143 0.2315989847715736 0.014285714285714285 0.03934010152284264
0 0.44571428571428573 0.2823604060913706 0.015714285714285715 0.04187817258883249
0 0.4253571428571429 0.35088832487309646 0.015 0.044416243654822336
3 0.45107142857142857 0.34073604060913704 0.016428571428571428 0.05456852791878172
3 0.8332142857142857 0.5615482233502538 0.047857142857142855 0.03934010152284264
3 0.7871428571428571 0.6091370558375635 0.05142857142857143 0.04568527918781726
3 0.6353571428571428 0.5881979695431472 0.047857142857142855 0.044416243654822336
0 0.7621428571428571 0.5736040609137056 0.04428571428571428 0.03807106598984772
0 0.7092857142857143 0.6186548223350253 0.04857142857142857 0.03934010152284264
0 0.7025 0.5799492385786802 0.047857142857142855 0.03299492385786802
0 0.2735714285714286 0.9606598984771574 0.03142857142857143 0.07614213197969544
0 0.34535714285714286 0.9625634517766497 0.02642857142857143 0.07233502538071065
0 0.31142857142857144 0.9352791878172588 0.027142857142857142 0.09644670050761421
0 0.8621428571428571 0.6046954314720813 0.03428571428571429 0.04187817258883249
