0 0.29 0.7639593908629442 0.03857142857142857 0.050761421319796954
0 0.1425 0.675761421319797 0.052142857142857144 0.06218274111675127
0 0.155 0.5869289340101523 0.047142857142857146 0.05964467005076142
0 0.28535714285714286 0.47081218274111675 0.045 0.0583756345177665
0 0.36 0.4447969543147208 0.047142857142857146 0.05710659898477157
3 0.43142857142857144 0.5050761421319797 0.04857142857142857 0.05583756345177665
0 0.5082142857142857 0.4536802030456853 0.04928571428571429 0.05456852791878172
1 0.58 0.4663705583756345 0.05285714285714286 0.05964467005076142
0 0.5778571428571428 0.4118020304568528 0.04857142857142857 0.05456852791878172
0 0.5625 0.36421319796954316 0.04928571428571429 0.0532994923857868
0 0.51 0.3496192893401015 0.037142857142857144 0.044416243654822336
0 0.5625 0.31789340101522845 0.04214285714285714 0.05203045685279188
0 0.725 0.23794416243654823 0.047142857142857146 0.07233502538071065
1 0.8207142857142857 0.3946700507614213 0.08571428571428572 0.0532994923857868
2 0.8260714285714286 0.958756345177665 0.039285714285714285 0.0799492385786802
1 0.7860714285714285 0.9054568527918782 0.05071428571428571 0.1434010152284264
0 0.8007142857142857 0.8401015228426396 0.03142857142857143 0.09390862944162437
2 0.5675 0.0266497461928934 0.027857142857142858 0.0532994923857868
