3 0.17035714285714285 0.8542857142857143 0.09357142857142857 0.05333333333333334
1 0.32535714285714284 0.9419047619047619 0.05071428571428571 0.11428571428571428
3 0.37785714285714284 0.9166666666666666 0.037142857142857144 0.12666666666666668
3 0.5214285714285715 0.9395238095238095 0.032857142857142856 0.11523809523809524
0 0.5064285714285715 0.7804761904761904 0.04 0.11333333333333333
0 0.5142857142857142 0.5185714285714286 0.037142857142857144 0.11142857142857143
0 0.285 0.6876190476190476 0.04 0.11428571428571428
0 0.3625 0.5947619047619047 0.04071428571428572 0.11142857142857143
0 0.3489285714285714 0.44761904761904764 0.03785714285714286 0.10857142857142857
0 0.35928571428571426 0.33095238095238094 0.06 0.1019047619047619
0 0.5178571428571429 0.4033333333333333 0.03142857142857143 0.07523809523809524
0 0.5160714285714286 0.2966666666666667 0.03357142857142857 0.09619047619047619
0 0.5160714285714286 0.16857142857142857 0.03357142857142857 0.09333333333333334
0 0.5135714285714286 0.060476190476190475 0.03571428571428571 0.1
0 0.4282142857142857 0.11 0.03214285714285714 0.10571428571428572
3 0.3517857142857143 0.22285714285714286 0.029285714285714286 0.08571428571428572
0 0.22285714285714286 0.04 0.08 0.05142857142857143
0 0.21857142857142858 0.09761904761904762 0.07714285714285714 0.05238095238095238
0 0.3003571428571429 0.49476190476190474 0.03357142857142857 0.10380952380952381
0 0.2839285714285714 0.35904761904761906 0.04071428571428572 0.10857142857142857
