0 0.4735714285714286 0.8699238578680203 0.047142857142857146 0.1865482233502538
0 0.5692857142857143 0.6313451776649747 0.04857142857142857 0.15101522842639595
0 0.5857142857142857 0.48350253807106597 0.04 0.11421319796954314
0 0.5857142857142857 0.3686548223350254 0.03571428571428571 0.10025380710659898
0 0.4367857142857143 0.19733502538071065 0.03642857142857143 0.0799492385786802
0 0.4203571428571429 0.2848984771573604 0.04357142857142857 0.0850253807106599
3 0.5017857142857143 0.2182741116751269 0.04214285714285714 0.10406091370558376
1 0.5646428571428571 0.8356598984771574 0.055 0.217005076142132
1 0.3967857142857143 0.3953045685279188 0.07642857142857143 0.16370558375634517
1 0.5982142857142857 0.23921319796954316 0.047857142857142855 0.14086294416243655
1 0.6078571428571429 0.0850253807106599 0.045714285714285714 0.1649746192893401
