0 0.6075 0.2639593908629442 0.02214285714285714 0.030456852791878174
0 0.5053571428571428 0.4232233502538071 0.039285714285714285 0.031725888324873094
0 0.5185714285714286 0.37055837563451777 0.027142857142857142 0.04314720812182741
0 0.46285714285714286 0.5368020304568528 0.022857142857142857 0.0583756345177665
3 0.5464285714285714 0.3236040609137056 0.03 0.04314720812182741
0 0.9642857142857143 0.3001269035532995 0.024285714285714285 0.05456852791878172
0 0.9839285714285714 0.4263959390862944 0.03214285714285714 0.06345177664974619
0 0.9571428571428572 0.3762690355329949 0.025714285714285714 0.05456852791878172
3 0.8221428571428572 0.06408629441624365 0.018571428571428572 0.031725888324873094
3 0.7796428571428572 0.03236040609137056 0.02214285714285714 0.024111675126903553
1 0.43714285714285717 0.6142131979695431 0.05285714285714286 0.1116751269035533
1 0.3889285714285714 0.7734771573604061 0.06357142857142857 0.16624365482233502
3 0.9803571428571428 0.491751269035533 0.039285714285714285 0.046954314720812185
0 0.9767857142857143 0.47017766497461927 0.04357142857142857 0.04187817258883249
