0 0.3 0.983 0.045 0.03133333333333333
0 0.2575 0.9466666666666667 0.027 0.036
3 0.2 0.8733333333333333 0.035 0.03866666666666667
3 0.1705 0.8353333333333334 0.028 0.036
0 0.14275 0.8056666666666666 0.0305 0.034
0 0.11675 0.774 0.0335 0.034666666666666665
0 0.092 0.7426666666666667 0.026 0.028
0 0.0645 0.711 0.027 0.028666666666666667
0 0.04725 0.687 0.0265 0.027333333333333334
0 0.0275 0.6653333333333333 0.024 0.02666666666666667
0 0.17375 0.4046666666666667 0.0215 0.012
0 0.162 0.4023333333333333 0.02 0.012666666666666666
0 0.1535 0.39766666666666667 0.02 0.011333333333333334
0 0.1155 0.38433333333333336 0.021 0.01
