0 0.5707202505219207 0.27133580705009275 0.037056367432150315 0.11224489795918367
0 0.4804279749478079 0.49489795918367346 0.024530271398747392 0.10296846011131726
0 0.5237473903966597 0.4902597402597403 0.027661795407098122 0.11224489795918367
0 0.5581941544885177 0.46382189239332094 0.03288100208768267 0.1150278293135436
1 0.5989039665970772 0.4109461966604824 0.030793319415448852 0.14285714285714285
3 0.6085594989561587 0.5454545454545454 0.026096033402922755 0.10018552875695733
0 0.43997912317327764 0.576530612244898 0.06576200417536535 0.05287569573283859
0 0.545929018789144 0.6484230055658627 0.030271398747390398 0.12430426716141002
3 0.4423277661795407 0.7101113172541744 0.06315240083507306 0.05287569573283859
3 0.430062630480167 0.8589981447124304 0.07306889352818371 0.059369202226345084
0 0.4344989561586639 0.9540816326530612 0.07254697286012526 0.05473098330241188
0 0.5451461377870563 0.8965677179962894 0.030793319415448852 0.1437847866419295
3 0.6265657620041754 0.922077922077922 0.03288100208768267 0.11873840445269017
