0 0.1467857142857143 0.7947619047619048 0.065 0.04285714285714286
0 0.1717857142857143 0.7495238095238095 0.06642857142857143 0.04380952380952381
0 0.1925 0.7152380952380952 0.06357142857142857 0.045714285714285714
0 0.7310714285714286 0.8185714285714286 0.04071428571428572 0.08666666666666667
0 0.6842857142857143 0.47714285714285715 0.017142857142857144 0.02857142857142857
0 0.7017857142857142 0.5314285714285715 0.023571428571428573 0.03619047619047619
0 0.6721428571428572 0.42238095238095236 0.015714285714285715 0.025714285714285714
1 0.35892857142857143 0.5752380952380952 0.03214285714285714 0.05142857142857143
1 0.3967857142857143 0.5085714285714286 0.03642857142857143 0.06285714285714286
0 0.3792857142857143 0.63 0.02857142857142857 0.04285714285714286
0 0.3985714285714286 0.5876190476190476 0.02 0.03428571428571429
0 0.43785714285714283 0.5090476190476191 0.02 0.03142857142857143
1 0.6185714285714285 0.24571428571428572 0.01 0.01904761904761905
1 0.6657142857142857 0.24666666666666667 0.012857142857142857 0.022857142857142857
1 0.6392857142857142 0.18523809523809523 0.005714285714285714 0.010476190476190476
1 0.6303571428571428 0.1823809523809524 0.013571428571428571 0.010476190476190476
1 0.6360714285714286 0.19428571428571428 0.005 0.011428571428571429
1 0.7360714285714286 0.24619047619047618 0.012142857142857143 0.021904761904761906
1 0.7467857142857143 0.2704761904761905 0.010714285714285714 0.015238095238095238
1 0.7607142857142857 0.2914285714285714 0.008571428571428572 0.013333333333333334
1 0.725 0.21476190476190476 0.01 0.021904761904761906
0 0.7292857142857143 0.2276190476190476 0.004285714285714286 0.005714285714285714
0 0.65 0.18523809523809523 0.004285714285714286 0.004761904761904762
0 0.6467857142857143 0.18333333333333332 0.0035714285714285713 0.004761904761904762
1 0.7196428571428571 0.6123809523809524 0.03642857142857143 0.0838095238095238
