0 0.013214285714285715 0.17809523809523808 0.02642857142857143 0.04380952380952381
0 0.05892857142857143 0.1442857142857143 0.045 0.039047619047619046
0 0.055714285714285716 0.17 0.06142857142857143 0.039047619047619046
0 0.08892857142857143 0.11095238095238096 0.056428571428571425 0.035238095238095235
3 0.14714285714285713 0.06761904761904762 0.03428571428571429 0.03619047619047619
0 0.07428571428571429 0.21 0.06857142857142857 0.040952380952380955
0 0.12 0.1657142857142857 0.06428571428571428 0.03428571428571429
0 0.13607142857142857 0.15714285714285714 0.062142857142857146 0.030476190476190476
0 0.14821428571428572 0.13952380952380952 0.05928571428571429 0.025714285714285714
0 0.16428571428571428 0.12761904761904763 0.05714285714285714 0.024761904761904763
0 0.16607142857142856 0.11285714285714285 0.05071428571428571 0.02
0 0.28285714285714286 0.2819047619047619 0.06714285714285714 0.049523809523809526
3 0.39035714285714285 0.2723809523809524 0.07642857142857143 0.05714285714285714
3 0.4667857142857143 0.25285714285714284 0.06785714285714285 0.05619047619047619
1 0.44142857142857145 0.4095238095238095 0.13142857142857142 0.12
1 0.5817857142857142 0.017142857142857144 0.02642857142857143 0.03428571428571429
0 0.5846428571428571 0.08952380952380952 0.02642857142857143 0.03238095238095238
1 0.7075 0.11095238095238096 0.04357142857142857 0.05047619047619047
0 0.6567857142857143 0.21476190476190476 0.039285714285714285 0.05238095238095238
0 0.6896428571428571 0.4119047619047619 0.105 0.09619047619047619
0 0.8435714285714285 0.6228571428571429 0.10428571428571429 0.16380952380952382
0 0.9078571428571428 0.5442857142857143 0.10285714285714286 0.13238095238095238
3 0.7996428571428571 0.05619047619047619 0.03642857142857143 0.030476190476190476
