0 0.499 0.037 0.006 0.01
0 0.6035 0.065 0.008 0.01
0 0.58125 0.08566666666666667 0.0155 0.012666666666666666
0 0.47875 0.11566666666666667 0.0075 0.014
0 0.47825 0.12866666666666668 0.0085 0.014666666666666666
0 0.47725 0.141 0.0105 0.016666666666666666
0 0.62775 0.15566666666666668 0.0105 0.014
0 0.47425 0.18533333333333332 0.0105 0.018666666666666668
0 0.47125 0.19766666666666666 0.0095 0.018
0 0.4715 0.21233333333333335 0.011 0.019333333333333334
0 0.46625 0.27166666666666667 0.0115 0.018
1 0.4645 0.359 0.026 0.038
0 0.4565 0.391 0.018 0.038
0 0.45475 0.43066666666666664 0.0175 0.037333333333333336
0 0.455 0.507 0.041 0.042
3 0.44475 0.5516666666666666 0.0205 0.054
0 0.4415 0.6423333333333333 0.041 0.05533333333333333
0 0.4375 0.6953333333333334 0.04 0.06533333333333333
0 0.434 0.752 0.049 0.06533333333333333
0 0.426 0.8433333333333334 0.053 0.08533333333333333
0 0.41975 0.9493333333333334 0.0635 0.08666666666666667
0 0.83075 0.7393333333333333 0.0435 0.07733333333333334
0 0.92025 0.9786666666666667 0.0465 0.04133333333333333
0 0.578 0.788 0.028 0.07333333333333333
3 0.55075 0.5896666666666667 0.0375 0.04066666666666666
0 0.552 0.555 0.034 0.038
0 0.74375 0.497 0.0285 0.043333333333333335
0 0.54675 0.491 0.0285 0.04466666666666667
3 0.64625 0.439 0.0335 0.027333333333333334
0 0.543 0.4513333333333333 0.033 0.037333333333333336
0 0.54475 0.42733333333333334 0.0295 0.037333333333333336
3 0.5455 0.39766666666666667 0.015 0.03
1 0.543 0.3293333333333333 0.017 0.04133333333333333
0 0.53575 0.2743333333333333 0.0115 0.022
0 0.534 0.254 0.011 0.02
0 0.573 0.238 0.025 0.016
1 0.62125 0.24766666666666667 0.0195 0.04066666666666666
0 0.63025 0.236 0.0225 0.021333333333333333
0 0.621 0.22 0.027 0.016
3 0.67225 0.29633333333333334 0.0165 0.027333333333333334
0 0.68075 0.247 0.0155 0.023333333333333334
