1 0.65 0.8114285714285714 0.05 0.09904761904761905
0 0.54 0.98 0.06 0.04
0 0.5128571428571429 0.9580952380952381 0.041428571428571426 0.05904761904761905
0 0.4767857142857143 0.8071428571428572 0.065 0.09047619047619047
0 0.6817857142857143 0.6747619047619048 0.07785714285714286 0.06952380952380953
0 0.6571428571428571 0.6114285714285714 0.08 0.05333333333333334
3 0.41928571428571426 0.6328571428571429 0.06571428571428571 0.06761904761904762
0 0.6385714285714286 0.5552380952380952 0.07142857142857142 0.045714285714285714
0 0.3992857142857143 0.5585714285714286 0.07428571428571429 0.08095238095238096
0 0.37892857142857145 0.5066666666666667 0.07357142857142857 0.0761904761904762
0 0.3578571428571429 0.4585714285714286 0.07 0.07142857142857142
0 0.5028571428571429 0.02095238095238095 0.04857142857142857 0.0419047619047619
0 0.5228571428571429 0.11571428571428571 0.07142857142857142 0.05238095238095238
0 0.5542857142857143 0.26857142857142857 0.06857142857142857 0.05142857142857143
