0 0.165 0.9838095238095238 0.09285714285714286 0.03238095238095238
0 0.2625 0.8328571428571429 0.06642857142857143 0.10952380952380952
0 0.4742857142857143 0.6133333333333333 0.08428571428571428 0.07047619047619047
0 0.7328571428571429 0.6804761904761905 0.037142857142857144 0.09047619047619047
0 0.6460714285714285 0.5323809523809524 0.030714285714285715 0.08571428571428572
0 0.6507142857142857 0.370952380952381 0.03 0.06952380952380953
0 0.6996428571428571 0.26095238095238094 0.027857142857142858 0.05714285714285714
0 0.54 0.3314285714285714 0.03 0.06476190476190476
0 0.545 0.25476190476190474 0.02857142857142857 0.06952380952380953
0 0.6064285714285714 0.1661904761904762 0.024285714285714285 0.06
0 0.6396428571428572 0.17285714285714285 0.023571428571428573 0.05619047619047619
0 0.6935714285714286 0.18857142857142858 0.027142857142857142 0.05523809523809524
0 0.6910714285714286 0.1319047619047619 0.030714285714285715 0.058095238095238096
1 0.6071428571428571 0.035238095238095235 0.02 0.05523809523809524
0 0.55 0.11571428571428571 0.024285714285714285 0.05047619047619047
