0 0.42425 0.8796666666666667 0.0455 0.142
0 0.58475 0.937 0.0525 0.126
0 0.63825 0.6946666666666667 0.0385 0.08666666666666667
0 0.45825 0.5766666666666667 0.0545 0.06
0 0.42475 0.5123333333333333 0.0575 0.043333333333333335
0 0.458 0.42966666666666664 0.025 0.046
0 0.6255 0.513 0.048 0.042
0 0.58725 0.4503333333333333 0.0495 0.05266666666666667
0 0.46 0.372 0.022 0.044
0 0.459 0.2976666666666667 0.019 0.03266666666666666
0 0.46475 0.25033333333333335 0.0215 0.023333333333333334
0 0.4655 0.22466666666666665 0.015 0.02266666666666667
0 0.4655 0.19766666666666666 0.013 0.019333333333333334
0 0.4685 0.17633333333333334 0.013 0.020666666666666667
0 0.50275 0.12566666666666668 0.0115 0.016666666666666666
0 0.4985 0.08866666666666667 0.01 0.013333333333333334
0 0.544 0.14866666666666667 0.012 0.016
0 0.571 0.21866666666666668 0.027 0.02266666666666667
0 0.60075 0.2826666666666667 0.0395 0.025333333333333333
0 0.55075 0.12233333333333334 0.0135 0.016666666666666666
0 0.47475 0.059 0.0085 0.011333333333333334
0 0.476 0.042333333333333334 0.008 0.01
0 0.4825 0.016 0.012 0.009333333333333334
0 0.1095 0.45866666666666667 0.046 0.05733333333333333
0 0.039 0.45466666666666666 0.052 0.050666666666666665
1 0.54875 0.5663333333333334 0.0335 0.074
1 0.658 0.46266666666666667 0.053 0.037333333333333336
1 0.6355 0.391 0.05 0.035333333333333335
1 0.4135 0.144 0.021 0.014666666666666666
1 0.47175 0.123 0.0095 0.016666666666666666
1 0.5205 0.036333333333333336 0.015 0.012666666666666666
1 0.37675 0.666 0.0335 0.07066666666666667
0 0.1155 0.5606666666666666 0.071 0.036
0 0.0155 0.4603333333333333 0.031 0.058
0 0.68975 0.6036666666666667 0.0785 0.04733333333333333
0 0.6915 0.5636666666666666 0.067 0.03666666666666667
0 0.69625 0.527 0.0635 0.038
0 0.63125 0.36933333333333335 0.0515 0.032
0 0.62325 0.35333333333333333 0.0485 0.028
0 0.55025 0.16766666666666666 0.0165 0.016666666666666666
0 0.544 0.10233333333333333 0.02 0.012666666666666666
0 0.54025 0.096 0.0205 0.012
0 0.5325 0.093 0.022 0.012666666666666666
0 0.543 0.086 0.021 0.013333333333333334
0 0.53875 0.08166666666666667 0.0215 0.011333333333333334
0 0.53975 0.07666666666666666 0.0215 0.012
0 0.5365 0.07233333333333333 0.021 0.012666666666666666
0 0.53475 0.068 0.0205 0.009333333333333334
0 0.535 0.06 0.02 0.010666666666666666
0 0.53025 0.052 0.0155 0.010666666666666666
0 0.532 0.04766666666666667 0.018 0.01
0 0.52625 0.03266666666666666 0.0195 0.010666666666666666
0 0.5225 0.030333333333333334 0.02 0.008666666666666666
0 0.52025 0.025 0.0135 0.008666666666666666
0 0.516 0.022 0.007 0.009333333333333334
0 0.524 0.017 0.015 0.008666666666666666
0 0.52425 0.014 0.0165 0.008
0 0.5205 0.011 0.012 0.007333333333333333
0 0.5235 0.008 0.006 0.006666666666666667
0 0.52225 0.0036666666666666666 0.0055 0.007333333333333333
0 0.48325 0.009 0.0055 0.007333333333333333
0 0.476 0.012333333333333333 0.005 0.01
0 0.478 0.034666666666666665 0.008 0.010666666666666666
1 0.4725 0.07433333333333333 0.011 0.020666666666666667
0 0.4735 0.08866666666666667 0.011 0.013333333333333334
0 0.47175 0.098 0.0105 0.014666666666666666
0 0.47325 0.11066666666666666 0.0115 0.014666666666666666
1 0.4705 0.14366666666666666 0.011 0.018
0 0.42125 0.047 0.0085 0.012666666666666666
3 0.4375 0.05466666666666667 0.019 0.014666666666666666
0 0.43175 0.067 0.0175 0.01
0 0.42575 0.078 0.0185 0.009333333333333334
0 0.4245 0.084 0.019 0.010666666666666666
0 0.40875 0.04833333333333333 0.0115 0.011333333333333334
0 0.407 0.06 0.008 0.010666666666666666
0 0.42275 0.092 0.0215 0.013333333333333334
0 0.412 0.15633333333333332 0.027 0.015333333333333332
0 0.40075 0.17766666666666667 0.0325 0.018
1 0.414 0.35733333333333334 0.029 0.072
