0 0.5135714285714286 0.6230964467005076 0.027142857142857142 0.02030456852791878
0 0.6796428571428571 0.5190355329949239 0.027857142857142858 0.02030456852791878
0 0.91 0.6313451776649747 0.014285714285714285 0.03934010152284264
0 0.8496428571428571 0.5260152284263959 0.027857142857142858 0.021573604060913704
0 0.7707142857142857 0.5241116751269036 0.02857142857142857 0.02284263959390863
0 0.8157142857142857 0.49619289340101524 0.027142857142857142 0.02284263959390863
0 0.8753571428571428 0.4549492385786802 0.023571428571428573 0.04187817258883249
0 0.017857142857142856 0.03934010152284264 0.02857142857142857 0.02030456852791878
0 0.07535714285714286 0.04187817258883249 0.02642857142857143 0.02030456852791878
0 0.10857142857142857 0.0450507614213198 0.02857142857142857 0.021573604060913704
