3 0.20325 0.8916666666666667 0.0855 0.17933333333333334
0 0.24825 0.7273333333333334 0.0585 0.108
0 0.302 0.5396666666666666 0.039 0.07266666666666667
0 0.31875 0.43533333333333335 0.0305 0.05466666666666667
0 0.37875 0.15266666666666667 0.0165 0.02266666666666667
0 0.38175 0.13233333333333333 0.0145 0.023333333333333334
0 0.41075 0.13533333333333333 0.0165 0.02666666666666667
3 0.3945 0.07066666666666667 0.011 0.016
3 0.4 0.043666666666666666 0.012 0.016666666666666666
3 0.37525 0.061 0.0225 0.020666666666666667
0 0.3325 0.12633333333333333 0.03 0.018
0 0.33825 0.10066666666666667 0.0125 0.018666666666666668
3 0.329 0.09 0.024 0.016
0 0.34275 0.083 0.0275 0.016666666666666666
0 0.33125 0.07233333333333333 0.0145 0.015333333333333332
3 0.34875 0.07766666666666666 0.0185 0.024666666666666667
0 0.9075 0.6773333333333333 0.078 0.09733333333333333
3 0.84175 0.548 0.0685 0.08933333333333333
3 0.762 0.403 0.053 0.06333333333333334
0 0.638 0.20666666666666667 0.024 0.024
3 0.62475 0.18033333333333335 0.0205 0.028666666666666667
3 0.60225 0.13833333333333334 0.0165 0.019333333333333334
0 0.58775 0.112 0.0145 0.017333333333333333
3 0.57 0.076 0.014 0.016
0 0.566 0.06666666666666667 0.01 0.012
0 0.531 0.005 0.008 0.01
