3 0.20464285714285715 0.029523809523809525 0.075 0.05333333333333334
0 0.2125 0.08476190476190476 0.08357142857142857 0.05523809523809524
0 0.155 0.5595238095238095 0.03142857142857143 0.01619047619047619
0 0.1475 0.59 0.030714285714285715 0.014285714285714285
0 0.285 0.9180952380952381 0.041428571428571426 0.11047619047619048
0 0.445 0.960952380952381 0.032857142857142856 0.0761904761904762
3 0.29928571428571427 0.7828571428571428 0.04 0.11428571428571428
3 0.31107142857142855 0.6452380952380953 0.039285714285714285 0.11904761904761904
0 0.3107142857142857 0.5219047619047619 0.04 0.10476190476190476
3 0.45785714285714285 0.46904761904761905 0.03142857142857143 0.10380952380952381
0 0.3132142857142857 0.3647619047619048 0.039285714285714285 0.09714285714285714
