2 0.0425 0.616 0.085 0.10666666666666667
0 0.139 0.5653333333333334 0.032 0.02666666666666667
0 0.14925 0.539 0.0285 0.024666666666666667
3 0.1595 0.5123333333333333 0.025 0.027333333333333334
1 0.21425 0.49866666666666665 0.0365 0.04133333333333333
1 0.212 0.4646666666666667 0.05 0.052
1 0.29 0.3973333333333333 0.018 0.025333333333333333
0 0.39575 0.9806666666666667 0.1245 0.03866666666666667
0 0.40125 0.9436666666666667 0.1165 0.07133333333333333
0 0.40725 0.7843333333333333 0.0885 0.054
3 0.4125 0.718 0.068 0.05733333333333333
0 0.41225 0.6906666666666667 0.0785 0.03866666666666667
0 0.39125 0.6343333333333333 0.0665 0.03933333333333333
0 0.41475 0.56 0.0455 0.02666666666666667
0 0.4585 0.504 0.017 0.018666666666666668
3 0.40425 0.5453333333333333 0.0355 0.025333333333333333
3 0.41475 0.5293333333333333 0.0385 0.02666666666666667
0 0.4085 0.5243333333333333 0.038 0.018
0 0.4075 0.516 0.036 0.014666666666666666
0 0.407 0.5103333333333333 0.037 0.019333333333333334
0 0.4125 0.5023333333333333 0.037 0.015333333333333332
0 0.41675 0.4826666666666667 0.0325 0.017333333333333333
0 0.4115 0.476 0.032 0.014666666666666666
0 0.4125 0.4603333333333333 0.03 0.014
0 0.4145 0.45566666666666666 0.03 0.011333333333333334
3 0.41375 0.4493333333333333 0.0315 0.014666666666666666
3 0.41325 0.432 0.0295 0.016
0 0.4125 0.42433333333333334 0.023 0.01
0 0.41525 0.421 0.0245 0.007333333333333333
0 0.41325 0.4146666666666667 0.0215 0.009333333333333334
0 0.4505 0.39866666666666667 0.017 0.009333333333333334
0 0.437 0.356 0.01 0.005333333333333333
0 0.433 0.34933333333333333 0.005 0.005333333333333333
0 0.41625 0.382 0.0155 0.008
0 0.46575 0.4236666666666667 0.0105 0.011333333333333334
0 0.567 0.6133333333333333 0.061 0.03333333333333333
0 0.5565 0.638 0.055 0.036
3 0.61075 0.6786666666666666 0.0505 0.044
3 0.607 0.848 0.048 0.08133333333333333
