0 0.0455 0.77 0.053 0.034666666666666665
0 0.0355 0.8126666666666666 0.071 0.058666666666666666
0 0.065 0.5623333333333334 0.036 0.024666666666666667
3 0.5335 0.957 0.047 0.08066666666666666
3 0.5525 0.793 0.033 0.059333333333333335
0 0.56 0.732 0.029 0.048
0 0.5125 0.7313333333333333 0.03 0.044
0 0.575 0.4746666666666667 0.015 0.018666666666666668
1 0.4845 0.48233333333333334 0.017 0.035333333333333335
1 0.506 0.48133333333333334 0.026 0.06133333333333333
0 0.4955 0.46166666666666667 0.013 0.016666666666666666
0 0.5155 0.46366666666666667 0.012 0.015333333333333332
0 0.52275 0.44966666666666666 0.0125 0.016666666666666666
3 0.52325 0.438 0.0115 0.014666666666666666
0 0.506 0.449 0.013 0.014
3 0.509 0.43666666666666665 0.011 0.016
0 0.515 0.43 0.009 0.013333333333333334
1 0.51425 0.4196666666666667 0.0115 0.016666666666666666
3 0.51625 0.4116666666666667 0.0085 0.014
0 0.522 0.4083333333333333 0.01 0.012666666666666666
0 0.536 0.4083333333333333 0.011 0.012666666666666666
0 0.5375 0.39666666666666667 0.009 0.010666666666666666
0 0.5415 0.38466666666666666 0.007 0.010666666666666666
1 0.523 0.39766666666666667 0.011 0.014
1 0.52875 0.38466666666666666 0.0145 0.021333333333333333
1 0.5325 0.369 0.014 0.020666666666666667
2 0.54525 0.37133333333333335 0.0125 0.025333333333333333
1 0.53525 0.35733333333333334 0.0095 0.013333333333333334
1 0.539 0.3506666666666667 0.009 0.014666666666666666
1 0.53975 0.3433333333333333 0.0095 0.017333333333333333
1 0.5465 0.33066666666666666 0.009 0.017333333333333333
3 0.5675 0.339 0.006 0.008666666666666666
0 0.5945 0.35933333333333334 0.017 0.009333333333333334
0 0.613 0.3606666666666667 0.013 0.008
0 0.55825 0.33166666666666667 0.0055 0.007333333333333333
0 0.613 0.32033333333333336 0.01 0.006
2 0.575 0.306 0.006 0.012
0 0.5675 0.301 0.004 0.004666666666666667
0 0.571 0.296 0.004 0.004
3 0.58875 0.29433333333333334 0.0045 0.006
0 0.5835 0.2936666666666667 0.003 0.004666666666666667
0 0.5825 0.29 0.007 0.004
0 0.575 0.28733333333333333 0.003 0.004
0 0.59025 0.2846666666666667 0.0035 0.004
0 0.58725 0.2826666666666667 0.0025 0.004
1 0.58725 0.27566666666666667 0.0055 0.008666666666666666
1 0.57875 0.282 0.0045 0.005333333333333333
0 0.577 0.279 0.003 0.0033333333333333335
0 0.57675 0.2786666666666667 0.0045 0.005333333333333333
0 0.576 0.274 0.002 0.0026666666666666666
1 0.58075 0.27266666666666667 0.0035 0.005333333333333333
0 0.582 0.26866666666666666 0.003 0.0026666666666666666
0 0.5805 0.262 0.002 0.0026666666666666666
0 0.58375 0.261 0.0015 0.002
1 0.58475 0.259 0.0035 0.004666666666666667
1 0.58725 0.26 0.0025 0.005333333333333333
2 0.84775 0.343 0.0185 0.019333333333333334
2 0.8625 0.344 0.015 0.018666666666666668
2 0.86475 0.335 0.0205 0.012666666666666666
2 0.85525 0.3313333333333333 0.0285 0.012
2 0.8475 0.334 0.037 0.02266666666666667
0 0.08325 0.5173333333333333 0.0435 0.018666666666666668
