3 0.3157142857142857 0.8280952380952381 0.07 0.14761904761904762
0 0.12821428571428573 0.6142857142857143 0.11214285714285714 0.08190476190476191
0 0.23035714285714284 0.3395238095238095 0.06642857142857143 0.12476190476190477
0 0.1725 0.3414285714285714 0.065 0.11333333333333333
0 0.07857142857142857 0.30142857142857143 0.06714285714285714 0.11142857142857143
0 0.41 0.045714285714285714 0.05285714285714286 0.09142857142857143
0 0.37357142857142855 0.9519047619047619 0.06714285714285714 0.09619047619047619
0 0.14642857142857144 0.9442857142857143 0.08428571428571428 0.11142857142857143
0 0.06035714285714286 0.9666666666666667 0.07357142857142857 0.06285714285714286
0 0.02107142857142857 0.8938095238095238 0.04214285714285714 0.15904761904761905
0 0.030357142857142857 0.5414285714285715 0.060714285714285714 0.06761904761904762
