3 0.036071428571428574 0.035238095238095235 0.023571428571428573 0.030476190476190476
1 0.08107142857142857 0.04476190476190476 0.02642857142857143 0.047619047619047616
0 0.06 0.04285714285714286 0.015714285714285715 0.013333333333333334
0 0.054285714285714284 0.006666666666666667 0.012857142857142857 0.011428571428571429
0 0.125 0.1061904761904762 0.02 0.023809523809523808
1 0.1575 0.11 0.020714285714285713 0.037142857142857144
1 0.0875 0.15904761904761905 0.02214285714285714 0.030476190476190476
1 0.10607142857142857 0.23238095238095238 0.039285714285714285 0.07428571428571429
0 0.23642857142857143 0.26285714285714284 0.041428571428571426 0.0419047619047619
0 0.21928571428571428 0.24 0.041428571428571426 0.03619047619047619
0 0.2925 0.33380952380952383 0.045 0.04285714285714286
0 0.135 0.32285714285714284 0.03571428571428571 0.05142857142857143
1 0.16535714285714287 0.37952380952380954 0.06928571428571428 0.09238095238095238
1 0.17642857142857143 0.43 0.05714285714285714 0.13047619047619047
0 0.22321428571428573 0.3976190476190476 0.04214285714285714 0.06571428571428571
1 0.15571428571428572 0.5119047619047619 0.06714285714285714 0.12857142857142856
3 0.4835714285714286 0.48142857142857143 0.06142857142857143 0.09428571428571429
0 0.4257142857142857 0.5652380952380952 0.09714285714285714 0.06952380952380953
0 0.825 0.3457142857142857 0.047142857142857146 0.03619047619047619
0 0.6342857142857142 0.4419047619047619 0.06 0.05142857142857143
1 0.7885714285714286 0.5823809523809523 0.13285714285714287 0.16666666666666666
1 0.9117857142857143 0.6057142857142858 0.165 0.17333333333333334
3 0.7067857142857142 0.5652380952380952 0.08071428571428571 0.09238095238095238
0 0.8157142857142857 0.49476190476190474 0.05857142857142857 0.054285714285714284
0 0.9635714285714285 0.4604761904761905 0.06142857142857143 0.06380952380952382
