0 0.37725 0.968 0.0625 0.05333333333333334
0 0.408 0.9106666666666666 0.059 0.05466666666666667
0 0.4515 0.8483333333333334 0.063 0.046
3 0.47125 0.7983333333333333 0.0505 0.03666666666666667
0 0.498 0.7483333333333333 0.062 0.046
0 0.52975 0.685 0.0615 0.042
0 0.60275 0.6583333333333333 0.0525 0.078
0 0.57425 0.603 0.0635 0.056666666666666664
0 0.61975 0.5196666666666667 0.0605 0.04733333333333333
0 0.65325 0.4553333333333333 0.0595 0.06133333333333333
0 0.6885 0.3923333333333333 0.061 0.05
3 0.75775 0.26 0.0545 0.08
0 0.807 0.18633333333333332 0.071 0.04733333333333333
0 0.886 0.029666666666666668 0.053 0.058
0 0.979 0.185 0.038 0.09133333333333334
0 0.93575 0.27 0.0475 0.08933333333333333
0 0.87675 0.38366666666666666 0.0615 0.04466666666666667
3 0.8425 0.434 0.056 0.036
0 0.9775 0.8613333333333333 0.045 0.07866666666666666
0 0.677 0.7656666666666667 0.053 0.07666666666666666
0 0.72875 0.677 0.0495 0.07666666666666666
0 0.57925 0.928 0.0655 0.068
3 0.94075 0.5083333333333333 0.0535 0.06466666666666666
