0 0.23642857142857143 0.6738095238095239 0.12428571428571429 0.14761904761904762
0 0.22464285714285714 0.5347619047619048 0.08928571428571429 0.1
0 0.03464285714285714 0.6485714285714286 0.06642857142857143 0.10857142857142857
0 0.4589285714285714 0.40476190476190477 0.056428571428571425 0.05523809523809524
0 0.3892857142857143 0.4114285714285714 0.06 0.06095238095238095
0 0.22678571428571428 0.44904761904761903 0.075 0.06571428571428571
0 0.6485714285714286 0.6076190476190476 0.13142857142857142 0.08190476190476191
0 0.9235714285714286 0.8690476190476191 0.15285714285714286 0.11904761904761904
0 0.8839285714285714 0.6633333333333333 0.16357142857142856 0.08666666666666667
3 0.32607142857142857 0.30333333333333334 0.05071428571428571 0.05047619047619047
3 0.36357142857142855 0.2823809523809524 0.03142857142857143 0.039047619047619046
0 0.3925 0.27 0.02642857142857143 0.02761904761904762
0 0.4367857142857143 0.23142857142857143 0.025 0.02666666666666667
0 0.4542857142857143 0.21666666666666667 0.02142857142857143 0.025714285714285714
3 0.4689285714285714 0.20333333333333334 0.013571428571428571 0.023809523809523808
3 0.4714285714285714 0.31523809523809526 0.037142857142857144 0.045714285714285714
2 0.4992857142857143 0.20095238095238097 0.05 0.05523809523809524
0 0.5253571428571429 0.3038095238095238 0.02642857142857143 0.04
0 0.55 0.22523809523809524 0.02 0.018095238095238095
0 0.5728571428571428 0.1661904761904762 0.017142857142857144 0.023809523809523808
0 0.53 0.17761904761904762 0.014285714285714285 0.018095238095238095
0 0.5439285714285714 0.16666666666666666 0.013571428571428571 0.01904761904761905
0 0.5446428571428571 0.15095238095238095 0.013571428571428571 0.014285714285714285
