1 0.117 0.6573333333333333 0.072 0.17733333333333334
1 0.249 0.7893333333333333 0.069 0.20133333333333334
1 0.2385 0.521 0.05 0.146
0 0.52625 0.87 0.0805 0.208
0 0.61875 0.7363333333333333 0.0905 0.15933333333333333
0 0.5425 0.5943333333333334 0.063 0.12733333333333333
0 0.88975 0.44333333333333336 0.0895 0.072
3 0.9585 0.5063333333333333 0.083 0.09
0 0.5455 0.42 0.059 0.096
0 0.4735 0.26 0.058 0.058666666666666666
0 0.45 0.21633333333333332 0.059 0.054
0 0.415 0.2 0.057 0.048
0 0.4425 0.15366666666666667 0.064 0.043333333333333335
0 0.42375 0.12966666666666668 0.0665 0.03933333333333333
0 0.418 0.105 0.059 0.03933333333333333
0 0.402 0.08433333333333333 0.059 0.03933333333333333
0 0.39075 0.063 0.0545 0.034
0 0.38075 0.022 0.0535 0.030666666666666665
0 0.236 0.395 0.047 0.10466666666666667
0 0.22225 0.279 0.0415 0.07933333333333334
0 0.223 0.211 0.04 0.06066666666666667
1 0.2105 0.14433333333333334 0.044 0.08066666666666666
0 0.217 0.104 0.029 0.044
0 0.21525 0.042333333333333334 0.0255 0.04066666666666666
0 0.28575 0.07266666666666667 0.0305 0.04533333333333334
3 0.02875 0.4036666666666667 0.0575 0.056666666666666664
0 0.033 0.36966666666666664 0.066 0.05
3 0.035 0.308 0.07 0.064
0 0.0645 0.22733333333333333 0.072 0.04933333333333333
0 0.071 0.19233333333333333 0.068 0.048666666666666664
0 0.07975 0.15233333333333332 0.0665 0.051333333333333335
0 0.08375 0.13766666666666666 0.0715 0.043333333333333335
0 0.0855 0.114 0.059 0.03866666666666667
0 0.01425 0.08466666666666667 0.0285 0.036
0 0.02625 0.026 0.0345 0.036
