0 0.5010714285714286 0.8614285714285714 0.04214285714285714 0.058095238095238096
0 0.5085714285714286 0.9223809523809524 0.04285714285714286 0.054285714285714284
0 0.5010714285714286 0.9714285714285714 0.04928571428571429 0.05523809523809524
0 0.3775 0.4714285714285714 0.015 0.02666666666666667
0 0.6478571428571429 0.6442857142857142 0.03571428571428571 0.02
0 0.6003571428571428 0.6404761904761904 0.039285714285714285 0.02
0 0.6007142857142858 0.6576190476190477 0.03142857142857143 0.018095238095238095
0 0.5325 0.15476190476190477 0.0035714285714285713 0.004761904761904762
0 0.5010714285714286 0.17952380952380953 0.0035714285714285713 0.004761904761904762
1 0.4725 0.2361904761904762 0.0064285714285714285 0.015238095238095238
1 0.49392857142857144 0.19142857142857142 0.0064285714285714285 0.011428571428571429
0 0.8017857142857143 0.3842857142857143 0.019285714285714285 0.012380952380952381
0 0.7682142857142857 0.3914285714285714 0.016428571428571428 0.015238095238095238
0 0.7817857142857143 0.38904761904761903 0.012142857142857143 0.012380952380952381
