0 0.36214285714285716 0.08047619047619048 0.027142857142857142 0.054285714285714284
0 0.5525 0.16238095238095238 0.03357142857142857 0.054285714285714284
0 0.5653571428571429 0.23238095238095238 0.03642857142857143 0.05904761904761905
1 0.4525 0.30142857142857143 0.039285714285714285 0.09238095238095238
0 0.6546428571428572 0.5647619047619048 0.05357142857142857 0.10285714285714286
0 0.6960714285714286 0.7114285714285714 0.05357142857142857 0.09333333333333334
0 0.07428571428571429 0.3233333333333333 0.07571428571428572 0.054285714285714284
0 0.135 0.3061904761904762 0.037142857142857144 0.08857142857142856
0 0.12964285714285714 0.2138095238095238 0.03785714285714286 0.06190476190476191
0 0.1375 0.1580952380952381 0.03214285714285714 0.06857142857142857
0 0.1467857142857143 0.09380952380952381 0.027857142857142858 0.054285714285714284
