0 0.16375 0.8483333333333334 0.0525 0.098
0 0.60525 0.8223333333333334 0.0275 0.082
2 0.633 0.5626666666666666 0.033 0.152
3 0.64475 0.37033333333333335 0.0175 0.048666666666666664
3 0.648 0.29233333333333333 0.018 0.038
0 0.58575 0.12666666666666668 0.0155 0.02
0 0.649 0.04666666666666667 0.01 0.014666666666666666
0 0.64875 0.077 0.0095 0.018
0 0.603 0.017333333333333333 0.012 0.014666666666666666
0 0.652 0.007 0.01 0.014
0 0.51575 0.014666666666666666 0.0155 0.018666666666666668
0 0.47 0.017666666666666667 0.01 0.015333333333333332
0 0.45525 0.015333333333333332 0.0125 0.017333333333333333
0 0.494 0.052 0.011 0.018666666666666668
0 0.48625 0.07533333333333334 0.0115 0.018666666666666668
0 0.45675 0.14933333333333335 0.0165 0.030666666666666665
0 0.41175 0.2723333333333333 0.0175 0.03133333333333333
0 0.39525 0.321 0.0215 0.035333333333333335
0 0.3645 0.389 0.023 0.03933333333333333
0 0.31825 0.4856666666666667 0.0295 0.05533333333333333
3 0.3435 0.43533333333333335 0.03 0.056
0 0.2705 0.5906666666666667 0.032 0.05733333333333333
