0 0.4024008350730689 0.9758812615955473 0.028183716075156576 0.04638218923933209
0 0.0180062630480167 0.32884972170686455 0.02348643006263048 0.023191094619666047
0 0.49947807933194155 0.5231910946196661 0.03653444676409186 0.027829313543599257
0 0.5026096033402923 0.7082560296846011 0.04488517745302714 0.036178107606679034
0 0.5026096033402923 0.6781076066790352 0.04697286012526096 0.03339517625231911
0 0.49373695198329853 0.7634508348794063 0.05845511482254697 0.04452690166975881
0 0.4290187891440501 0.49489795918367346 0.021920668058455117 0.045454545454545456
0 0.5031315240083507 0.4749536178107607 0.03549060542797495 0.027829313543599257
0 0.5020876826722338 0.45686456400742115 0.03444676409185804 0.02504638218923933
0 0.5041753653444676 0.4137291280148423 0.030271398747390398 0.03153988868274583
0 0.5232254697286013 0.3608534322820037 0.030793319415448852 0.02411873840445269
0 0.43919624217118997 0.3205009276437848 0.024530271398747392 0.017625231910946195
0 0.44467640918580376 0.26159554730983303 0.020876826722338204 0.016697588126159554
0 0.44937369519832987 0.24211502782931354 0.022964509394572025 0.014842300556586271
0 0.4535490605427975 0.22263450834879406 0.024008350730688934 0.014842300556586271
0 0.7792275574112735 0.4090909090909091 0.031315240083507306 0.029684601113172542
0 0.38987473903966596 0.8896103896103896 0.05323590814196242 0.04081632653061224
0 0.5662839248434238 0.11224489795918367 0.016701461377870562 0.012987012987012988
0 0.7233820459290188 0.03849721706864564 0.008350730688935281 0.012059369202226345
2 0.7231210855949896 0.02040816326530612 0.015135699373695199 0.02411873840445269
2 0.7132045929018789 0.012987012987012988 0.016179540709812108 0.02411873840445269
3 0.7118997912317327 0.11688311688311688 0.015657620041753653 0.016697588126159554
3 0.7032881002087683 0.10482374768089053 0.01722338204592902 0.012987012987012988
3 0.7001565762004175 0.09925788497217068 0.015135699373695199 0.012987012987012988
3 0.6978079331941545 0.08951762523191095 0.014613778705636743 0.012059369202226345
0 0.7048538622129437 0.11038961038961038 0.016179540709812108 0.011131725417439703
0 0.6928496868475992 0.08719851576994433 0.015135699373695199 0.011131725417439703
