0 0.528 0.01 0.013 0.02
0 0.5445 0.015 0.012 0.019333333333333334
0 0.58 0.030666666666666665 0.013 0.021333333333333333
0 0.55825 0.043666666666666666 0.0135 0.022
0 0.57025 0.07466666666666667 0.0135 0.02266666666666667
0 0.52425 0.07566666666666666 0.0135 0.023333333333333334
0 0.54625 0.09933333333333333 0.0135 0.024
0 0.5705 0.14566666666666667 0.015 0.026
2 0.59725 0.10266666666666667 0.0235 0.13333333333333333
0 0.521 0.19833333333333333 0.016 0.03266666666666666
0 0.56725 0.208 0.0155 0.029333333333333333
0 0.54425 0.24733333333333332 0.0175 0.03333333333333333
0 0.57075 0.2896666666666667 0.0185 0.03666666666666667
0 0.61975 0.213 0.0155 0.03
0 0.61625 0.24766666666666667 0.0405 0.027333333333333334
0 0.62175 0.342 0.0195 0.04
0 0.5975 0.4026666666666667 0.021 0.03866666666666667
0 0.56825 0.4533333333333333 0.0215 0.04666666666666667
0 0.57575 0.5593333333333333 0.0225 0.05733333333333333
0 0.5175 0.788 0.027 0.07866666666666666
0 0.58025 0.8673333333333333 0.0285 0.08533333333333333
0 0.58 0.7276666666666667 0.026 0.07266666666666667
0 0.8055 0.863 0.073 0.06866666666666667
0 0.8055 0.816 0.061 0.058666666666666666
0 0.81225 0.9233333333333333 0.0755 0.084
0 0.90225 0.9773333333333334 0.0375 0.04533333333333334
0 0.76225 0.707 0.0255 0.062
0 0.75025 0.6173333333333333 0.0275 0.050666666666666665
0 0.92525 0.725 0.0615 0.042
0 0.92875 0.7606666666666667 0.0665 0.04
0 0.71875 0.2876666666666667 0.0235 0.04066666666666666
0 0.91425 0.2623333333333333 0.0395 0.022
0 0.8215 0.286 0.021 0.03866666666666667
0 0.84325 0.2906666666666667 0.0245 0.042666666666666665
0 0.798 0.20333333333333334 0.022 0.030666666666666665
0 0.84125 0.18033333333333335 0.0235 0.03
0 0.83125 0.14666666666666667 0.0185 0.02666666666666667
0 0.82025 0.126 0.0195 0.03333333333333333
0 0.78925 0.16533333333333333 0.0145 0.036
0 0.3855 0.7766666666666666 0.03 0.08133333333333333
0 0.857 0.8053333333333333 0.029 0.05466666666666667
