0 0.22464285714285714 0.38952380952380955 0.11785714285714285 0.07428571428571429
0 0.0875 0.20523809523809525 0.10357142857142858 0.06190476190476191
0 0.26857142857142857 0.10047619047619048 0.09285714285714286 0.05619047619047619
0 0.32321428571428573 0.1538095238095238 0.09071428571428572 0.058095238095238096
1 0.4164285714285714 0.19142857142857142 0.14 0.10285714285714286
0 0.02142857142857143 0.1442857142857143 0.04285714285714286 0.05619047619047619
0 0.46464285714285714 0.039523809523809524 0.07785714285714286 0.05619047619047619
0 0.6767857142857143 0.1738095238095238 0.09071428571428572 0.06761904761904762
0 0.7067857142857142 0.05238095238095238 0.08928571428571429 0.05523809523809524
0 0.6621428571428571 0.015238095238095238 0.08285714285714285 0.030476190476190476
0 0.52 0.27666666666666667 0.09285714285714286 0.06380952380952382
0 0.9760714285714286 0.1680952380952381 0.047857142857142855 0.05619047619047619
0 0.3467857142857143 0.011904761904761904 0.08214285714285714 0.023809523809523808
