0 0.5935714285714285 0.8057142857142857 0.02857142857142857 0.06857142857142857
0 0.595 0.38666666666666666 0.014285714285714285 0.02666666666666667
0 0.3989285714285714 0.9271428571428572 0.04214285714285714 0.10380952380952381
0 0.4667857142857143 0.9233333333333333 0.03642857142857143 0.10952380952380952
0 0.47785714285714287 0.8280952380952381 0.03428571428571429 0.08285714285714285
0 0.4875 0.7452380952380953 0.029285714285714286 0.07714285714285714
0 0.4992857142857143 0.6780952380952381 0.02857142857142857 0.06476190476190476
0 0.5082142857142857 0.6209523809523809 0.02214285714285714 0.049523809523809526
0 0.5107142857142857 0.5728571428571428 0.02 0.040952380952380955
0 0.5185714285714286 0.5414285714285715 0.02142857142857143 0.04476190476190476
0 0.5232142857142857 0.4980952380952381 0.019285714285714285 0.0419047619047619
0 0.5371428571428571 0.41714285714285715 0.015714285714285715 0.02857142857142857
0 0.5067857142857143 0.3628571428571429 0.017857142857142856 0.03238095238095238
0 0.54 0.3933333333333333 0.011428571428571429 0.02095238095238095
0 0.5439285714285714 0.3742857142857143 0.012142857142857143 0.024761904761904763
0 0.5435714285714286 0.3547619047619048 0.014285714285714285 0.023809523809523808
0 0.5525 0.3 0.012142857142857143 0.017142857142857144
0 0.5546428571428571 0.2757142857142857 0.012142857142857143 0.02
0 0.5575 0.2571428571428571 0.012142857142857143 0.01904761904761905
0 0.5385714285714286 0.24857142857142858 0.015714285714285715 0.01904761904761905
3 0.5292857142857142 0.3 0.011428571428571429 0.024761904761904763
0 0.5342857142857143 0.4461904761904762 0.017142857142857144 0.029523809523809525
1 0.49 0.33666666666666667 0.007142857142857143 0.02
0 0.5489285714285714 0.31857142857142856 0.013571428571428571 0.018095238095238095
0 0.5742857142857143 0.3047619047619048 0.011428571428571429 0.02666666666666667
0 0.5289285714285714 0.3385714285714286 0.013571428571428571 0.01619047619047619
0 0.5275 0.3261904761904762 0.02214285714285714 0.01619047619047619
0 0.5607142857142857 0.23952380952380953 0.01 0.01619047619047619
0 0.5617857142857143 0.22428571428571428 0.007857142857142858 0.012380952380952381
0 0.5592857142857143 0.21333333333333335 0.007142857142857143 0.013333333333333334
0 0.5614285714285714 0.20285714285714285 0.007142857142857143 0.011428571428571429
0 0.5346428571428572 0.16238095238095238 0.017857142857142856 0.012380952380952381
0 0.5353571428571429 0.18285714285714286 0.012142857142857143 0.011428571428571429
0 0.5357142857142857 0.22047619047619046 0.017142857142857144 0.014285714285714285
0 0.5357142857142857 0.20857142857142857 0.011428571428571429 0.009523809523809525
0 0.5385714285714286 0.2342857142857143 0.014285714285714285 0.011428571428571429
0 0.5075 0.14238095238095239 0.016428571428571428 0.010476190476190476
0 0.565 0.14666666666666667 0.02 0.011428571428571429
0 0.5378571428571428 0.058095238095238096 0.01 0.007619047619047619
0 0.5285714285714286 0.07666666666666666 0.007142857142857143 0.006666666666666667
0 0.5328571428571428 0.05047619047619047 0.004285714285714286 0.005714285714285714
3 0.5225 0.07761904761904762 0.005 0.008571428571428572
3 0.5228571428571429 0.12238095238095238 0.005714285714285714 0.012380952380952381
0 0.5760714285714286 0.0019047619047619048 0.007857142857142858 0.0038095238095238095
0 0.5757142857142857 0.006190476190476191 0.008571428571428572 0.004761904761904762
0 0.5757142857142857 0.010476190476190476 0.01 0.005714285714285714
0 0.5746428571428571 0.016666666666666666 0.009285714285714286 0.006666666666666667
0 0.5742857142857143 0.02 0.008571428571428572 0.005714285714285714
0 0.5714285714285714 0.025238095238095237 0.008571428571428572 0.006666666666666667
0 0.5710714285714286 0.02857142857142857 0.007857142857142858 0.007619047619047619
0 0.5707142857142857 0.03190476190476191 0.008571428571428572 0.006666666666666667
0 0.5682142857142857 0.03619047619047619 0.010714285714285714 0.005714285714285714
0 0.5671428571428572 0.04 0.01 0.005714285714285714
0 0.5660714285714286 0.045714285714285714 0.009285714285714286 0.005714285714285714
0 0.5642857142857143 0.05047619047619047 0.007142857142857143 0.0038095238095238095
0 0.5628571428571428 0.054285714285714284 0.008571428571428572 0.0038095238095238095
0 0.5610714285714286 0.05952380952380952 0.010714285714285714 0.006666666666666667
0 0.5596428571428571 0.0680952380952381 0.012142857142857143 0.006666666666666667
0 0.5564285714285714 0.07380952380952381 0.01 0.006666666666666667
0 0.5557142857142857 0.07857142857142857 0.011428571428571429 0.006666666666666667
0 0.5539285714285714 0.08285714285714285 0.009285714285714286 0.007619047619047619
0 0.5539285714285714 0.08714285714285715 0.012142857142857143 0.008571428571428572
0 0.5525 0.09142857142857143 0.015 0.009523809523809525
0 0.5507142857142857 0.09523809523809523 0.015714285714285715 0.011428571428571429
0 0.5489285714285714 0.09952380952380953 0.013571428571428571 0.008571428571428572
0 0.5510714285714285 0.10142857142857142 0.015 0.006666666666666667
0 0.5496428571428571 0.10809523809523809 0.015 0.008571428571428572
0 0.5475 0.1138095238095238 0.015 0.006666666666666667
0 0.5446428571428571 0.11571428571428571 0.013571428571428571 0.006666666666666667
0 0.5446428571428571 0.1219047619047619 0.015 0.009523809523809525
0 0.5542857142857143 0.056666666666666664 0.008571428571428572 0.006666666666666667
0 0.5310714285714285 0.05952380952380952 0.005 0.004761904761904762
0 0.5307142857142857 0.06571428571428571 0.004285714285714286 0.005714285714285714
0 0.5289285714285714 0.07238095238095238 0.007857142857142858 0.005714285714285714
0 0.5125 0.12333333333333334 0.0064285714285714285 0.010476190476190476
0 0.5021428571428571 0.12285714285714286 0.007142857142857143 0.009523809523809525
0 0.5032142857142857 0.1061904761904762 0.010714285714285714 0.006666666666666667
0 0.5039285714285714 0.09904761904761905 0.007857142857142858 0.005714285714285714
0 0.5085714285714286 0.09142857142857143 0.008571428571428572 0.007619047619047619
0 0.5871428571428572 0.054285714285714284 0.005714285714285714 0.005714285714285714
0 0.5832142857142857 0.06190476190476191 0.007857142857142858 0.007619047619047619
0 0.5821428571428572 0.06952380952380953 0.007142857142857143 0.007619047619047619
0 0.5796428571428571 0.08666666666666667 0.005 0.005714285714285714
0 0.585 0.1061904761904762 0.008571428571428572 0.010476190476190476
0 0.5728571428571428 0.13380952380952382 0.012857142857142857 0.012380952380952381
0 0.595 0.10047619047619048 0.005714285714285714 0.010476190476190476
0 0.5946428571428571 0.11571428571428571 0.007857142857142858 0.008571428571428572
0 0.5942857142857143 0.12571428571428572 0.005714285714285714 0.009523809523809525
0 0.5842857142857143 0.11523809523809524 0.007142857142857143 0.005714285714285714
0 0.6082142857142857 0.0038095238095238095 0.0035714285714285713 0.005714285714285714
0 0.6057142857142858 0.022857142857142857 0.004285714285714286 0.0038095238095238095
0 0.5975 0.03142857142857143 0.0064285714285714285 0.007619047619047619
0 0.5967857142857143 0.039523809523809524 0.0064285714285714285 0.004761904761904762
0 0.6096428571428572 0.029523809523809525 0.0035714285714285713 0.007619047619047619
0 0.6067857142857143 0.039047619047619046 0.005 0.007619047619047619
0 0.6071428571428571 0.04904761904761905 0.005714285714285714 0.006666666666666667
0 0.6057142857142858 0.07476190476190477 0.004285714285714286 0.006666666666666667
0 0.6053571428571428 0.08142857142857143 0.005 0.004761904761904762
0 0.6064285714285714 0.10095238095238095 0.005714285714285714 0.005714285714285714
0 0.6071428571428571 0.05619047619047619 0.004285714285714286 0.007619047619047619
0 0.6057142857142858 0.06285714285714286 0.005714285714285714 0.005714285714285714
0 0.605 0.06857142857142857 0.005714285714285714 0.005714285714285714
0 0.6192857142857143 0.09047619047619047 0.004285714285714286 0.005714285714285714
0 0.6178571428571429 0.08476190476190476 0.004285714285714286 0.005714285714285714
0 0.6178571428571429 0.07809523809523809 0.004285714285714286 0.005714285714285714
0 0.6167857142857143 0.07238095238095238 0.005 0.005714285714285714
0 0.6171428571428571 0.06857142857142857 0.004285714285714286 0.005714285714285714
0 0.6171428571428571 0.06476190476190476 0.004285714285714286 0.005714285714285714
0 0.6171428571428571 0.05904761904761905 0.004285714285714286 0.005714285714285714
0 0.6178571428571429 0.05380952380952381 0.005714285714285714 0.006666666666666667
0 0.6167857142857143 0.04857142857142857 0.0035714285714285713 0.0038095238095238095
0 0.6160714285714286 0.009047619047619047 0.0035714285714285713 0.004761904761904762
0 0.6157142857142858 0.002857142857142857 0.004285714285714286 0.005714285714285714
0 0.6160714285714286 0.015714285714285715 0.0035714285714285713 0.004761904761904762
0 0.6160714285714286 0.02142857142857143 0.0035714285714285713 0.004761904761904762
0 0.6171428571428571 0.027142857142857142 0.004285714285714286 0.004761904761904762
0 0.6171428571428571 0.03238095238095238 0.004285714285714286 0.0038095238095238095
0 0.6171428571428571 0.03761904761904762 0.004285714285714286 0.002857142857142857
0 0.6175 0.04380952380952381 0.005 0.005714285714285714
0 0.6346428571428572 0.012857142857142857 0.007857142857142858 0.004761904761904762
0 0.6346428571428572 0.009523809523809525 0.007857142857142858 0.0038095238095238095
0 0.635 0.006666666666666667 0.008571428571428572 0.005714285714285714
0 0.6353571428571428 0.0033333333333333335 0.007857142857142858 0.004761904761904762
0 0.6557142857142857 0.006666666666666667 0.007142857142857143 0.0038095238095238095
0 0.6567857142857143 0.011904761904761904 0.0064285714285714285 0.004761904761904762
0 0.6425 0.021904761904761906 0.005 0.0038095238095238095
0 0.6492857142857142 0.022857142857142857 0.004285714285714286 0.005714285714285714
0 0.6564285714285715 0.029047619047619048 0.005714285714285714 0.006666666666666667
0 0.6321428571428571 0.1538095238095238 0.02142857142857143 0.012380952380952381
0 0.5964285714285714 0.15047619047619049 0.02 0.011428571428571429
0 0.6221428571428571 0.1619047619047619 0.024285714285714285 0.013333333333333334
0 0.6557142857142857 0.018095238095238095 0.005714285714285714 0.005714285714285714
0 0.6560714285714285 0.024761904761904763 0.005 0.0038095238095238095
0 0.6442857142857142 0.04428571428571428 0.008571428571428572 0.006666666666666667
0 0.6435714285714286 0.041428571428571426 0.008571428571428572 0.006666666666666667
0 0.5960714285714286 0.1961904761904762 0.009285714285714286 0.011428571428571429
0 0.6207142857142857 0.24857142857142858 0.007142857142857143 0.009523809523809525
0 0.6246428571428572 0.2642857142857143 0.009285714285714286 0.012380952380952381
0 0.6575 0.30666666666666664 0.013571428571428571 0.024761904761904763
0 0.6264285714285714 0.32904761904761903 0.011428571428571429 0.01619047619047619
0 0.6278571428571429 0.31333333333333335 0.011428571428571429 0.017142857142857144
0 0.6264285714285714 0.2861904761904762 0.01 0.014285714285714285
0 0.6678571428571428 0.3680952380952381 0.014285714285714285 0.025714285714285714
0 0.6278571428571429 0.3923809523809524 0.014285714285714285 0.024761904761904763
0 0.6278571428571429 0.42095238095238097 0.015714285714285715 0.02666666666666667
0 0.6282142857142857 0.4480952380952381 0.017857142857142856 0.03142857142857143
0 0.63 0.48333333333333334 0.018571428571428572 0.035238095238095235
0 0.6328571428571429 0.5219047619047619 0.02 0.0419047619047619
0 0.6335714285714286 0.5728571428571428 0.022857142857142857 0.037142857142857144
0 0.6378571428571429 0.680952380952381 0.027142857142857142 0.05904761904761905
0 0.6407142857142857 0.7447619047619047 0.02857142857142857 0.06285714285714286
0 0.6478571428571429 0.9552380952380952 0.03 0.08952380952380952
0 0.7264285714285714 0.06857142857142857 0.005714285714285714 0.009523809523809525
0 0.7335714285714285 0.06952380952380953 0.005714285714285714 0.007619047619047619
0 0.6789285714285714 0.16666666666666666 0.019285714285714285 0.011428571428571429
0 0.6739285714285714 0.15666666666666668 0.02214285714285714 0.010476190476190476
0 0.6921428571428572 0.6604761904761904 0.027142857142857142 0.06571428571428571
0 0.7103571428571429 0.8371428571428572 0.029285714285714286 0.05714285714285714
1 0.7382142857142857 0.08952380952380952 0.007857142857142858 0.009523809523809525
0 0.7417857142857143 0.06904761904761905 0.0035714285714285713 0.006666666666666667
0 0.7121428571428572 0.06666666666666667 0.004285714285714286 0.0038095238095238095
0 0.7832142857142858 0.7590476190476191 0.027857142857142858 0.06285714285714286
0 0.885 0.11095238095238096 0.017142857142857144 0.008571428571428572
