0 0.5089285714285714 0.014593908629441625 0.016428571428571428 0.02918781725888325
0 0.5803571428571429 0.06852791878172589 0.017857142857142856 0.06852791878172589
0 0.5614285714285714 0.2766497461928934 0.018571428571428572 0.07360406091370558
0 0.6103571428571428 0.11294416243654823 0.017857142857142856 0.06345177664974619
3 0.6189285714285714 0.2563451776649746 0.016428571428571428 0.07360406091370558
0 0.5960714285714286 0.4803299492385787 0.019285714285714285 0.07233502538071065
1 0.59 0.2639593908629442 0.03 0.1751269035532995
2 0.6271428571428571 0.4302030456852792 0.03142857142857143 0.18781725888324874
3 0.6014285714285714 0.6586294416243654 0.017142857142857144 0.07106598984771574
3 0.5689285714285715 0.6097715736040609 0.016428571428571428 0.07487309644670051
0 0.49178571428571427 0.6091370558375635 0.017857142857142856 0.06598984771573604
2 0.6375 0.708756345177665 0.029285714285714286 0.1916243654822335
1 0.6010714285714286 0.9238578680203046 0.023571428571428573 0.116751269035533
