0 0.3514285714285714 0.13 0.02857142857142857 0.04476190476190476
0 0.32321428571428573 0.19095238095238096 0.027857142857142858 0.05238095238095238
0 0.29464285714285715 0.24523809523809523 0.035 0.05238095238095238
0 0.3678571428571429 0.07761904761904762 0.027142857142857142 0.04285714285714286
0 0.21142857142857144 0.42714285714285716 0.04857142857142857 0.06190476190476191
3 0.1757142857142857 0.4695238095238095 0.04285714285714286 0.06666666666666667
0 0.13178571428571428 0.9761904761904762 0.09071428571428572 0.047619047619047616
0 0.16035714285714286 0.9214285714285714 0.08928571428571429 0.06
0 0.18035714285714285 0.8533333333333334 0.08785714285714286 0.06666666666666667
0 0.2025 0.7885714285714286 0.08785714285714286 0.08
0 0.23392857142857143 0.729047619047619 0.07642857142857143 0.06190476190476191
0 0.2507142857142857 0.6752380952380952 0.07285714285714286 0.05904761904761905
0 0.2621428571428571 0.6323809523809524 0.06428571428571428 0.05714285714285714
0 0.285 0.579047619047619 0.07285714285714286 0.06285714285714286
0 0.29928571428571427 0.5371428571428571 0.07142857142857142 0.05523809523809524
0 0.3175 0.4961904761904762 0.06785714285714285 0.05714285714285714
0 0.34 0.4604761904761905 0.06857142857142857 0.04666666666666667
3 0.3507142857142857 0.4166666666666667 0.05857142857142857 0.04285714285714286
3 0.3675 0.38857142857142857 0.05785714285714286 0.0419047619047619
0 0.3807142857142857 0.35285714285714287 0.06 0.035238095238095235
0 0.38785714285714284 0.3233333333333333 0.054285714285714284 0.039047619047619046
0 0.40464285714285714 0.2923809523809524 0.055 0.0419047619047619
0 0.4160714285714286 0.2638095238095238 0.055 0.0419047619047619
0 0.4207142857142857 0.24333333333333335 0.05142857142857143 0.040952380952380955
0 0.4257142857142857 0.22142857142857142 0.047142857142857146 0.03142857142857143
0 0.43785714285714283 0.19904761904761906 0.05142857142857143 0.03619047619047619
0 0.44142857142857145 0.1738095238095238 0.04428571428571428 0.037142857142857144
0 0.4467857142857143 0.1538095238095238 0.04357142857142857 0.035238095238095235
0 0.4664285714285714 0.11333333333333333 0.041428571428571426 0.03428571428571429
0 0.46964285714285714 0.09476190476190476 0.03642857142857143 0.02761904761904762
3 0.4764285714285714 0.07809523809523809 0.03571428571428571 0.030476190476190476
0 0.5035714285714286 0.03571428571428571 0.03428571428571429 0.023809523809523808
0 0.5110714285714286 0.02142857142857143 0.04071428571428572 0.025714285714285714
0 0.5185714285714286 0.008095238095238095 0.032857142857142856 0.014285714285714285
0 0.5432142857142858 0.16047619047619047 0.02642857142857143 0.04857142857142857
0 0.5285714285714286 0.20761904761904762 0.03 0.05333333333333334
0 0.5332142857142858 0.7861904761904762 0.04357142857142857 0.12095238095238095
0 0.5828571428571429 0.8576190476190476 0.047142857142857146 0.1361904761904762
0 0.5989285714285715 0.7404761904761905 0.035 0.09619047619047619
0 0.6135714285714285 0.6123809523809524 0.037142857142857144 0.09523809523809523
0 0.6232142857142857 0.5185714285714286 0.03642857142857143 0.07523809523809524
0 0.5567857142857143 0.6038095238095238 0.039285714285714285 0.10476190476190476
0 0.5710714285714286 0.4642857142857143 0.03357142857142857 0.07333333333333333
0 0.5846428571428571 0.36714285714285716 0.02642857142857143 0.06761904761904762
0 0.6353571428571428 0.4180952380952381 0.030714285714285715 0.06666666666666667
0 0.6435714285714286 0.3414285714285714 0.03142857142857143 0.06190476190476191
0 0.6342857142857142 0.2695238095238095 0.04428571428571428 0.05904761904761905
0 0.5942857142857143 0.19428571428571428 0.03142857142857143 0.04380952380952381
0 0.5689285714285715 0.1738095238095238 0.025 0.05047619047619047
0 0.5960714285714286 0.08142857142857143 0.023571428571428573 0.04476190476190476
0 0.6314285714285715 0.10714285714285714 0.027142857142857142 0.039047619047619046
0 0.5746428571428571 0.039047619047619046 0.02214285714285714 0.04
3 0.6175 0.015238095238095238 0.019285714285714285 0.030476190476190476
0 0.5828571428571429 0.01 0.018571428571428572 0.02
0 0.665 0.012380952380952381 0.018571428571428572 0.022857142857142857
0 0.6917857142857143 0.014285714285714285 0.020714285714285713 0.024761904761904763
0 0.6857142857142857 0.05619047619047619 0.022857142857142857 0.0380952380952381
0 0.6789285714285714 0.09476190476190476 0.02214285714285714 0.039047619047619046
0 0.6717857142857143 0.14238095238095239 0.025 0.040952380952380955
0 0.6660714285714285 0.18619047619047618 0.019285714285714285 0.040952380952380955
0 0.66 0.23 0.025714285714285714 0.05047619047619047
0 0.7867857142857143 0.017142857142857144 0.03357142857142857 0.022857142857142857
3 0.79 0.07666666666666666 0.018571428571428572 0.040952380952380955
0 0.7882142857142858 0.11761904761904762 0.019285714285714285 0.029523809523809525
