3 0.7103571428571429 0.9282994923857868 0.07071428571428572 0.14086294416243655
0 0.6667857142857143 0.7785532994923858 0.060714285714285714 0.15355329949238578
0 0.6285714285714286 0.6370558375634517 0.055714285714285716 0.13959390862944163
0 0.6125 0.3610406091370558 0.04642857142857143 0.09517766497461928
0 0.6625 0.2906091370558376 0.062142857142857146 0.06091370558375635
1 0.7946428571428571 0.22144670050761422 0.13785714285714284 0.11294416243654823
3 0.9207142857142857 0.1598984771573604 0.05714285714285714 0.0583756345177665
0 0.9717857142857143 0.13705583756345177 0.04928571428571429 0.05583756345177665
3 0.3217857142857143 0.44416243654822335 0.08071428571428571 0.08883248730964467
1 0.16714285714285715 0.5126903553299492 0.14285714285714285 0.12436548223350254
1 0.29 0.28426395939086296 0.11428571428571428 0.13705583756345177
0 0.35964285714285715 0.2049492385786802 0.03214285714285714 0.08248730964467005
3 0.36857142857142855 0.06091370558375635 0.03428571428571429 0.09644670050761421
0 0.27035714285714285 0.024111675126903553 0.03214285714285714 0.048223350253807105
