0 0.29964285714285716 0.056666666666666664 0.06785714285714285 0.040952380952380955
0 0.5535714285714286 0.04476190476190476 0.025714285714285714 0.08952380952380952
0 0.41892857142857143 0.16142857142857142 0.02642857142857143 0.08666666666666667
0 0.5510714285714285 0.14666666666666667 0.023571428571428573 0.0838095238095238
0 0.42178571428571426 0.27095238095238094 0.027857142857142858 0.07904761904761905
0 0.4539285714285714 0.2966666666666667 0.02642857142857143 0.09428571428571429
0 0.5560714285714285 0.3476190476190476 0.027857142857142858 0.08952380952380952
0 0.44535714285714284 0.4185714285714286 0.030714285714285715 0.09047619047619047
0 0.5567857142857143 0.45095238095238094 0.02642857142857143 0.08857142857142856
0 0.42464285714285716 0.5414285714285715 0.029285714285714286 0.08857142857142856
0 0.5592857142857143 0.55 0.03142857142857143 0.09428571428571429
3 0.44035714285714284 0.6671428571428571 0.03357142857142857 0.10380952380952381
3 0.5639285714285714 0.6766666666666666 0.030714285714285715 0.09238095238095238
3 0.48214285714285715 0.7814285714285715 0.024285714285714285 0.08095238095238096
0 0.5678571428571428 0.7885714285714286 0.022857142857142857 0.09714285714285714
3 0.27964285714285714 0.6980952380952381 0.075 0.03428571428571429
0 0.2857142857142857 0.8519047619047619 0.07857142857142857 0.04476190476190476
1 0.4075 0.8061904761904762 0.035 0.12476190476190477
0 0.5653571428571429 0.9157142857142857 0.035 0.10571428571428572
0 0.4117857142857143 0.9328571428571428 0.045 0.13238095238095238
