0 0.6568371607515657 0.6168831168831169 0.0255741127348643 0.08163265306122448
0 0.3671711899791232 0.8566790352504638 0.0767223382045929 0.0640074211502783
0 0.38308977035490605 0.8075139146567718 0.06576200417536535 0.05287569573283859
3 0.47990605427974947 0.6586270871985158 0.027661795407098122 0.07606679035250463
3 0.43580375782881003 0.5473098330241187 0.054279749478079335 0.04267161410018553
3 0.43710855949895616 0.5162337662337663 0.04123173277661795 0.039888682745825604
0 0.4705114822546973 0.4749536178107607 0.048538622129436326 0.03896103896103896
3 0.47651356993736954 0.4457328385899815 0.038622129436325675 0.045454545454545456
0 0.4725991649269311 0.42161410018552875 0.043319415448851775 0.030612244897959183
0 0.4838204592901879 0.39564007421150277 0.03966597077244259 0.03432282003710575
0 0.5427974947807933 0.3297773654916512 0.019832985386221295 0.045454545454545456
0 0.5083507306889353 0.26669758812615957 0.031315240083507306 0.030612244897959183
3 0.5177453027139874 0.24257884972170687 0.03444676409185804 0.030612244897959183
3 0.5159185803757829 0.21521335807050093 0.027661795407098122 0.029684601113172542
3 0.5268789144050104 0.1794990723562152 0.02139874739039666 0.021335807050092765
0 0.5357515657620042 0.16512059369202226 0.0255741127348643 0.022263450834879406
0 0.526356993736952 0.13126159554730985 0.010960334029227558 0.01948051948051948
3 0.5292275574112735 0.09786641929499072 0.017745302713987474 0.021335807050092765
0 0.6946764091858038 0.10667903525046382 0.011482254697286013 0.02040816326530612
0 0.7079853862212944 0.050556586270871985 0.019311064718162838 0.013914656771799629
0 0.7379958246346555 0.06029684601113173 0.021920668058455117 0.016697588126159554
0 0.7139874739039666 0.04638218923933209 0.017745302713987474 0.012987012987012988
0 0.6012526096033403 0.03942486085343228 0.017745302713987474 0.015769944341372914
0 0.7883611691022965 0.05333951762523191 0.019311064718162838 0.013914656771799629
0 0.8089770354906054 0.06957328385899815 0.021920668058455117 0.01855287569573284
0 0.8248956158663883 0.05890538033395176 0.019311064718162838 0.015769944341372914
0 0.6424843423799582 0.006957328385899814 0.006263048016701462 0.013914656771799629
