0 0.030714285714285715 0.8685714285714285 0.06 0.1219047619047619
0 0.16107142857142856 0.7804761904761904 0.055 0.10952380952380952
0 0.20607142857142857 0.7647619047619048 0.05357142857142857 0.11428571428571428
0 0.25035714285714283 0.7385714285714285 0.05928571428571429 0.11714285714285715
0 0.3289285714285714 0.7080952380952381 0.04642857142857143 0.09047619047619047
0 0.36857142857142855 0.6785714285714286 0.05857142857142857 0.11142857142857143
0 0.41714285714285715 0.8395238095238096 0.08 0.07523809523809524
0 0.21607142857142858 0.9552380952380952 0.08642857142857142 0.08190476190476191
0 0.45571428571428574 0.25 0.07857142857142857 0.07142857142857142
0 0.38357142857142856 0.13476190476190475 0.07714285714285714 0.07523809523809524
0 0.16 0.18476190476190477 0.07714285714285714 0.07047619047619047
0 0.7092857142857143 0.24285714285714285 0.07428571428571429 0.07238095238095238
0 0.9392857142857143 0.17714285714285713 0.08142857142857143 0.07428571428571429
0 0.9575 0.09904761904761905 0.07642857142857143 0.0761904761904762
0 0.8717857142857143 0.15428571428571428 0.075 0.07238095238095238
0 0.5467857142857143 0.04380952380952381 0.08071428571428571 0.07428571428571429
0 0.7121428571428572 0.32 0.08571428571428572 0.06666666666666667
0 0.785 0.1961904761904762 0.07714285714285714 0.07047619047619047
0 0.5675 0.6104761904761905 0.05071428571428571 0.10285714285714286
3 0.41928571428571426 0.6366666666666667 0.04857142857142857 0.10380952380952381
0 0.03642857142857143 0.30333333333333334 0.07285714285714286 0.07142857142857142
0 0.9007142857142857 0.01904761904761905 0.07857142857142857 0.0380952380952381
1 0.7275 0.3923809523809524 0.09928571428571428 0.05904761904761905
