0 0.33875 0.9616666666666667 0.0385 0.074
0 0.24675 0.146 0.0105 0.017333333333333333
0 0.2585 0.126 0.01 0.013333333333333334
0 0.3625 0.6336666666666667 0.022 0.048666666666666664
0 0.37475 0.5136666666666667 0.0335 0.046
0 0.37475 0.456 0.0335 0.03866666666666667
0 0.37325 0.43 0.0245 0.032
0 0.32625 0.3993333333333333 0.0065 0.017333333333333333
0 0.3625 0.3913333333333333 0.018 0.034666666666666665
0 0.45725 0.41233333333333333 0.0155 0.020666666666666667
0 0.3945 0.37666666666666665 0.015 0.02666666666666667
3 0.35725 0.36 0.0415 0.021333333333333333
0 0.36275 0.33566666666666667 0.0245 0.027333333333333334
0 0.59575 0.6416666666666667 0.0315 0.04733333333333333
0 0.955 0.9053333333333333 0.06 0.08133333333333333
0 0.876 0.8963333333333333 0.058 0.054
0 0.8365 0.83 0.045 0.07466666666666667
3 0.7945 0.747 0.046 0.07
0 0.76575 0.6863333333333334 0.0355 0.056666666666666664
0 0.736 0.6323333333333333 0.035 0.051333333333333335
3 0.78275 0.6036666666666667 0.0425 0.046
0 0.81 0.6386666666666667 0.05 0.037333333333333336
0 0.82525 0.6886666666666666 0.0345 0.050666666666666665
0 0.8595 0.752 0.042 0.06533333333333333
0 0.907 0.8273333333333334 0.052 0.068
0 0.74425 0.5573333333333333 0.0435 0.028
0 0.7335 0.538 0.039 0.029333333333333333
0 0.7705 0.536 0.031 0.03866666666666667
0 0.78775 0.5266666666666666 0.0225 0.030666666666666665
0 0.786 0.487 0.034 0.03266666666666666
0 0.80675 0.415 0.0225 0.03133333333333333
0 0.79175 0.421 0.0225 0.03133333333333333
0 0.775 0.42533333333333334 0.022 0.03333333333333333
0 0.75325 0.42333333333333334 0.0225 0.036
0 0.771 0.449 0.037 0.023333333333333334
0 0.74175 0.4563333333333333 0.0275 0.034
0 0.728 0.432 0.022 0.030666666666666665
3 0.71175 0.43133333333333335 0.0205 0.03866666666666667
0 0.7045 0.4886666666666667 0.04 0.028
0 0.69325 0.4723333333333333 0.0355 0.026
3 0.687 0.453 0.038 0.03133333333333333
0 0.64375 0.4666666666666667 0.0185 0.03866666666666667
0 0.66575 0.49266666666666664 0.0255 0.030666666666666665
0 0.622 0.5073333333333333 0.042 0.028
0 0.61575 0.48733333333333334 0.0375 0.025333333333333333
0 0.442 0.16733333333333333 0.014 0.016
0 0.438 0.15666666666666668 0.012 0.014666666666666666
1 0.4065 0.13733333333333334 0.014 0.021333333333333333
3 0.43025 0.127 0.0185 0.028666666666666667
3 0.423 0.094 0.013 0.02266666666666667
0 0.42025 0.08166666666666667 0.0105 0.01
0 0.41975 0.06566666666666666 0.0095 0.01
0 0.41875 0.06 0.0085 0.012
0 0.39775 0.04833333333333333 0.0085 0.01
0 0.3825 0.019 0.006 0.01
0 0.376 0.004 0.009 0.008
0 0.351 0.04066666666666666 0.006 0.012
0 0.34825 0.054 0.0075 0.012
0 0.34125 0.08233333333333333 0.0075 0.011333333333333334
0 0.34025 0.089 0.0085 0.011333333333333334
0 0.339 0.105 0.01 0.015333333333333332
0 0.33975 0.12133333333333333 0.0085 0.016
0 0.33975 0.13366666666666666 0.0105 0.015333333333333332
3 0.3615 0.10933333333333334 0.008 0.018666666666666668
0 0.34525 0.222 0.0115 0.018666666666666668
0 0.35025 0.25033333333333335 0.0115 0.018
0 0.357 0.287 0.019 0.023333333333333334
3 0.3595 0.312 0.017 0.024
3 0.3185 0.25166666666666665 0.012 0.020666666666666667
3 0.3185 0.278 0.011 0.021333333333333333
3 0.31875 0.29133333333333333 0.0125 0.021333333333333333
3 0.32225 0.30833333333333335 0.0145 0.022
0 0.32225 0.328 0.0155 0.024
0 0.54675 0.15466666666666667 0.0205 0.013333333333333334
0 0.55025 0.25333333333333335 0.0265 0.018666666666666668
0 0.5545 0.27 0.026 0.018666666666666668
0 0.55425 0.2823333333333333 0.0265 0.015333333333333332
0 0.563 0.295 0.027 0.019333333333333334
0 0.6515 0.33066666666666666 0.03 0.017333333333333333
0 0.6925 0.3486666666666667 0.029 0.021333333333333333
0 0.70525 0.37366666666666665 0.0335 0.019333333333333334
0 0.597 0.37366666666666665 0.03 0.023333333333333334
