3 0.7085714285714285 0.8705583756345178 0.07 0.10913705583756345
0 0.5507142857142857 0.7011421319796954 0.055714285714285716 0.08248730964467005
0 0.4807142857142857 0.6154822335025381 0.04857142857142857 0.08375634517766498
0 0.425 0.5348984771573604 0.04857142857142857 0.07741116751269035
0 0.37357142857142855 0.2785532994923858 0.04285714285714286 0.05964467005076142
0 0.30714285714285716 0.3743654822335025 0.03857142857142857 0.06345177664974619
0 0.295 0.17068527918781726 0.02142857142857143 0.046954314720812185
0 0.3246428571428571 0.08058375634517767 0.035 0.03426395939086294
3 0.3825 0.47715736040609136 0.04642857142857143 0.08375634517766498
0 0.04607142857142857 0.02030456852791878 0.025 0.030456852791878174
2 0.4675 0.41243654822335024 0.07357142857142857 0.1065989847715736
