3 0.68625 0.5776666666666667 0.0895 0.08333333333333333
3 0.569 0.4503333333333333 0.027 0.048666666666666664
0 0.3835 0.30533333333333335 0.015 0.02266666666666667
0 0.41525 0.26066666666666666 0.0135 0.014666666666666666
0 0.4035 0.24466666666666667 0.012 0.013333333333333334
0 0.40075 0.237 0.0105 0.01
3 0.36725 0.6563333333333333 0.0495 0.10733333333333334
3 0.34875 0.5066666666666667 0.0355 0.076
3 0.357 0.421 0.029 0.051333333333333335
3 0.33025 0.388 0.0515 0.042666666666666665
3 0.3085 0.36466666666666664 0.046 0.03333333333333333
0 0.23675 0.373 0.0485 0.026
0 0.28225 0.3426666666666667 0.0465 0.025333333333333333
1 0.148 0.38266666666666665 0.071 0.034666666666666665
0 0.17625 0.37633333333333335 0.0465 0.024666666666666667
0 0.12625 0.35933333333333334 0.0515 0.02666666666666667
0 0.05475 0.365 0.0505 0.028666666666666667
0 0.02175 0.329 0.0235 0.03
0 0.10625 0.31966666666666665 0.0345 0.024666666666666667
0 0.116 0.30766666666666664 0.036 0.024666666666666667
0 0.12225 0.299 0.0385 0.022
0 0.086 0.3016666666666667 0.026 0.022
0 0.0955 0.29333333333333333 0.025 0.018666666666666668
3 0.111 0.2866666666666667 0.026 0.02266666666666667
0 0.1215 0.2836666666666667 0.025 0.018
0 0.0655 0.2846666666666667 0.023 0.018666666666666668
0 0.07975 0.277 0.0225 0.018
3 0.024 0.30366666666666664 0.038 0.028666666666666667
0 0.12325 0.2723333333333333 0.0265 0.018
3 0.1535 0.27666666666666667 0.028 0.021333333333333333
0 0.13525 0.271 0.0245 0.018
0 0.14225 0.2653333333333333 0.0225 0.014666666666666666
0 0.14725 0.26066666666666666 0.0235 0.017333333333333333
0 0.12225 0.25033333333333335 0.0175 0.018
0 0.13725 0.24633333333333332 0.0155 0.014
0 0.14975 0.23933333333333334 0.0155 0.013333333333333334
