0 0.02 0.1 0.04 0.03619047619047619
0 0.09428571428571429 0.08761904761904762 0.055714285714285716 0.04
1 0.17607142857142857 0.056666666666666664 0.08357142857142857 0.07333333333333333
1 0.37142857142857144 0.06904761904761905 0.07571428571428572 0.08666666666666667
1 0.3032142857142857 0.0880952380952381 0.056428571428571425 0.04666666666666667
3 0.38785714285714284 0.6285714285714286 0.037142857142857144 0.09714285714285714
1 0.32321428571428573 0.7609523809523809 0.11214285714285714 0.06666666666666667
1 0.3289285714285714 0.8214285714285714 0.12642857142857142 0.07142857142857142
0 0.3960714285714286 0.9014285714285715 0.05928571428571429 0.07523809523809524
0 0.6335714285714286 0.9780952380952381 0.04285714285714286 0.0419047619047619
3 0.6907142857142857 0.8933333333333333 0.05285714285714286 0.1295238095238095
0 0.5467857142857143 0.7471428571428571 0.04071428571428572 0.12095238095238095
0 0.6232142857142857 0.6933333333333334 0.04357142857142857 0.10666666666666667
0 0.6360714285714286 0.5823809523809523 0.04214285714285714 0.10571428571428572
0 0.5214285714285715 0.48714285714285716 0.032857142857142856 0.09047619047619047
0 0.61 0.4257142857142857 0.04285714285714286 0.09904761904761905
0 0.5564285714285714 0.3252380952380952 0.032857142857142856 0.08095238095238096
1 0.5782142857142857 0.23952380952380953 0.03357142857142857 0.08857142857142856
3 0.5525 0.16666666666666666 0.03785714285714286 0.06095238095238095
0 0.5185714285714286 0.12857142857142856 0.02857142857142857 0.049523809523809526
0 0.5707142857142857 0.034761904761904765 0.05142857142857143 0.054285714285714284
0 0.6478571428571429 0.009523809523809525 0.05142857142857143 0.01904761904761905
1 0.7442857142857143 0.04047619047619048 0.04285714285714286 0.08095238095238096
1 0.8735714285714286 0.02666666666666667 0.09142857142857143 0.05333333333333334
