3 0.03496868475991649 0.29035250463821893 0.03653444676409186 0.07606679035250463
0 0.08794363256784969 0.3140074211502783 0.03496868475991649 0.07699443413729128
0 0.1174321503131524 0.3112244897959184 0.031315240083507306 0.07142857142857142
0 0.1495302713987474 0.312152133580705 0.031837160751565764 0.075139146567718
0 0.17667014613778706 0.3140074211502783 0.03392484342379958 0.07699443413729128
3 0.20615866388308976 0.31539888682745826 0.033402922755741124 0.06307977736549165
0 0.23225469728601253 0.32792207792207795 0.03653444676409186 0.07328385899814471
0 0.2609603340292276 0.3362708719851577 0.031315240083507306 0.075139146567718
0 0.2883611691022965 0.33719851576994436 0.031837160751565764 0.07328385899814471
0 0.3173277661795407 0.3450834879406308 0.031315240083507306 0.07792207792207792
0 0.348643006263048 0.3469387755102041 0.029227557411273485 0.07050092764378478
0 0.4026617954070981 0.3589981447124304 0.02870563674321503 0.07606679035250463
0 0.4298016701461378 0.35714285714285715 0.02348643006263048 0.08163265306122448
0 0.45668058455114824 0.3608534322820037 0.024008350730688934 0.07421150278293136
3 0.48434237995824636 0.3738404452690167 0.024008350730688934 0.08348794063079777
3 0.5208768267223383 0.37105751391465674 0.024008350730688934 0.08905380333951762
3 0.5806367432150313 0.38821892393320967 0.02348643006263048 0.08441558441558442
0 0.639874739039666 0.3984230055658627 0.025052192066805846 0.08070500927643785
0 0.6803235908141962 0.44712430426716143 0.05375782881002088 0.04452690166975881
0 0.6881524008350731 0.4958256029684601 0.05897703549060543 0.04359925788497217
0 0.7030271398747391 0.538961038961039 0.06367432150313153 0.04823747680890538
0 0.607776617954071 0.511595547309833 0.05897703549060543 0.05287569573283859
3 0.6615344467640919 0.5955473098330241 0.05271398747390397 0.05194805194805195
1 0.7369519832985386 0.5876623376623377 0.07828810020876827 0.07328385899814471
0 0.8212421711899791 0.5816326530612245 0.06941544885177453 0.05380333951762523
0 0.4989561586638831 0.48886827458256027 0.059498956158663886 0.04823747680890538
0 0.3843945720250522 0.474025974025974 0.06210855949895616 0.04638218923933209
3 0.4809498956158664 0.575139146567718 0.050626304801670144 0.05194805194805195
0 0.3718684759916493 0.5575139146567718 0.05897703549060543 0.05194805194805195
0 0.2612212943632568 0.5320037105751392 0.061064718162839246 0.05102040816326531
0 0.174321503131524 0.43413729128014844 0.05636743215031315 0.04452690166975881
1 0.1484864300626305 0.5060296846011132 0.0767223382045929 0.06586270871985157
0 0.06367432150313153 0.4155844155844156 0.061586638830897704 0.04823747680890538
0 0.0360125260960334 0.4939703153988868 0.061586638830897704 0.05102040816326531
