0 0.33285714285714285 0.44352791878172587 0.05857142857142857 0.046954314720812185
0 0.8614285714285714 0.5019035532994924 0.037142857142857144 0.07741116751269035
0 0.775 0.39593908629441626 0.037142857142857144 0.06598984771573604
0 0.9121428571428571 0.5310913705583756 0.04 0.07741116751269035
0 0.9560714285714286 0.5615482233502538 0.03642857142857143 0.0799492385786802
0 0.9321428571428572 0.4593908629441624 0.03857142857142857 0.07360406091370558
0 0.9528571428571428 0.3762690355329949 0.03142857142857143 0.06472081218274112
0 0.9817857142857143 0.4447969543147208 0.03642857142857143 0.06979695431472081
0 0.9760714285714286 0.3166243654822335 0.03214285714285714 0.05710659898477157
0 0.9882142857142857 0.25317258883248733 0.023571428571428573 0.05964467005076142
0 0.9917857142857143 0.3800761421319797 0.016428571428571428 0.05964467005076142
0 0.76 0.9543147208121827 0.08142857142857143 0.08883248730964467
