0 0.37785714285714284 0.024285714285714285 0.03857142857142857 0.04857142857142857
0 0.38607142857142857 0.17476190476190476 0.045 0.08476190476190476
0 0.3842857142857143 0.3119047619047619 0.03857142857142857 0.1019047619047619
0 0.3892857142857143 0.44333333333333336 0.055714285714285716 0.12285714285714286
0 0.27285714285714285 0.49 0.055714285714285716 0.14761904761904762
0 0.29964285714285716 0.840952380952381 0.08357142857142857 0.21714285714285714
3 0.5192857142857142 0.6566666666666666 0.05714285714285714 0.16095238095238096
0 0.6157142857142858 0.6319047619047619 0.06285714285714286 0.15523809523809523
0 0.7117857142857142 0.6042857142857143 0.07071428571428572 0.15333333333333332
0 0.7907142857142857 0.5928571428571429 0.08 0.14952380952380953
0 0.8614285714285714 0.5847619047619048 0.09 0.16
0 0.9217857142857143 0.5614285714285714 0.07928571428571428 0.14
0 0.8367857142857142 0.370952380952381 0.10642857142857143 0.07142857142857142
0 0.5510714285714285 0.2419047619047619 0.10071428571428571 0.06285714285714286
0 0.7907142857142857 0.259047619047619 0.09285714285714286 0.07047619047619047
0 0.7332142857142857 0.10095238095238095 0.08785714285714286 0.05904761904761905
0 0.7082142857142857 0.03142857142857143 0.07928571428571428 0.06095238095238095
0 0.5282142857142857 0.15619047619047619 0.09071428571428572 0.06095238095238095
0 0.4982142857142857 0.015714285714285715 0.085 0.03142857142857143
0 0.5032142857142857 0.0380952380952381 0.08357142857142857 0.03619047619047619
0 0.5096428571428572 0.0719047619047619 0.08357142857142857 0.04666666666666667
0 0.5214285714285715 0.11095238095238096 0.08714285714285715 0.05047619047619047
