1 0.39964285714285713 0.7790476190476191 0.15642857142857142 0.3180952380952381
0 0.5553571428571429 0.59 0.05928571428571429 0.09238095238095238
0 0.6703571428571429 0.6028571428571429 0.062142857142857146 0.07428571428571429
0 0.5117857142857143 0.22 0.03642857142857143 0.04
0 0.25785714285714284 0.47619047619047616 0.04 0.07428571428571429
0 0.24607142857142858 0.3233333333333333 0.03785714285714286 0.06
0 0.30392857142857144 0.08142857142857143 0.027857142857142858 0.029523809523809525
0 0.4710714285714286 0.1757142857142857 0.03357142857142857 0.037142857142857144
0 0.4357142857142857 0.1376190476190476 0.03 0.03333333333333333
0 0.39964285714285713 0.1 0.02642857142857143 0.024761904761904763
1 0.3782142857142857 0.06380952380952382 0.035 0.04380952380952381
0 0.3410714285714286 0.02095238095238095 0.023571428571428573 0.02666666666666667
0 0.32285714285714284 0.008571428571428572 0.024285714285714285 0.017142857142857144
0 0.11678571428571428 0.10857142857142857 0.025 0.03428571428571429
0 0.7932142857142858 0.21619047619047618 0.04071428571428572 0.0380952380952381
0 0.8385714285714285 0.2523809523809524 0.04857142857142857 0.04
2 0.1707142857142857 0.25285714285714284 0.05142857142857143 0.09428571428571429
0 0.018571428571428572 0.05476190476190476 0.037142857142857144 0.02761904761904762
0 0.0525 0.04666666666666667 0.020714285714285713 0.02857142857142857
0 0.07071428571428572 0.013333333333333334 0.02142857142857143 0.02666666666666667
0 0.07821428571428571 0.040952380952380955 0.02214285714285714 0.030476190476190476
0 0.0925 0.060476190476190475 0.047857142857142855 0.02761904761904762
0 0.11928571428571429 0.018095238095238095 0.022857142857142857 0.024761904761904763
3 0.48 0.08142857142857143 0.032857142857142856 0.02761904761904762
0 0.5714285714285714 0.05904761904761905 0.032857142857142856 0.02095238095238095
3 0.625 0.07047619047619047 0.02857142857142857 0.03238095238095238
3 0.7853571428571429 0.9380952380952381 0.08785714285714286 0.1180952380952381
0 0.7528571428571429 0.18095238095238095 0.02857142857142857 0.02857142857142857
0 0.7739285714285714 0.2671428571428571 0.039285714285714285 0.03333333333333333
0 0.7992857142857143 0.28809523809523807 0.037142857142857144 0.035238095238095235
0 0.8178571428571428 0.31 0.04285714285714286 0.037142857142857144
0 0.8421428571428572 0.3333333333333333 0.041428571428571426 0.03428571428571429
0 0.8657142857142858 0.3523809523809524 0.045714285714285714 0.04
0 0.8928571428571429 0.3757142857142857 0.047142857142857146 0.040952380952380955
0 0.9196428571428571 0.4004761904761905 0.045 0.04285714285714286
0 0.9492857142857143 0.42238095238095236 0.04857142857142857 0.04666666666666667
0 0.9739285714285715 0.36666666666666664 0.052142857142857144 0.05333333333333334
0 0.935 0.9019047619047619 0.11 0.13523809523809524
