0 0.3289285714285714 0.8934010152284264 0.027857142857142858 0.10152284263959391
0 0.4 0.5006345177664975 0.027142857142857142 0.06218274111675127
0 0.42464285714285716 0.3134517766497462 0.013571428571428571 0.04314720812182741
0 0.4667857142857143 0.3096446700507614 0.03214285714285714 0.04314720812182741
0 0.25607142857142856 0.3115482233502538 0.04214285714285714 0.03680203045685279
0 0.7075 0.38071065989847713 0.04071428571428572 0.030456852791878174
3 0.5835714285714285 0.37182741116751267 0.045714285714285714 0.04314720812182741
3 0.5153571428571428 0.35152284263959394 0.035 0.04314720812182741
3 0.4514285714285714 0.5564720812182741 0.022857142857142857 0.06218274111675127
3 0.6896428571428571 0.2696700507614213 0.039285714285714285 0.03426395939086294
3 0.98 0.4581218274111675 0.04 0.03553299492385787
0 0.9121428571428571 0.4530456852791878 0.04 0.04314720812182741
0 0.9164285714285715 0.3096446700507614 0.03857142857142857 0.03299492385786802
0 0.9082142857142858 0.28743654822335024 0.03642857142857143 0.031725888324873094
0 0.8667857142857143 0.26713197969543145 0.03785714285714286 0.02918781725888325
0 0.7503571428571428 0.2468274111675127 0.03785714285714286 0.02918781725888325
0 0.6882142857142857 0.2436548223350254 0.03642857142857143 0.027918781725888325
0 0.7532142857142857 0.3223350253807107 0.03785714285714286 0.030456852791878174
0 0.7978571428571428 0.2969543147208122 0.037142857142857144 0.030456852791878174
0 0.8589285714285714 0.2893401015228426 0.03785714285714286 0.030456852791878174
0 0.8121428571428572 0.26776649746192893 0.037142857142857144 0.027918781725888325
0 0.7982142857142858 0.2430203045685279 0.03785714285714286 0.0266497461928934
0 0.7535714285714286 0.27093908629441626 0.037142857142857144 0.03426395939086294
0 0.7039285714285715 0.29758883248730966 0.03642857142857143 0.03426395939086294
0 0.6517857142857143 0.32614213197969544 0.04214285714285714 0.03299492385786802
0 0.6510714285714285 0.29758883248730966 0.04071428571428572 0.03680203045685279
0 0.6357142857142857 0.2760152284263959 0.03428571428571429 0.02918781725888325
1 0.6375 0.24873096446700507 0.05071428571428571 0.03807106598984772
3 0.24071428571428571 0.950507614213198 0.03142857142857143 0.09390862944162437
0 0.12214285714285714 0.4137055837563452 0.04285714285714286 0.03299492385786802
0 0.12678571428571428 0.4403553299492386 0.04071428571428572 0.04060913705583756
0 0.06928571428571428 0.40926395939086296 0.04857142857142857 0.031725888324873094
0 0.05678571428571429 0.4467005076142132 0.045 0.04060913705583756
3 0.0125 0.4067258883248731 0.025 0.044416243654822336
0 0.13892857142857143 0.030456852791878174 0.015 0.027918781725888325
0 0.10821428571428572 0.02728426395939086 0.017857142857142856 0.031725888324873094
0 0.08714285714285715 0.0266497461928934 0.018571428571428572 0.025380710659898477
0 0.05107142857142857 0.02982233502538071 0.020714285714285713 0.03934010152284264
1 0.33071428571428574 0.12563451776649745 0.024285714285714285 0.09137055837563451
1 0.2785714285714286 0.17639593908629442 0.045714285714285714 0.050761421319796954
2 0.40714285714285714 0.03616751269035533 0.02 0.07233502538071065
1 0.12892857142857142 0.2036802030456853 0.052142857142857144 0.046954314720812185
3 0.30607142857142855 0.024746192893401017 0.023571428571428573 0.0266497461928934
3 0.2735714285714286 0.02982233502538071 0.011428571428571429 0.02918781725888325
0 0.16642857142857143 0.037436548223350255 0.015714285714285715 0.031725888324873094
0 0.18107142857142858 0.03616751269035533 0.013571428571428571 0.02918781725888325
0 0.5192857142857142 0.16053299492385786 0.03 0.031725888324873094
1 0.4932142857142857 0.014593908629441625 0.030714285714285715 0.02918781725888325
0 0.9621428571428572 0.2848984771573604 0.04 0.0266497461928934
0 0.9260714285714285 0.2620558375634518 0.039285714285714285 0.0266497461928934
0 0.9714285714285714 0.23794416243654823 0.037142857142857144 0.0266497461928934
3 0.9907142857142858 0.2569796954314721 0.018571428571428572 0.031725888324873094
