3 0.2735714285714286 0.03190476190476191 0.05857142857142857 0.039047619047619046
0 0.2857142857142857 0.18 0.05 0.07238095238095238
0 0.3067857142857143 0.28285714285714286 0.05357142857142857 0.09142857142857143
0 0.2764285714285714 0.37285714285714283 0.06142857142857143 0.08285714285714285
0 0.18035714285714285 0.4342857142857143 0.08214285714285714 0.12571428571428572
0 0.22 0.32761904761904764 0.06428571428571428 0.10666666666666667
0 0.225 0.5223809523809524 0.08714285714285715 0.1457142857142857
0 0.14357142857142857 0.7342857142857143 0.13142857142857142 0.22095238095238096
0 0.18892857142857142 0.8804761904761905 0.13785714285714284 0.23523809523809525
0 0.4089285714285714 0.015714285714285715 0.027857142857142858 0.03142857142857143
0 0.5596428571428571 0.26285714285714284 0.047857142857142855 0.08571428571428572
0 0.6325 0.2804761904761905 0.047857142857142855 0.07714285714285714
0 0.5796428571428571 0.39476190476190476 0.04928571428571429 0.09428571428571429
0 0.6607142857142857 0.42714285714285716 0.05857142857142857 0.10571428571428572
0 0.5807142857142857 0.5676190476190476 0.07142857142857142 0.14857142857142858
0 0.8142857142857143 0.1 0.054285714285714284 0.0419047619047619
0 0.8439285714285715 0.02142857142857143 0.05928571428571429 0.037142857142857144
2 0.7271428571428571 0.20095238095238097 0.09857142857142857 0.16952380952380952
2 0.7525 0.7314285714285714 0.205 0.5295238095238095
0 0.9585714285714285 0.5133333333333333 0.08285714285714285 0.08952380952380952
0 0.9439285714285715 0.9 0.11071428571428571 0.2
