0 0.2760714285714286 0.7023809523809523 0.06357142857142857 0.11714285714285715
0 0.39107142857142857 0.8266666666666667 0.09214285714285714 0.11428571428571428
1 0.5485714285714286 0.799047619047619 0.06714285714285714 0.13523809523809524
0 0.4828571428571429 0.6157142857142858 0.07142857142857142 0.06380952380952382
0 0.04392857142857143 0.64 0.056428571428571425 0.10666666666666667
0 0.023928571428571428 0.5228571428571429 0.047857142857142855 0.10666666666666667
0 0.0825 0.46095238095238095 0.052142857142857144 0.09333333333333334
2 0.22964285714285715 0.4919047619047619 0.11642857142857142 0.19904761904761906
1 0.3989285714285714 0.39666666666666667 0.10214285714285715 0.15714285714285714
0 0.35892857142857143 0.1457142857142857 0.04357142857142857 0.05523809523809524
1 0.16392857142857142 0.10857142857142857 0.06642857142857143 0.09904761904761905
1 0.8971428571428571 0.8890476190476191 0.11714285714285715 0.1361904761904762
3 0.9214285714285714 0.8085714285714286 0.10428571428571429 0.1219047619047619
0 0.935 0.7433333333333333 0.09857142857142857 0.11142857142857143
0 0.9589285714285715 0.6833333333333333 0.08214285714285714 0.12095238095238095
3 0.9660714285714286 0.6238095238095238 0.06785714285714285 0.09333333333333334
0 0.6789285714285714 0.40523809523809523 0.055 0.07142857142857142
1 0.7146428571428571 0.37285714285714283 0.09071428571428572 0.10380952380952381
0 0.7407142857142858 0.3628571428571429 0.06571428571428571 0.07047619047619047
0 0.7671428571428571 0.3438095238095238 0.06714285714285714 0.07047619047619047
0 0.8007142857142857 0.3252380952380952 0.06857142857142857 0.06571428571428571
3 0.8178571428571428 0.2966666666666667 0.06142857142857143 0.058095238095238096
0 0.86 0.2814285714285714 0.06428571428571428 0.06
0 0.9325 0.18095238095238095 0.060714285714285714 0.06857142857142857
