2 0.06785714285714285 0.06476190476190476 0.04 0.1295238095238095
0 0.007857142857142858 0.9742857142857143 0.015714285714285715 0.049523809523809526
3 0.46785714285714286 0.9666666666666667 0.024285714285714285 0.06666666666666667
0 0.4235714285714286 0.9709523809523809 0.055714285714285716 0.035238095238095235
0 0.4442857142857143 0.9104761904761904 0.054285714285714284 0.0380952380952381
0 0.4278571428571429 0.8676190476190476 0.04857142857142857 0.02857142857142857
0 0.43214285714285716 0.829047619047619 0.04857142857142857 0.03333333333333333
0 0.4278571428571429 0.7761904761904762 0.05285714285714286 0.030476190476190476
3 0.4525 0.7385714285714285 0.04214285714285714 0.03333333333333333
0 0.445 0.7019047619047619 0.055714285714285716 0.03428571428571429
3 0.445 0.6261904761904762 0.04857142857142857 0.035238095238095235
0 0.43607142857142855 0.4519047619047619 0.052142857142857144 0.029523809523809525
3 0.5625 0.3647619047619048 0.047857142857142855 0.06666666666666667
3 0.5678571428571428 0.4138095238095238 0.041428571428571426 0.054285714285714284
1 0.4282142857142857 0.35285714285714287 0.07214285714285715 0.040952380952380955
1 0.4307142857142857 0.3080952380952381 0.07 0.040952380952380955
1 0.4307142857142857 0.2319047619047619 0.06285714285714286 0.035238095238095235
