3 0.37725 0.2753333333333333 0.0265 0.04533333333333334
0 0.41975 0.275 0.0285 0.038
0 0.64575 0.5016666666666667 0.0875 0.10866666666666666
0 0.75025 0.424 0.1105 0.07333333333333333
0 0.9675 0.344 0.052 0.05333333333333334
0 0.4815 0.20433333333333334 0.021 0.026
0 0.41975 0.229 0.0245 0.03133333333333333
0 0.40975 0.216 0.0235 0.029333333333333333
0 0.412 0.19866666666666666 0.023 0.02666666666666667
0 0.461 0.15633333333333332 0.016 0.019333333333333334
0 0.402 0.16966666666666666 0.016 0.019333333333333334
0 0.4005 0.16166666666666665 0.015 0.015333333333333332
0 0.4 0.15566666666666668 0.015 0.015333333333333332
0 0.39825 0.15033333333333335 0.0145 0.016666666666666666
0 0.39575 0.13266666666666665 0.0115 0.013333333333333334
0 0.38925 0.12733333333333333 0.0225 0.013333333333333334
0 0.387 0.12233333333333334 0.025 0.012666666666666666
3 0.3925 0.11333333333333333 0.009 0.012
0 0.397 0.119 0.01 0.011333333333333334
0 0.78725 0.24233333333333335 0.0405 0.03
0 0.74675 0.21966666666666668 0.0375 0.028666666666666667
0 0.723 0.19333333333333333 0.027 0.025333333333333333
0 0.683 0.18966666666666668 0.029 0.020666666666666667
0 0.66375 0.17966666666666667 0.0255 0.019333333333333334
0 0.62875 0.17833333333333334 0.0235 0.020666666666666667
0 0.64575 0.17166666666666666 0.0235 0.019333333333333334
0 0.621 0.168 0.022 0.021333333333333333
3 0.631 0.16233333333333333 0.023 0.019333333333333334
0 0.614 0.158 0.019 0.016
0 0.6075 0.15233333333333332 0.019 0.016666666666666666
0 0.5875 0.142 0.019 0.016
0 0.579 0.13633333333333333 0.017 0.018
0 0.529 0.134 0.014 0.016
0 0.56575 0.12466666666666666 0.0185 0.014666666666666666
0 0.535 0.114 0.016 0.010666666666666666
0 0.54075 0.117 0.0155 0.011333333333333334
0 0.5255 0.11 0.01 0.010666666666666666
1 0.50725 0.11466666666666667 0.0135 0.02266666666666667
0 0.49225 0.104 0.0175 0.009333333333333334
1 0.47225 0.094 0.0105 0.017333333333333333
0 0.46475 0.092 0.0085 0.010666666666666666
1 0.39525 0.06 0.0045 0.008
0 0.405 0.07266666666666667 0.005 0.005333333333333333
3 0.4 0.06833333333333333 0.004 0.006
0 0.4015 0.067 0.004 0.004666666666666667
0 0.40275 0.06233333333333333 0.0035 0.004666666666666667
0 0.399 0.059666666666666666 0.003 0.0033333333333333335
0 0.4025 0.05466666666666667 0.003 0.004
0 0.44 0.07133333333333333 0.005 0.005333333333333333
0 0.43075 0.069 0.0035 0.006
3 0.42675 0.06166666666666667 0.0035 0.006
