0 0.17142857142857143 0.909047619047619 0.1 0.18
0 0.0675 0.82 0.11071428571428571 0.21523809523809523
3 0.6314285714285715 0.6747619047619048 0.09142857142857143 0.13238095238095238
3 0.6246428571428572 0.560952380952381 0.12785714285714286 0.08952380952380952
1 0.7035714285714286 0.2319047619047619 0.09285714285714286 0.06571428571428571
0 0.5892857142857143 0.2995238095238095 0.08428571428571428 0.05238095238095238
0 0.4903571428571429 0.19047619047619047 0.05785714285714286 0.04380952380952381
0 0.4642857142857143 0.03 0.018571428571428572 0.03142857142857143
0 0.4682142857142857 0.010952380952380953 0.017857142857142856 0.021904761904761906
3 0.36964285714285716 0.028095238095238097 0.020714285714285713 0.039047619047619046
0 0.33107142857142857 0.043333333333333335 0.02642857142857143 0.037142857142857144
3 0.35535714285714287 0.07333333333333333 0.023571428571428573 0.047619047619047616
0 0.44035714285714284 0.08761904761904762 0.023571428571428573 0.03619047619047619
0 0.4432142857142857 0.14904761904761904 0.023571428571428573 0.03142857142857143
0 0.35428571428571426 0.2638095238095238 0.06 0.05523809523809524
3 0.26821428571428574 0.4138095238095238 0.05357142857142857 0.10571428571428572
