3 0.17535714285714285 0.9010152284263959 0.04357142857142857 0.09644670050761421
3 0.38535714285714284 0.7887055837563451 0.029285714285714286 0.0799492385786802
0 0.27285714285714285 0.7347715736040609 0.03142857142857143 0.09137055837563451
0 0.5025 0.7848984771573604 0.02642857142857143 0.10279187817258884
0 0.016428571428571428 0.4796954314720812 0.032857142857142856 0.04568527918781726
0 0.1417857142857143 0.5780456852791879 0.07071428571428572 0.05203045685279188
3 0.2875 0.4879441624365482 0.062142857142857146 0.046954314720812185
0 0.4685714285714286 0.6065989847715736 0.06428571428571428 0.05583756345177665
0 0.5921428571428572 0.5571065989847716 0.06714285714285714 0.050761421319796954
0 0.6371428571428571 0.5031725888324873 0.06571428571428571 0.05203045685279188
2 0.8171428571428572 0.7950507614213198 0.05285714285714286 0.15862944162436549
2 0.7475 0.4447969543147208 0.052142857142857144 0.1434010152284264
0 0.7260714285714286 0.3565989847715736 0.02214285714285714 0.0532994923857868
2 0.8039285714285714 0.10532994923857868 0.030714285714285715 0.1065989847715736
0 0.6296428571428572 0.03489847715736041 0.015 0.0266497461928934
0 0.6139285714285714 0.011421319796954314 0.015 0.02284263959390863
3 0.5539285714285714 0.07931472081218274 0.016428571428571428 0.0266497461928934
3 0.6175 0.13642131979695432 0.015 0.04187817258883249
2 0.3439285714285714 0.07423857868020305 0.056428571428571425 0.09263959390862944
1 0.40214285714285714 0.15228426395939088 0.03857142857142857 0.05583756345177665
2 0.18714285714285714 0.08756345177664974 0.08142857142857143 0.09390862944162437
3 0.5185714285714286 0.45621827411167515 0.02 0.06979695431472081
