3 0.8414285714285714 0.9003807106598984 0.05857142857142857 0.11802030456852793
3 0.7771428571428571 0.7772842639593909 0.05 0.10025380710659898
3 0.7717857142857143 0.5063451776649747 0.03785714285714286 0.06091370558375635
3 0.6125 0.44352791878172587 0.03642857142857143 0.06979695431472081
3 0.5446428571428571 0.33756345177664976 0.03642857142857143 0.048223350253807105
3 0.5225 0.3267766497461929 0.039285714285714285 0.044416243654822336
3 0.5003571428571428 0.3147208121827411 0.030714285714285715 0.04314720812182741
3 0.4689285714285714 0.30774111675126903 0.03785714285714286 0.04187817258883249
0 0.5575 0.4447969543147208 0.027857142857142858 0.046954314720812185
0 0.4953571428571429 0.7392131979695431 0.02642857142857143 0.06725888324873096
0 0.255 0.9562182741116751 0.03428571428571429 0.0850253807106599
0 0.2367857142857143 0.7157360406091371 0.045 0.07614213197969544
0 0.22892857142857143 0.6116751269035533 0.04214285714285714 0.06345177664974619
0 0.22464285714285714 0.5824873096446701 0.04214285714285714 0.06091370558375635
0 0.21678571428571428 0.49428934010152287 0.035 0.05456852791878172
0 0.21321428571428572 0.4651015228426396 0.035 0.044416243654822336
0 0.2382142857142857 0.4143401015228426 0.02642857142857143 0.044416243654822336
0 0.2382142857142857 0.1484771573604061 0.012142857142857143 0.027918781725888325
0 0.245 0.2303299492385787 0.011428571428571429 0.031725888324873094
0 0.30142857142857143 0.3096446700507614 0.018571428571428572 0.04060913705583756
0 0.3142857142857143 0.35406091370558374 0.024285714285714285 0.04314720812182741
0 0.2839285714285714 0.041243654822335024 0.016428571428571428 0.024111675126903553
2 0.2567857142857143 0.08375634517766498 0.015 0.048223350253807105
2 0.26785714285714285 0.15291878172588833 0.025714285714285714 0.07233502538071065
2 0.2857142857142857 0.24048223350253808 0.03 0.0850253807106599
2 0.4007142857142857 0.32614213197969544 0.07714285714285714 0.08121827411167512
2 0.48857142857142855 0.2963197969543147 0.05857142857142857 0.07233502538071065
2 0.5735714285714286 0.2563451776649746 0.08 0.07360406091370558
2 0.6267857142857143 0.2868020304568528 0.07214285714285715 0.07614213197969544
2 0.7353571428571428 0.32614213197969544 0.07071428571428572 0.11421319796954314
2 0.8 0.41116751269035534 0.08 0.1218274111675127
2 0.7 0.19860406091370558 0.07142857142857142 0.06725888324873096
0 0.75 0.18908629441624367 0.025714285714285714 0.03299492385786802
0 0.8557142857142858 0.4993654822335025 0.03571428571428571 0.05203045685279188
1 0.9135714285714286 0.5621827411167513 0.07142857142857142 0.09644670050761421
0 0.39071428571428574 0.2639593908629442 0.017142857142857144 0.03299492385786802
0 0.40714285714285714 0.1998730964467005 0.024285714285714285 0.0266497461928934
