0 0.63 0.5496666666666666 0.078 0.059333333333333335
0 0.783 0.5886666666666667 0.091 0.06533333333333333
0 0.90875 0.6433333333333333 0.1125 0.072
0 0.60375 0.4583333333333333 0.0595 0.048666666666666664
0 0.5205 0.39 0.039 0.034666666666666665
0 0.423 0.329 0.023 0.038
0 0.24125 0.21166666666666667 0.0135 0.014
0 0.261 0.293 0.022 0.023333333333333334
0 0.20275 0.20366666666666666 0.0135 0.015333333333333332
0 0.20675 0.188 0.0135 0.013333333333333334
0 0.3505 0.7656666666666667 0.049 0.11933333333333333
0 0.28925 0.9253333333333333 0.1215 0.14933333333333335
0 0.33875 0.6566666666666666 0.0585 0.10133333333333333
