0 0.5075 0.8572335025380711 0.030714285714285715 0.10025380710659898
0 0.5442857142857143 0.6110406091370558 0.024285714285714285 0.07487309644670051
0 0.5189285714285714 0.2893401015228426 0.015 0.03807106598984772
0 0.5235714285714286 0.08312182741116751 0.011428571428571429 0.024111675126903553
0 0.5235714285714286 0.038705583756345176 0.01 0.021573604060913704
0 0.3939285714285714 0.21637055837563451 0.012142857142857143 0.0266497461928934
0 0.395 0.10596446700507614 0.01 0.01903553299492386
3 0.5189285714285714 0.1567258883248731 0.013571428571428571 0.03934010152284264
3 0.5096428571428572 0.4847715736040609 0.02214285714285714 0.06852791878172589
0 0.3242857142857143 0.36421319796954316 0.015714285714285715 0.03807106598984772
1 0.5435714285714286 0.13324873096446702 0.02142857142857143 0.07106598984771574
0 0.7435714285714285 0.04758883248730964 0.022857142857142857 0.01903553299492386
0 0.052142857142857144 0.19416243654822335 0.025714285714285714 0.017766497461928935
0 0.02 0.19098984771573604 0.025714285714285714 0.01649746192893401
0 0.12607142857142858 0.13578680203045684 0.020714285714285713 0.015228426395939087
0 0.1982142857142857 0.1116751269035533 0.017857142857142856 0.017766497461928935
0 0.30607142857142855 0.031091370558375634 0.012142857142857143 0.013959390862944163
0 0.27 0.06218274111675127 0.015714285714285715 0.017766497461928935
0 0.3132142857142857 0.03680203045685279 0.013571428571428571 0.017766497461928935
2 0.32607142857142857 0.023477157360406092 0.015 0.024111675126903553
0 0.2117857142857143 0.09263959390862944 0.016428571428571428 0.017766497461928935
1 0.38785714285714284 0.4479695431472081 0.02857142857142857 0.12944162436548223
0 0.36 0.13642131979695432 0.01 0.024111675126903553
0 0.4367857142857143 0.007614213197969543 0.0064285714285714285 0.015228426395939087
