0 0.09375 0.9156666666666666 0.1875 0.16866666666666666
0 0.3115 0.5173333333333333 0.116 0.072
0 0.37575 0.4676666666666667 0.0995 0.054
0 0.46925 0.49666666666666665 0.0585 0.06933333333333333
3 0.587 0.597 0.115 0.086
0 0.652 0.5766666666666667 0.113 0.06933333333333333
0 0.70075 0.542 0.1245 0.068
3 0.56425 0.53 0.1055 0.088
3 0.60775 0.47733333333333333 0.0845 0.07466666666666667
3 0.689 0.443 0.113 0.07
3 0.58675 0.43133333333333335 0.0505 0.06666666666666667
3 0.6605 0.41733333333333333 0.081 0.05733333333333333
3 0.644 0.4033333333333333 0.067 0.048
3 0.687 0.36466666666666664 0.073 0.048
0 0.69725 0.355 0.0725 0.038
0 0.60575 0.371 0.0465 0.03933333333333333
0 0.45975 0.364 0.0575 0.04133333333333333
0 0.4805 0.3313333333333333 0.052 0.029333333333333333
0 0.4965 0.3243333333333333 0.054 0.03133333333333333
3 0.4705 0.3416666666666667 0.059 0.043333333333333335
0 0.65875 0.34 0.0615 0.034666666666666665
3 0.6955 0.32566666666666666 0.049 0.042
0 0.697 0.31633333333333336 0.061 0.035333333333333335
0 0.682 0.30633333333333335 0.04 0.024666666666666667
0 0.6965 0.302 0.042 0.024
0 0.68925 0.297 0.0445 0.028666666666666667
0 0.54225 0.3233333333333333 0.0295 0.032
3 0.51975 0.2856666666666667 0.0565 0.03666666666666667
3 0.52925 0.281 0.0465 0.035333333333333335
0 0.54375 0.271 0.0445 0.024666666666666667
0 0.5425 0.26033333333333336 0.044 0.019333333333333334
0 0.549 0.25233333333333335 0.039 0.019333333333333334
0 0.56375 0.248 0.0415 0.021333333333333333
0 0.5625 0.24333333333333335 0.041 0.02
0 0.557 0.233 0.035 0.018
0 0.6885 0.285 0.032 0.019333333333333334
0 0.68875 0.274 0.0465 0.021333333333333333
0 0.69025 0.2683333333333333 0.0485 0.023333333333333334
0 0.64975 0.25733333333333336 0.0235 0.021333333333333333
3 0.65475 0.238 0.0175 0.021333333333333333
3 0.691 0.257 0.038 0.020666666666666667
3 0.68925 0.25366666666666665 0.0365 0.020666666666666667
3 0.5695 0.228 0.03 0.02
3 0.635 0.22933333333333333 0.014 0.021333333333333333
0 0.6915 0.24433333333333335 0.041 0.020666666666666667
3 0.69025 0.239 0.0365 0.022
3 0.6875 0.23366666666666666 0.037 0.023333333333333334
3 0.6845 0.23 0.036 0.021333333333333333
3 0.6785 0.225 0.038 0.018
3 0.68625 0.22066666666666668 0.0275 0.017333333333333333
3 0.6885 0.218 0.027 0.016
3 0.6875 0.21666666666666667 0.026 0.016
3 0.6845 0.213 0.029 0.018
3 0.68875 0.206 0.0275 0.014666666666666666
3 0.68575 0.20366666666666666 0.0245 0.015333333333333332
0 0.68425 0.20333333333333334 0.0295 0.016
0 0.68225 0.19966666666666666 0.0255 0.015333333333333332
0 0.68475 0.19566666666666666 0.0295 0.016666666666666666
3 0.6885 0.189 0.03 0.015333333333333332
3 0.68825 0.185 0.0215 0.012666666666666666
3 0.686 0.16733333333333333 0.021 0.012
0 0.68075 0.181 0.0215 0.012666666666666666
0 0.6835 0.15766666666666668 0.017 0.011333333333333334
1 0.6645 0.156 0.014 0.018666666666666668
1 0.63775 0.15566666666666668 0.0105 0.018
1 0.59025 0.21166666666666667 0.0445 0.035333333333333335
0 0.6005 0.20366666666666666 0.029 0.012666666666666666
0 0.60525 0.19966666666666666 0.0245 0.014
3 0.605 0.194 0.027 0.016
0 0.60575 0.19266666666666668 0.0285 0.013333333333333334
3 0.6065 0.18366666666666667 0.033 0.019333333333333334
0 0.61225 0.18266666666666667 0.0255 0.014666666666666666
3 0.62025 0.16966666666666666 0.0185 0.012666666666666666
0 0.62175 0.166 0.0205 0.009333333333333334
3 0.62375 0.15633333333333332 0.0085 0.012666666666666666
