0 0.3387265135699374 0.3390538033395176 0.016701461377870562 0.02504638218923933
0 0.41597077244258873 0.3715213358070501 0.017745302713987474 0.030612244897959183
0 0.4188413361169102 0.43413729128014844 0.02139874739039666 0.03896103896103896
0 0.46998956158663885 0.41883116883116883 0.01722338204592902 0.039888682745825604
0 0.45668058455114824 0.5078849721706865 0.024008350730688934 0.038033395176252316
0 0.4846033402922756 0.4902597402597403 0.0255741127348643 0.039888682745825604
0 0.5018267223382046 0.40862708719851576 0.03392484342379958 0.030612244897959183
0 0.5052192066805845 0.5398886827458256 0.027139874739039668 0.05380333951762523
0 0.5474947807933194 0.7082560296846011 0.0407098121085595 0.075139146567718
0 0.6247390396659708 0.6785714285714286 0.037578288100208766 0.06957328385899815
0 0.7254697286012526 0.6219851576994434 0.05010438413361169 0.03432282003710575
0 0.7727035490605428 0.5950834879406308 0.048538622129436326 0.041743970315398886
0 0.6143006263048016 0.9545454545454546 0.049060542797494784 0.08905380333951762
0 0.5474947807933194 0.9633580705009277 0.04175365344467641 0.07142857142857142
