0 0.5996428571428571 0.960952380952381 0.03785714285714286 0.07809523809523809
0 0.38321428571428573 0.02 0.04214285714285714 0.04
0 0.5007142857142857 0.03 0.025714285714285714 0.058095238095238096
0 0.5089285714285714 0.09476190476190476 0.02214285714285714 0.04476190476190476
0 0.5232142857142857 0.24619047619047618 0.029285714285714286 0.06952380952380953
0 0.5321428571428571 0.3271428571428571 0.02857142857142857 0.07523809523809524
0 0.5460714285714285 0.41904761904761906 0.03214285714285714 0.0761904761904762
0 0.6632142857142858 0.5476190476190477 0.07357142857142857 0.047619047619047616
0 0.7282142857142857 0.6771428571428572 0.06785714285714285 0.04380952380952381
0 0.8075 0.6747619047619048 0.065 0.037142857142857144
