0 0.7708768267223383 0.6646567717996289 0.08559498956158663 0.06771799628942486
0 0.5811586638830898 0.39888682745825604 0.02348643006263048 0.04267161410018553
0 0.09733820459290188 0.7564935064935064 0.0975991649269311 0.07328385899814471
0 0.3804801670146138 0.6544526901669759 0.07933194154488518 0.06771799628942486
3 0.49086638830897705 0.602504638218924 0.0652400835073069 0.08998144712430427
3 0.45563674321503134 0.48886827458256027 0.059498956158663886 0.04823747680890538
1 0.6403966597077244 0.3631725417439703 0.03549060542797495 0.11038961038961038
1 0.5683716075156576 0.26484230055658625 0.015657620041753653 0.03432282003710575
3 0.5897703549060542 0.1794990723562152 0.005219206680584551 0.013914656771799629
1 0.6231732776617954 0.25742115027829315 0.010438413361169102 0.023191094619666047
1 0.5884655532359081 0.12198515769944342 0.005741127348643006 0.013914656771799629
0 0.4866910229645094 0.4554730983302412 0.0360125260960334 0.03710575139146568
0 0.4264091858037578 0.5932282003710575 0.06889352818371608 0.04916512059369202
3 0.42484342379958245 0.5547309833024119 0.05323590814196242 0.03339517625231911
0 0.8248956158663883 0.5157699443413729 0.06419624217118998 0.04452690166975881
