0 0.8107142857142857 0.5904761904761905 0.03428571428571429 0.07428571428571429
0 0.9689285714285715 0.829047619047619 0.05928571428571429 0.09047619047619047
0 0.9514285714285714 0.09761904761904762 0.03 0.06380952380952382
0 0.7614285714285715 0.4780952380952381 0.047142857142857146 0.06666666666666667
3 0.6785714285714286 0.7433333333333333 0.05 0.08095238095238096
0 0.4832142857142857 0.969047619047619 0.03357142857142857 0.06190476190476191
1 0.5575 0.43142857142857144 0.03785714285714286 0.09714285714285714
0 0.44035714285714284 0.42523809523809525 0.04214285714285714 0.04857142857142857
0 0.42392857142857143 0.3995238095238095 0.035 0.04285714285714286
0 0.5217857142857143 0.28904761904761905 0.02214285714285714 0.06
0 0.4160714285714286 0.36238095238095236 0.03357142857142857 0.06190476190476191
0 0.4017857142857143 0.29428571428571426 0.035 0.06857142857142857
0 0.5089285714285714 0.14 0.029285714285714286 0.05333333333333334
0 0.47464285714285714 0.048095238095238094 0.030714285714285715 0.04666666666666667
0 0.2982142857142857 0.6938095238095238 0.04642857142857143 0.06380952380952382
3 0.2621428571428571 0.19333333333333333 0.03857142857142857 0.06476190476190476
