1 0.7938413361169102 0.33163265306122447 0.12317327766179541 0.21614100185528756
0 0.30167014613778703 0.9698515769944341 0.09394572025052192 0.05844155844155844
0 0.28340292275574114 0.8719851576994434 0.08455114822546973 0.10946196660482375
0 0.28653444676409184 0.7796846011131725 0.07411273486430063 0.06957328385899815
0 0.29227557411273486 0.4995361781076067 0.059498956158663886 0.05287569573283859
0 0.30349686847599167 0.32421150278293137 0.049582463465553235 0.04359925788497217
0 0.30845511482254695 0.2917439703153989 0.049060542797494784 0.036178107606679034
1 0.4318893528183716 0.019016697588126158 0.03288100208768267 0.030612244897959183
0 0.43502087682672236 0.04823747680890538 0.030793319415448852 0.025974025974025976
0 0.44441544885177453 0.09322820037105752 0.031837160751565764 0.03432282003710575
1 0.4647703549060543 0.2166048237476809 0.03496868475991649 0.11966604823747681
3 0.48329853862212946 0.3492578849721707 0.04175365344467641 0.05844155844155844
0 0.4814718162839248 0.3817254174397032 0.048538622129436326 0.05473098330241188
0 0.48408141962421714 0.42393320964749537 0.048538622129436326 0.059369202226345084
0 0.5026096033402923 0.4782003710575139 0.054279749478079335 0.0640074211502783
0 0.5125260960334029 0.5199443413729128 0.055323590814196244 0.06957328385899815
0 0.5237473903966597 0.5811688311688312 0.048538622129436326 0.06029684601113173
3 0.5302713987473904 0.62430426716141 0.05323590814196242 0.08163265306122448
3 0.5331419624217119 0.6887755102040817 0.05793319415448852 0.0862708719851577
