0 0.11607142857142858 0.8414285714285714 0.145 0.22380952380952382
0 0.7957142857142857 0.8819047619047619 0.24714285714285714 0.2361904761904762
3 0.9442857142857143 0.8895238095238095 0.11142857142857143 0.1980952380952381
0 0.7503571428571428 0.7180952380952381 0.17785714285714285 0.17904761904761904
0 0.6335714285714286 0.45380952380952383 0.10571428571428572 0.11333333333333333
3 0.48178571428571426 0.48523809523809525 0.11642857142857142 0.12285714285714286
0 0.6460714285714285 0.3261904761904762 0.08071428571428571 0.10380952380952381
0 0.4042857142857143 0.3861904761904762 0.13 0.08476190476190476
0 0.20392857142857143 0.016666666666666666 0.047857142857142855 0.029523809523809525
0 0.18571428571428572 0.03333333333333333 0.06428571428571428 0.03238095238095238
0 0.1875 0.05285714285714286 0.045 0.04666666666666667
0 0.2057142857142857 0.07238095238095238 0.06571428571428571 0.05904761904761905
0 0.21678571428571428 0.09047619047619047 0.06642857142857143 0.05714285714285714
0 0.23892857142857143 0.09476190476190476 0.07214285714285715 0.06190476190476191
0 0.29178571428571426 0.13095238095238096 0.07928571428571428 0.06571428571428571
0 0.27785714285714286 0.35285714285714287 0.09142857142857143 0.08857142857142856
0 0.12642857142857142 0.3961904761904762 0.08571428571428572 0.09333333333333334
3 0.24107142857142858 0.30333333333333334 0.06785714285714285 0.08476190476190476
0 0.19178571428571428 0.25857142857142856 0.07357142857142857 0.07142857142857142
0 0.09178571428571429 0.16666666666666666 0.05785714285714286 0.05523809523809524
0 0.05 0.14095238095238094 0.05857142857142857 0.05904761904761905
0 0.024642857142857143 0.11 0.04928571428571429 0.054285714285714284
