0 0.24571428571428572 0.13714285714285715 0.01 0.01904761904761905
0 0.24357142857142858 0.14761904761904762 0.012857142857142857 0.017142857142857144
0 0.2417857142857143 0.16380952380952382 0.015 0.017142857142857144
0 0.23857142857142857 0.18285714285714286 0.015714285714285715 0.02095238095238095
0 0.22 0.19904761904761906 0.02 0.022857142857142857
0 0.25857142857142856 0.17952380952380953 0.014285714285714285 0.02
0 0.2571428571428571 0.16333333333333333 0.011428571428571429 0.018095238095238095
0 0.24892857142857142 0.13476190476190475 0.009285714285714286 0.014285714285714285
0 0.19714285714285715 0.19523809523809524 0.02 0.022857142857142857
0 0.205 0.25523809523809526 0.03142857142857143 0.04
0 0.2417857142857143 0.24142857142857144 0.017857142857142856 0.025714285714285714
0 0.24071428571428571 0.26761904761904765 0.022857142857142857 0.03238095238095238
0 0.22785714285714287 0.3438095238095238 0.04 0.045714285714285714
0 0.11714285714285715 0.32571428571428573 0.045714285714285714 0.05142857142857143
0 0.0875 0.36333333333333334 0.05785714285714286 0.06380952380952382
0 0.05607142857142857 0.4166666666666667 0.07214285714285715 0.07523809523809524
0 0.029642857142857144 0.4895238095238095 0.05928571428571429 0.08
0 0.2057142857142857 0.44476190476190475 0.06285714285714286 0.08190476190476191
0 0.28535714285714286 0.5671428571428572 0.13642857142857143 0.07333333333333333
0 0.11214285714285714 0.7957142857142857 0.18857142857142858 0.1361904761904762
0 0.3742857142857143 0.8185714285714286 0.07285714285714286 0.06380952380952382
0 0.4782142857142857 0.5395238095238095 0.11928571428571429 0.07714285714285714
0 0.595 0.5295238095238095 0.08285714285714285 0.07428571428571429
0 0.7042857142857143 0.5090476190476191 0.12 0.06952380952380953
0 0.8703571428571428 0.4804761904761905 0.10357142857142858 0.06190476190476191
2 0.8432142857142857 0.6761904761904762 0.31357142857142856 0.2419047619047619
