0 0.4007142857142857 0.490952380952381 0.06714285714285714 0.06761904761904762
0 0.3628571428571429 0.4704761904761905 0.07571428571428572 0.0761904761904762
0 0.495 0.44476190476190475 0.04857142857142857 0.05523809523809524
0 0.012142857142857143 0.43333333333333335 0.024285714285714285 0.049523809523809526
0 0.10285714285714286 0.3985714285714286 0.07285714285714286 0.05238095238095238
0 0.21357142857142858 0.44285714285714284 0.09142857142857143 0.05333333333333334
0 0.3107142857142857 0.4023809523809524 0.07285714285714286 0.054285714285714284
0 0.3682142857142857 0.36523809523809525 0.08357142857142857 0.04285714285714286
0 0.5442857142857143 0.36952380952380953 0.04857142857142857 0.04380952380952381
0 0.5917857142857142 0.34904761904761905 0.045 0.037142857142857144
0 0.05071428571428571 0.319047619047619 0.06142857142857143 0.0419047619047619
0 0.019642857142857142 0.2938095238095238 0.03785714285714286 0.04285714285714286
0 0.09392857142857143 0.30904761904761907 0.056428571428571425 0.04285714285714286
0 0.05107142857142857 0.2866666666666667 0.047857142857142855 0.03619047619047619
0 0.06964285714285715 0.24476190476190476 0.05357142857142857 0.03238095238095238
0 0.038214285714285715 0.23761904761904762 0.052142857142857144 0.03142857142857143
0 0.023214285714285715 0.2361904761904762 0.045 0.03238095238095238
3 0.13607142857142857 0.3761904761904762 0.05785714285714286 0.047619047619047616
0 0.16071428571428573 0.36857142857142855 0.045714285714285714 0.045714285714285714
0 0.18142857142857144 0.3466666666666667 0.05714285714285714 0.045714285714285714
0 0.21892857142857142 0.33666666666666667 0.047857142857142855 0.04285714285714286
0 0.16035714285714286 0.31142857142857144 0.05071428571428571 0.04380952380952381
0 0.1332142857142857 0.2752380952380952 0.060714285714285714 0.03428571428571429
0 0.1775 0.2838095238095238 0.055 0.03428571428571429
0 0.41 0.30047619047619045 0.03428571428571429 0.03333333333333333
3 0.48892857142857143 0.32142857142857145 0.045 0.039047619047619046
3 0.9764285714285714 0.6614285714285715 0.047142857142857146 0.18761904761904763
0 0.7714285714285715 0.4228571428571429 0.04 0.05904761904761905
0 0.9085714285714286 0.46476190476190476 0.037142857142857144 0.05333333333333334
3 0.7660714285714286 0.32904761904761903 0.035 0.03333333333333333
3 0.8196428571428571 0.2742857142857143 0.02642857142857143 0.03428571428571429
0 0.785 0.3138095238095238 0.025714285714285714 0.02
0 0.8014285714285714 0.29523809523809524 0.022857142857142857 0.030476190476190476
0 0.8396428571428571 0.26285714285714284 0.017857142857142856 0.02666666666666667
0 0.8525 0.2509523809523809 0.015 0.02
0 0.8642857142857143 0.24095238095238095 0.017142857142857144 0.015238095238095238
3 0.8721428571428571 0.2276190476190476 0.018571428571428572 0.02095238095238095
