3 0.9425 0.7595238095238095 0.115 0.22380952380952382
3 0.8367857142857142 0.4423809523809524 0.10357142857142858 0.16666666666666666
0 0.47928571428571426 0.7114285714285714 0.08 0.21904761904761905
0 0.4907142857142857 0.49333333333333335 0.05857142857142857 0.14285714285714285
3 0.32357142857142857 0.37714285714285717 0.06714285714285714 0.12
0 0.735 0.3661904761904762 0.07 0.12285714285714286
0 0.7785714285714286 0.3238095238095238 0.06571428571428571 0.09714285714285714
0 0.4975 0.36666666666666664 0.05071428571428571 0.10857142857142857
3 0.35928571428571426 0.22666666666666666 0.04857142857142857 0.08190476190476191
0 0.5021428571428571 0.2695238095238095 0.045714285714285714 0.08571428571428572
0 0.4060714285714286 0.18857142857142858 0.07642857142857143 0.05714285714285714
0 0.49857142857142855 0.1919047619047619 0.03857142857142857 0.06761904761904762
1 0.40035714285714286 0.11666666666666667 0.04214285714285714 0.08857142857142856
0 0.5110714285714286 0.08761904761904762 0.02642857142857143 0.04
0 0.5078571428571429 0.05047619047619047 0.02857142857142857 0.04
0 0.4135714285714286 0.0838095238095238 0.02857142857142857 0.0419047619047619
0 0.41964285714285715 0.05333333333333334 0.03214285714285714 0.047619047619047616
0 0.42678571428571427 0.03 0.029285714285714286 0.040952380952380955
3 0.5117857142857143 0.017142857142857144 0.025 0.02857142857142857
0 0.6657142857142857 0.048095238095238094 0.032857142857142856 0.040952380952380955
3 0.6753571428571429 0.0719047619047619 0.023571428571428573 0.040952380952380955
0 0.6771428571428572 0.10095238095238095 0.06571428571428571 0.045714285714285714
0 0.7707142857142857 0.01619047619047619 0.06142857142857143 0.03238095238095238
0 0.7292857142857143 0.13952380952380952 0.08285714285714285 0.04666666666666667
3 0.7317857142857143 0.18714285714285714 0.04928571428571429 0.06761904761904762
0 0.8289285714285715 0.22142857142857142 0.045 0.06761904761904762
0 0.9007142857142857 0.1823809523809524 0.07857142857142857 0.05619047619047619
