0 0.745 0.6878172588832487 0.05285714285714286 0.03553299492385787
0 0.38035714285714284 0.18591370558375633 0.013571428571428571 0.02918781725888325
0 0.38642857142857145 0.22461928934010153 0.014285714285714285 0.03553299492385787
0 0.37285714285714283 0.43718274111675126 0.015714285714285715 0.03934010152284264
0 0.3703571428571429 0.5774111675126904 0.017857142857142856 0.050761421319796954
3 0.3632142857142857 0.8166243654822335 0.02214285714285714 0.09517766497461928
3 0.37392857142857144 0.5044416243654822 0.017857142857142856 0.06472081218274112
3 0.36964285714285716 0.14911167512690354 0.019285714285714285 0.03934010152284264
3 0.3335714285714286 0.11611675126903553 0.025714285714285714 0.021573604060913704
3 0.29892857142857143 0.09708121827411167 0.025 0.031725888324873094
3 0.3732142857142857 0.3680203045685279 0.017857142857142856 0.0532994923857868
3 0.36857142857142855 0.6637055837563451 0.02 0.07614213197969544
0 0.3757142857142857 0.31852791878172587 0.017142857142857144 0.03553299492385787
0 0.37714285714285717 0.2760152284263959 0.015714285714285715 0.03680203045685279
2 0.5596428571428571 0.9308375634517766 0.05357142857142857 0.13578680203045684
2 0.49964285714285717 0.012690355329949238 0.017857142857142856 0.025380710659898477
0 0.5335714285714286 0.005710659898477157 0.011428571428571429 0.011421319796954314
