0 0.02642857142857143 0.8305837563451777 0.037142857142857144 0.09517766497461928
3 0.31607142857142856 0.04568527918781726 0.027857142857142858 0.0583756345177665
0 0.04428571428571428 0.044416243654822336 0.03571428571428571 0.03553299492385787
0 0.05285714285714286 0.028553299492385786 0.03428571428571429 0.03680203045685279
0 0.3517857142857143 0.958756345177665 0.04357142857142857 0.0799492385786802
0 0.32321428571428573 0.9644670050761421 0.039285714285714285 0.06852791878172589
0 0.4228571428571429 0.9644670050761421 0.04428571428571428 0.06852791878172589
0 0.3975 0.983502538071066 0.030714285714285715 0.030456852791878174
0 0.2935714285714286 0.9815989847715736 0.03142857142857143 0.03426395939086294
0 0.37142857142857144 0.9206852791878173 0.041428571428571426 0.10532994923857868
1 0.4421428571428571 0.9251269035532995 0.07285714285714286 0.14720812182741116
0 0.4089285714285714 0.7887055837563451 0.05357142857142857 0.07741116751269035
0 0.4342857142857143 0.8102791878172588 0.041428571428571426 0.06218274111675127
2 0.39357142857142857 0.6782994923857868 0.13285714285714287 0.18401015228426396
0 0.43142857142857144 0.7125634517766497 0.05285714285714286 0.0799492385786802
0 0.4567857142857143 0.7354060913705583 0.05357142857142857 0.07741116751269035
0 0.47464285714285714 0.7671319796954315 0.047857142857142855 0.07233502538071065
0 0.4157142857142857 0.5970812182741116 0.04285714285714286 0.06979695431472081
0 0.7957142857142857 0.9321065989847716 0.054285714285714284 0.07487309644670051
0 0.9239285714285714 0.7766497461928934 0.045 0.06345177664974619
2 0.6653571428571429 0.5678934010152284 0.10642857142857143 0.20431472081218274
2 0.6178571428571429 0.5666243654822335 0.06714285714285714 0.13578680203045684
1 0.5660714285714286 0.625 0.055 0.12309644670050761
2 0.5364285714285715 0.4714467005076142 0.09 0.18908629441624367
2 0.4717857142857143 0.36421319796954316 0.047857142857142855 0.10913705583756345
2 0.3382142857142857 0.03489847715736041 0.039285714285714285 0.06979695431472081
0 0.17785714285714285 0.028553299492385786 0.03 0.05203045685279188
0 0.1975 0.03553299492385787 0.02642857142857143 0.04568527918781726
0 0.52 0.31091370558375636 0.03428571428571429 0.06091370558375635
0 0.4757142857142857 0.2303299492385787 0.032857142857142856 0.05710659898477157
0 0.5539285714285714 0.37119289340101524 0.03642857142857143 0.06979695431472081
0 0.5935714285714285 0.4467005076142132 0.03857142857142857 0.07360406091370558
0 0.47535714285714287 0.2836294416243655 0.03214285714285714 0.06218274111675127
0 0.5039285714285714 0.35215736040609136 0.03642857142857143 0.06725888324873096
0 0.5592857142857143 0.45685279187817257 0.03571428571428571 0.07360406091370558
0 0.3417857142857143 0.10025380710659898 0.02642857142857143 0.0532994923857868
0 0.36678571428571427 0.14022842639593908 0.029285714285714286 0.05203045685279188
0 0.3896428571428571 0.18781725888324874 0.029285714285714286 0.0583756345177665
1 0.4164285714285714 0.23921319796954316 0.03571428571428571 0.08756345177664974
3 0.43785714285714283 0.21446700507614214 0.03428571428571429 0.07106598984771574
3 0.4032142857142857 0.15038071065989847 0.030714285714285715 0.06218274111675127
3 0.43 0.13705583756345177 0.03 0.06345177664974619
3 0.4042857142857143 0.09390862944162437 0.027142857142857142 0.06345177664974619
3 0.36714285714285716 0.08185279187817258 0.02857142857142857 0.06218274111675127
0 0.4810714285714286 0.46256345177664976 0.03214285714285714 0.07487309644670051
0 0.5135714285714286 0.5374365482233503 0.037142857142857144 0.07487309644670051
0 0.011428571428571429 0.07233502538071065 0.022857142857142857 0.03299492385786802
