0 0.017 0.9266666666666666 0.034 0.05333333333333334
0 0.03075 0.8733333333333333 0.0615 0.05333333333333334
0 0.0725 0.833 0.075 0.05266666666666667
0 0.10575 0.8053333333333333 0.0605 0.034666666666666665
0 0.12725 0.7786666666666666 0.0615 0.03866666666666667
0 0.16325 0.7416666666666667 0.0255 0.038
0 0.22675 0.7846666666666666 0.0335 0.05733333333333333
0 0.09725 0.742 0.0265 0.03866666666666667
0 0.09875 0.7046666666666667 0.0215 0.03333333333333333
0 0.061 0.727 0.029 0.03266666666666666
0 0.02875 0.7396666666666667 0.0395 0.034
0 0.01625 0.7883333333333333 0.0325 0.042
0 0.16925 0.708 0.0215 0.03333333333333333
0 0.1985 0.6663333333333333 0.018 0.04466666666666667
0 0.24775 0.7136666666666667 0.0195 0.038
0 0.268 0.748 0.061 0.034666666666666665
0 0.30775 0.725 0.0485 0.034
0 0.277 0.774 0.058 0.04133333333333333
0 0.2835 0.7936666666666666 0.066 0.04733333333333333
0 0.28475 0.8376666666666667 0.0645 0.078
0 0.50475 0.8823333333333333 0.0415 0.07933333333333334
0 0.11425 0.5793333333333334 0.0215 0.02266666666666667
0 0.0825 0.556 0.017 0.02
0 0.1735 0.6693333333333333 0.02 0.025333333333333333
0 0.24825 0.6566666666666666 0.0165 0.030666666666666665
0 0.24425 0.633 0.0175 0.024666666666666667
0 0.242 0.6103333333333333 0.016 0.022
0 0.23975 0.592 0.0145 0.018666666666666668
0 0.23675 0.573 0.0135 0.015333333333333332
0 0.2355 0.5583333333333333 0.012 0.015333333333333332
0 0.23325 0.5443333333333333 0.0105 0.015333333333333332
0 0.2325 0.5286666666666666 0.011 0.012
0 0.23 0.513 0.008 0.011333333333333334
0 0.0975 0.5263333333333333 0.021 0.012666666666666666
0 0.1015 0.5313333333333333 0.017 0.012
0 0.109 0.5333333333333333 0.017 0.012
0 0.11375 0.5366666666666666 0.0155 0.012
0 0.1195 0.5413333333333333 0.022 0.014666666666666666
0 0.17725 0.632 0.0205 0.030666666666666665
0 0.1785 0.6113333333333333 0.022 0.024
0 0.18125 0.597 0.0185 0.020666666666666667
0 0.185 0.5766666666666667 0.017 0.02266666666666667
0 0.18725 0.5636666666666666 0.0155 0.018
0 0.1915 0.5363333333333333 0.013 0.023333333333333334
0 0.19575 0.5113333333333333 0.0105 0.012
0 0.211 0.514 0.009 0.013333333333333334
0 0.228 0.49833333333333335 0.01 0.011333333333333334
0 0.228 0.49266666666666664 0.008 0.009333333333333334
0 0.228 0.4866666666666667 0.007 0.008
0 0.2275 0.47633333333333333 0.006 0.011333333333333334
0 0.227 0.4656666666666667 0.006 0.011333333333333334
0 0.226 0.454 0.006 0.009333333333333334
0 0.2255 0.448 0.005 0.005333333333333333
0 0.224 0.443 0.004 0.006
0 0.2235 0.43533333333333335 0.003 0.005333333333333333
0 0.16625 0.4706666666666667 0.0155 0.009333333333333334
0 0.15925 0.47 0.0145 0.009333333333333334
0 0.14975 0.4673333333333333 0.0135 0.008
1 0.52925 0.7726666666666666 0.0575 0.044
3 0.574 0.7916666666666666 0.046 0.058
3 0.6135 0.844 0.06 0.068
0 0.69325 0.9023333333333333 0.0675 0.056666666666666664
0 0.905 0.8183333333333334 0.056 0.046
0 0.977 0.7796666666666666 0.046 0.043333333333333335
3 0.96025 0.854 0.0775 0.068
3 0.96575 0.8783333333333333 0.0655 0.05533333333333333
3 0.85775 0.729 0.0605 0.04466666666666667
0 0.9105 0.706 0.042 0.03333333333333333
0 0.9125 0.6946666666666667 0.054 0.034666666666666665
0 0.935 0.692 0.06 0.037333333333333336
0 0.95775 0.6873333333333334 0.0555 0.036
0 0.86325 0.591 0.0285 0.024666666666666667
0 0.909 0.5846666666666667 0.036 0.02266666666666667
0 0.922 0.61 0.039 0.02666666666666667
0 0.9745 0.6276666666666667 0.044 0.03133333333333333
0 0.97625 0.5866666666666667 0.0395 0.018666666666666668
0 0.9025 0.5543333333333333 0.031 0.015333333333333332
3 0.80475 0.532 0.0225 0.016
3 0.76775 0.554 0.0245 0.016
3 0.91 0.9683333333333334 0.074 0.06333333333333334
3 0.3255 0.9146666666666666 0.072 0.068
0 0.66275 0.4886666666666667 0.0195 0.012
0 0.604 0.4706666666666667 0.014 0.010666666666666666
0 0.63175 0.4553333333333333 0.0125 0.008
0 0.619 0.456 0.013 0.009333333333333334
0 0.5975 0.4533333333333333 0.013 0.008
0 0.5845 0.45466666666666666 0.011 0.009333333333333334
0 0.6645 0.453 0.012 0.008666666666666666
0 0.62925 0.4493333333333333 0.0085 0.006666666666666667
0 0.5525 0.465 0.011 0.01
0 0.46825 0.49066666666666664 0.0115 0.013333333333333334
2 0.44925 0.4816666666666667 0.0195 0.022
0 0.443 0.5276666666666666 0.019 0.011333333333333334
1 0.4005 0.509 0.037 0.016666666666666666
0 0.36675 0.49133333333333334 0.0195 0.009333333333333334
0 0.393 0.49066666666666664 0.02 0.009333333333333334
1 0.38125 0.481 0.0205 0.012666666666666666
0 0.4305 0.476 0.017 0.008
0 0.42 0.4693333333333333 0.016 0.009333333333333334
1 0.4135 0.46266666666666667 0.017 0.008
0 0.40775 0.46 0.0125 0.008
0 0.4005 0.4573333333333333 0.01 0.006666666666666667
1 0.38775 0.44733333333333336 0.0165 0.010666666666666666
1 0.3845 0.44533333333333336 0.019 0.014666666666666666
