0 0.07571428571428572 0.9428571428571428 0.055714285714285716 0.11428571428571428
0 0.7403571428571428 0.9628571428571429 0.095 0.07428571428571429
3 0.7135714285714285 0.9057142857142857 0.08428571428571428 0.07809523809523809
0 0.6928571428571428 0.8328571428571429 0.09 0.08476190476190476
0 0.6692857142857143 0.7704761904761904 0.08857142857142856 0.08190476190476191
0 0.8960714285714285 0.8033333333333333 0.095 0.09619047619047619
0 0.6264285714285714 0.6376190476190476 0.09285714285714286 0.08095238095238096
0 0.6107142857142858 0.5761904761904761 0.07857142857142857 0.0838095238095238
3 0.5821428571428572 0.5195238095238095 0.07 0.06380952380952382
0 0.47714285714285715 0.540952380952381 0.09428571428571429 0.0761904761904762
0 0.56 0.4604761904761905 0.08428571428571428 0.06190476190476191
0 0.5403571428571429 0.3985714285714286 0.08071428571428571 0.06
0 0.5310714285714285 0.3519047619047619 0.08214285714285714 0.06571428571428571
0 0.7339285714285714 0.38285714285714284 0.07928571428571428 0.08571428571428572
0 0.6557142857142857 0.21666666666666667 0.07714285714285714 0.06952380952380953
0 0.4735714285714286 0.14761904761904762 0.07428571428571429 0.07047619047619047
0 0.4617857142857143 0.0980952380952381 0.07642857142857143 0.06476190476190476
0 0.4492857142857143 0.05333333333333334 0.07142857142857142 0.05333333333333334
0 0.4357142857142857 0.02095238095238095 0.07428571428571429 0.0419047619047619
