0 0.09642857142857143 0.950507614213198 0.03 0.0583756345177665
3 0.40785714285714286 0.9574873096446701 0.022857142857142857 0.05710659898477157
3 0.4442857142857143 0.9568527918781726 0.02 0.0532994923857868
0 0.49392857142857144 0.9676395939086294 0.02214285714285714 0.06218274111675127
0 0.4685714285714286 0.9530456852791879 0.02142857142857143 0.06598984771573604
2 0.5292857142857142 0.9200507614213198 0.03142857142857143 0.08629441624365482
3 0.6417857142857143 0.9847715736040609 0.023571428571428573 0.027918781725888325
1 0.7285714285714285 0.7899746192893401 0.027142857142857142 0.05964467005076142
0 0.7032142857142857 0.7607868020304569 0.02214285714285714 0.044416243654822336
0 0.12142857142857143 0.876269035532995 0.027142857142857142 0.05203045685279188
1 0.9507142857142857 0.4460659898477157 0.018571428571428572 0.05456852791878172
0 0.9378571428571428 0.36928934010152287 0.03 0.030456852791878174
2 0.92 0.18401015228426396 0.04 0.07614213197969544
2 0.8964285714285715 0.0901015228426396 0.03428571428571429 0.06598984771573604
2 0.9142857142857143 0.04758883248730964 0.02857142857142857 0.05964467005076142
3 0.8989285714285714 0.04378172588832487 0.013571428571428571 0.024111675126903553
3 0.8453571428571428 0.05520304568527919 0.016428571428571428 0.024111675126903553
0 0.8535714285714285 0.08883248730964467 0.011428571428571429 0.02030456852791878
3 0.7964285714285714 0.20939086294416243 0.015714285714285715 0.030456852791878174
3 0.7571428571428571 0.19035532994923857 0.015714285714285715 0.030456852791878174
0 0.7482142857142857 0.12880710659898478 0.013571428571428571 0.021573604060913704
3 0.7582142857142857 0.02982233502538071 0.016428571428571428 0.021573604060913704
0 0.7814285714285715 0.28109137055837563 0.027142857142857142 0.024111675126903553
1 0.6210714285714286 0.13642131979695432 0.052142857142857144 0.05203045685279188
0 0.5146428571428572 0.08185279187817258 0.020714285714285713 0.021573604060913704
3 0.7189285714285715 0.33248730964467005 0.016428571428571428 0.03299492385786802
3 0.6978571428571428 0.44352791878172587 0.02 0.044416243654822336
2 0.7314285714285714 0.5057106598984772 0.05 0.10532994923857868
3 0.6660714285714285 0.5989847715736041 0.02214285714285714 0.04568527918781726
3 0.5789285714285715 0.407994923857868 0.017857142857142856 0.03934010152284264
0 0.5639285714285714 0.5241116751269036 0.016428571428571428 0.03807106598984772
0 0.6046428571428571 0.2430203045685279 0.013571428571428571 0.021573604060913704
0 0.5967857142857143 0.3032994923857868 0.016428571428571428 0.027918781725888325
3 0.5832142857142857 0.22906091370558376 0.016428571428571428 0.03426395939086294
3 0.5839285714285715 0.27982233502538073 0.017857142857142856 0.02918781725888325
3 0.5542857142857143 0.24048223350253808 0.017142857142857144 0.02918781725888325
0 0.5675 0.2151015228426396 0.012142857142857143 0.024111675126903553
3 0.5482142857142858 0.20939086294416243 0.016428571428571428 0.027918781725888325
3 0.5292857142857142 0.19733502538071065 0.018571428571428572 0.02918781725888325
0 0.5314285714285715 0.23477157360406092 0.015714285714285715 0.02284263959390863
0 0.5596428571428571 0.3293147208121827 0.016428571428571428 0.0266497461928934
0 0.54 0.3743654822335025 0.015714285714285715 0.027918781725888325
0 0.5207142857142857 0.3026649746192893 0.017142857142857144 0.0266497461928934
0 0.49857142857142855 0.24936548223350255 0.017142857142857144 0.024111675126903553
0 0.5353571428571429 0.3280456852791878 0.016428571428571428 0.02918781725888325
3 0.5560714285714285 0.2823604060913706 0.016428571428571428 0.0266497461928934
3 0.5392857142857143 0.26649746192893403 0.018571428571428572 0.027918781725888325
3 0.48214285714285715 0.282994923857868 0.014285714285714285 0.02284263959390863
3 0.48964285714285716 0.3229695431472081 0.015 0.03426395939086294
0 0.43 0.35215736040609136 0.015714285714285715 0.031725888324873094
3 0.39071428571428574 0.5774111675126904 0.017142857142857144 0.04314720812182741
3 0.42678571428571427 0.7772842639593909 0.019285714285714285 0.046954314720812185
3 0.5657142857142857 0.6732233502538071 0.017142857142857144 0.046954314720812185
0 0.5564285714285714 0.7709390862944162 0.02142857142857143 0.05456852791878172
0 0.5325 0.8407360406091371 0.023571428571428573 0.05710659898477157
3 0.15285714285714286 0.7601522842639594 0.027142857142857142 0.0532994923857868
0 0.1717857142857143 0.6935279187817259 0.020714285714285713 0.04949238578680203
0 0.18357142857142858 0.633248730964467 0.02 0.04060913705583756
0 0.1975 0.5780456852791879 0.017857142857142856 0.03680203045685279
0 0.21 0.5152284263959391 0.015714285714285715 0.03553299492385787
0 0.2175 0.46446700507614214 0.016428571428571428 0.03299492385786802
0 0.3003571428571429 0.2950507614213198 0.015 0.0266497461928934
3 0.22785714285714287 0.41878172588832485 0.014285714285714285 0.03553299492385787
2 0.22964285714285715 0.3401015228426396 0.020714285714285713 0.08629441624365482
0 0.3992857142857143 0.01713197969543147 0.02 0.01903553299492386
2 0.19357142857142856 0.07677664974619289 0.027142857142857142 0.05710659898477157
2 0.27285714285714285 0.12944162436548223 0.03571428571428571 0.02284263959390863
2 0.22357142857142856 0.1199238578680203 0.02857142857142857 0.05710659898477157
2 0.2175 0.0799492385786802 0.019285714285714285 0.04568527918781726
2 0.19857142857142857 0.04631979695431472 0.02142857142857143 0.05456852791878172
2 0.23107142857142857 0.022208121827411168 0.04642857142857143 0.031725888324873094
2 0.23607142857142857 0.031091370558375634 0.035 0.02918781725888325
2 0.2382142857142857 0.04631979695431472 0.029285714285714286 0.02918781725888325
2 0.24 0.05456852791878172 0.045714285714285714 0.03807106598984772
2 0.255 0.07360406091370558 0.05142857142857143 0.03553299492385787
2 0.2667857142857143 0.08565989847715735 0.027857142857142858 0.02918781725888325
2 0.2592857142857143 0.09454314720812183 0.05 0.03426395939086294
2 0.2671428571428571 0.10469543147208121 0.047142857142857146 0.03426395939086294
2 0.27214285714285713 0.1148477157360406 0.047142857142857146 0.03426395939086294
