0 0.43392857142857144 0.7614213197969543 0.030714285714285715 0.10152284263959391
0 0.4425 0.6408629441624365 0.027857142857142858 0.07614213197969544
0 0.5085714285714286 0.342005076142132 0.017142857142857144 0.044416243654822336
0 0.5078571428571429 0.29124365482233505 0.017142857142857144 0.03426395939086294
0 0.5082142857142857 0.2569796954314721 0.016428571428571428 0.03680203045685279
0 0.4732142857142857 0.07741116751269035 0.012142857142857143 0.025380710659898477
0 0.5128571428571429 0.8223350253807107 0.025714285714285714 0.09390862944162437
0 0.4617857142857143 0.29251269035532995 0.016428571428571428 0.03934010152284264
0 0.5114285714285715 0.5431472081218274 0.022857142857142857 0.06598984771573604
0 0.51 0.623730964467005 0.02142857142857143 0.06472081218274112
0 0.5132142857142857 0.7062182741116751 0.023571428571428573 0.07741116751269035
0 0.45607142857142857 0.4035532994923858 0.019285714285714285 0.048223350253807105
0 0.4592857142857143 0.33058375634517767 0.015714285714285715 0.046954314720812185
0 0.4714285714285714 0.13451776649746192 0.01 0.027918781725888325
0 0.49 0.14086294416243655 0.011428571428571429 0.04314720812182741
0 0.4967857142857143 0.022208121827411168 0.010714285714285714 0.024111675126903553
3 0.4467857142857143 0.5628172588832487 0.025 0.06725888324873096
3 0.42928571428571427 0.9181472081218274 0.032857142857142856 0.12055837563451777
3 0.5110714285714286 0.4682741116751269 0.017857142857142856 0.06091370558375635
3 0.4657142857142857 0.25 0.015714285714285715 0.03553299492385787
3 0.46785714285714286 0.19733502538071065 0.012857142857142857 0.0266497461928934
0 0.5078571428571429 0.22715736040609136 0.014285714285714285 0.03553299492385787
0 0.5064285714285715 0.16878172588832488 0.012857142857142857 0.03553299492385787
0 0.5139285714285714 0.942258883248731 0.030714285714285715 0.11294416243654823
3 0.4525 0.45621827411167515 0.020714285714285713 0.046954314720812185
3 0.5082142857142857 0.4168781725888325 0.019285714285714285 0.046954314720812185
