0 0.08214285714285714 0.10786802030456853 0.011428571428571429 0.03553299492385787
0 0.07714285714285714 0.3699238578680203 0.012857142857142857 0.046954314720812185
0 0.13357142857142856 0.35723350253807107 0.012857142857142857 0.04187817258883249
0 0.11 0.07233502538071065 0.011428571428571429 0.03807106598984772
0 0.11107142857142857 0.45114213197969544 0.015 0.044416243654822336
3 0.11035714285714286 0.733502538071066 0.023571428571428573 0.07106598984771574
0 0.11 0.8934010152284264 0.015714285714285715 0.06852791878172589
3 0.3375 0.08185279187817258 0.020714285714285713 0.04187817258883249
0 0.45321428571428574 0.4733502538071066 0.016428571428571428 0.04314720812182741
0 0.4657142857142857 0.5260152284263959 0.02142857142857143 0.05456852791878172
0 0.5878571428571429 0.9359137055837563 0.02857142857142857 0.07487309644670051
0 0.5371428571428571 0.7100253807106599 0.024285714285714285 0.07233502538071065
0 0.5646428571428571 0.8426395939086294 0.027857142857142858 0.07868020304568528
0 0.4975 0.7760152284263959 0.025 0.06725888324873096
3 0.5203571428571429 0.9010152284263959 0.023571428571428573 0.08375634517766498
1 0.5378571428571428 0.8521573604060914 0.05142857142857143 0.17639593908629442
1 0.48428571428571426 0.6040609137055838 0.03428571428571429 0.1065989847715736
3 0.4735714285714286 0.666243654822335 0.025714285714285714 0.07614213197969544
