0 0.225 0.979047619047619 0.06 0.0419047619047619
0 0.40964285714285714 0.820952380952381 0.035 0.10666666666666667
0 0.16392857142857142 0.9166666666666666 0.08071428571428571 0.11904761904761904
0 0.255 0.6571428571428571 0.06285714285714286 0.08
0 0.205 0.590952380952381 0.05857142857142857 0.07523809523809524
0 0.15642857142857142 0.5242857142857142 0.054285714285714284 0.07142857142857142
1 0.10607142857142857 0.45904761904761904 0.06357142857142857 0.07238095238095238
0 0.031785714285714285 0.36047619047619045 0.05071428571428571 0.06
0 0.0125 0.31857142857142856 0.025 0.05238095238095238
0 0.10285714285714286 0.3476190476190476 0.055714285714285716 0.06857142857142857
0 0.17535714285714285 0.34 0.055 0.06095238095238095
0 0.19357142857142856 0.24666666666666667 0.04857142857142857 0.049523809523809526
0 0.23392857142857143 0.22333333333333333 0.04642857142857143 0.04857142857142857
1 0.2664285714285714 0.18761904761904763 0.04857142857142857 0.05142857142857143
1 0.3867857142857143 0.29333333333333333 0.07642857142857143 0.08
0 0.08714285714285715 0.02238095238095238 0.037142857142857144 0.035238095238095235
0 0.11785714285714285 0.05142857142857143 0.037142857142857144 0.03619047619047619
1 0.19428571428571428 0.12142857142857143 0.04285714285714286 0.04476190476190476
0 0.23107142857142857 0.15285714285714286 0.04357142857142857 0.04285714285714286
0 0.40285714285714286 0.46714285714285714 0.06714285714285714 0.06952380952380953
0 0.46 0.43047619047619046 0.06142857142857143 0.05523809523809524
0 0.46964285714285714 0.37285714285714283 0.052142857142857144 0.054285714285714284
0 0.5467857142857143 0.6876190476190476 0.07642857142857143 0.05333333333333334
0 0.7121428571428572 0.8295238095238096 0.06142857142857143 0.10857142857142857
0 0.7710714285714285 0.6495238095238095 0.056428571428571425 0.08571428571428572
0 0.5960714285714286 0.48857142857142855 0.06928571428571428 0.045714285714285714
0 0.6410714285714286 0.38095238095238093 0.05071428571428571 0.06285714285714286
0 0.6860714285714286 0.3233333333333333 0.04642857142857143 0.058095238095238096
0 0.7396428571428572 0.3376190476190476 0.047857142857142855 0.06761904761904762
0 0.8589285714285714 0.5009523809523809 0.05071428571428571 0.07809523809523809
3 0.8425 0.08761904761904762 0.027857142857142858 0.0419047619047619
0 0.7953571428571429 0.16 0.04642857142857143 0.05904761904761905
3 0.8717857142857143 0.04476190476190476 0.035 0.05523809523809524
0 0.9021428571428571 0.014761904761904763 0.032857142857142856 0.029523809523809525
