3 0.6351774530271399 0.426252319109462 0.033402922755741124 0.06771799628942486
1 0.5681106471816284 0.1326530612244898 0.013048016701461378 0.025974025974025976
1 0.5848121085594989 0.12105751391465677 0.014091858037578288 0.03432282003710575
3 0.5704592901878914 0.11131725417439703 0.012526096033402923 0.02040816326530612
1 0.5451461377870563 0.08998144712430427 0.008872651356993737 0.016697588126159554
0 0.543580375782881 0.08348794063079777 0.006784968684759917 0.014842300556586271
1 0.5704592901878914 0.09601113172541743 0.007306889352818371 0.013914656771799629
1 0.7254697286012526 0.9397031539888683 0.07411273486430063 0.11873840445269017
0 0.6839770354906054 0.11781076066790352 0.02244258872651357 0.01855287569573284
1 0.8301148225469729 0.16743970315398887 0.07254697286012526 0.05473098330241188
0 0.8966597077244259 0.19758812615955473 0.03444676409185804 0.027829313543599257
0 0.9702505219206681 0.21335807050092764 0.03653444676409186 0.03153988868274583
