1 0.5485714285714286 0.6652380952380952 0.018571428571428572 0.08666666666666667
1 0.3217857142857143 0.679047619047619 0.019285714285714285 0.0419047619047619
2 0.5521428571428572 0.24428571428571427 0.015714285714285715 0.06190476190476191
0 0.5960714285714286 0.08238095238095237 0.010714285714285714 0.02761904761904762
0 0.5971428571428572 0.19714285714285715 0.011428571428571429 0.02857142857142857
3 0.6342857142857142 0.6347619047619047 0.025714285714285714 0.01619047619047619
3 0.6017857142857143 0.6542857142857142 0.023571428571428573 0.017142857142857144
0 0.5860714285714286 0.5938095238095238 0.015 0.029523809523809525
0 0.5860714285714286 0.54 0.027857142857142858 0.011428571428571429
0 0.5971428571428572 0.7585714285714286 0.011428571428571429 0.03333333333333333
0 0.5957142857142858 0.7957142857142857 0.008571428571428572 0.03333333333333333
3 0.5860714285714286 0.7642857142857142 0.007857142857142858 0.029523809523809525
3 0.5828571428571429 0.8633333333333333 0.018571428571428572 0.018095238095238095
3 0.6892857142857143 0.8961904761904762 0.025714285714285714 0.017142857142857144
0 0.6842857142857143 0.7966666666666666 0.012857142857142857 0.03333333333333333
0 0.6232142857142857 0.9504761904761905 0.020714285714285713 0.022857142857142857
0 0.5967857142857143 0.9595238095238096 0.019285714285714285 0.021904761904761906
0 0.6260714285714286 0.9195238095238095 0.020714285714285713 0.01619047619047619
0 0.6214285714285714 0.9933333333333333 0.02142857142857143 0.013333333333333334
1 0.58 0.9661904761904762 0.017142857142857144 0.06
0 0.7460714285714286 0.9071428571428571 0.023571428571428573 0.01619047619047619
0 0.7192857142857143 0.78 0.022857142857142857 0.015238095238095238
2 0.48392857142857143 0.9866666666666667 0.013571428571428571 0.02666666666666667
0 0.6942857142857143 0.59 0.02142857142857143 0.01619047619047619
3 0.6953571428571429 0.5628571428571428 0.02214285714285714 0.015238095238095238
0 0.6932142857142857 0.32476190476190475 0.023571428571428573 0.02095238095238095
0 0.7285714285714285 0.3442857142857143 0.024285714285714285 0.014285714285714285
0 0.3107142857142857 0.6057142857142858 0.011428571428571429 0.03238095238095238
0 0.3242857142857143 0.7242857142857143 0.011428571428571429 0.03333333333333333
0 0.8142857142857143 0.5123809523809524 0.012857142857142857 0.030476190476190476
0 0.8585714285714285 0.36238095238095236 0.02 0.014285714285714285
