3 0.24321428571428572 0.47095238095238096 0.04928571428571429 0.10952380952380952
3 0.26535714285714285 0.16857142857142857 0.03785714285714286 0.08
3 0.11928571428571429 0.45 0.09 0.058095238095238096
0 0.061785714285714284 0.5761904761904761 0.105 0.05714285714285714
0 0.054285714285714284 0.5028571428571429 0.10714285714285714 0.06095238095238095
0 0.09607142857142857 0.3280952380952381 0.075 0.04476190476190476
0 0.10142857142857142 0.29095238095238096 0.07571428571428572 0.04285714285714286
0 0.2042857142857143 0.2138095238095238 0.07 0.05238095238095238
0 0.24392857142857144 0.12380952380952381 0.03357142857142857 0.05142857142857143
0 0.23 0.17666666666666667 0.03428571428571429 0.05047619047619047
0 0.2032142857142857 0.15476190476190477 0.039285714285714285 0.06761904761904762
0 0.12964285714285714 0.21095238095238095 0.07071428571428572 0.04666666666666667
0 0.1432142857142857 0.1761904761904762 0.07357142857142857 0.04380952380952381
0 0.15321428571428572 0.13380952380952382 0.06357142857142857 0.04666666666666667
0 0.16392857142857142 0.10380952380952381 0.060714285714285714 0.04380952380952381
0 0.195 0.07333333333333333 0.06142857142857143 0.03619047619047619
0 0.20357142857142857 0.05095238095238095 0.05285714285714286 0.03333333333333333
3 0.2742857142857143 0.11476190476190476 0.03142857142857143 0.05238095238095238
0 0.6914285714285714 0.5471428571428572 0.08714285714285715 0.058095238095238096
3 0.5239285714285714 0.07714285714285714 0.020714285714285713 0.045714285714285714
0 0.5207142857142857 0.04285714285714286 0.02142857142857143 0.04
1 0.11535714285714285 0.8671428571428571 0.09642857142857143 0.19142857142857142
0 0.03 0.7157142857142857 0.06 0.06380952380952382
0 0.029642857142857144 0.6519047619047619 0.05928571428571429 0.06
