3 0.5160714285714286 0.9041878172588832 0.023571428571428573 0.05203045685279188
0 0.4735714285714286 0.8356598984771574 0.02142857142857143 0.046954314720812185
3 0.4689285714285714 0.7639593908629442 0.020714285714285713 0.048223350253807105
3 0.435 0.7309644670050761 0.02142857142857143 0.048223350253807105
0 0.4303571428571429 0.6484771573604061 0.019285714285714285 0.04314720812182741
0 0.3964285714285714 0.6376903553299492 0.02 0.03934010152284264
0 0.38321428571428573 0.5101522842639594 0.020714285714285713 0.04568527918781726
0 0.3217857142857143 0.43083756345177665 0.019285714285714285 0.04187817258883249
0 0.28464285714285714 0.3236040609137056 0.019285714285714285 0.04060913705583756
0 0.3217857142857143 0.24048223350253808 0.019285714285714285 0.04187817258883249
0 0.36214285714285716 0.30456852791878175 0.017142857142857144 0.03807106598984772
0 0.36964285714285716 0.27411167512690354 0.017857142857142856 0.04060913705583756
0 0.3807142857142857 0.25888324873096447 0.02 0.04314720812182741
0 0.46535714285714286 0.4473350253807107 0.02214285714285714 0.04187817258883249
1 0.5871428571428572 0.4879441624365482 0.07857142857142857 0.10025380710659898
0 0.5335714285714286 0.4854060913705584 0.024285714285714285 0.03426395939086294
0 0.5603571428571429 0.45558375634517767 0.025 0.03553299492385787
1 0.5114285714285715 0.43718274111675126 0.03571428571428571 0.05456852791878172
2 0.5410714285714285 0.43718274111675126 0.05357142857142857 0.07741116751269035
2 0.5635714285714286 0.37753807106598986 0.06285714285714286 0.08756345177664974
2 0.6464285714285715 0.3223350253807107 0.06428571428571428 0.08629441624365482
1 0.5914285714285714 0.383248730964467 0.037142857142857144 0.05583756345177665
0 0.89 0.6148477157360406 0.018571428571428572 0.03426395939086294
0 0.8967857142857143 0.5939086294416244 0.02214285714285714 0.04060913705583756
0 0.9078571428571428 0.5856598984771574 0.022857142857142857 0.044416243654822336
2 0.8592857142857143 0.12309644670050761 0.041428571428571426 0.0583756345177665
0 0.9221428571428572 0.01713197969543147 0.027142857142857142 0.03426395939086294
