0 0.04928571428571429 0.6008883248730964 0.05142857142857143 0.08756345177664974
0 0.11857142857142858 0.501269035532995 0.04428571428571428 0.07868020304568528
0 0.21142857142857144 0.45558375634517767 0.05142857142857143 0.07868020304568528
0 0.15 0.3686548223350254 0.04428571428571428 0.0799492385786802
0 0.11678571428571428 0.28045685279187815 0.04071428571428572 0.07614213197969544
0 0.3182142857142857 0.6421319796954315 0.05357142857142857 0.08883248730964467
0 0.37642857142857145 0.7074873096446701 0.05285714285714286 0.0850253807106599
0 0.39535714285714285 0.748730964467005 0.05357142857142857 0.09137055837563451
0 0.41678571428571426 0.8527918781725888 0.05357142857142857 0.09898477157360407
0 0.47 0.8686548223350253 0.06 0.05964467005076142
0 0.5082142857142857 0.924492385786802 0.05357142857142857 0.10025380710659898
0 0.6139285714285714 0.7848984771573604 0.047857142857142855 0.09517766497461928
0 0.6475 0.8261421319796954 0.05071428571428571 0.10406091370558376
0 0.6707142857142857 0.8686548223350253 0.04 0.0850253807106599
0 0.7142857142857143 0.9137055837563451 0.047142857142857146 0.09898477157360407
0 0.5575 0.7049492385786802 0.04642857142857143 0.09771573604060914
0 0.4307142857142857 0.6478426395939086 0.04857142857142857 0.0850253807106599
0 0.4110714285714286 0.5488578680203046 0.05071428571428571 0.07741116751269035
0 0.5410714285714285 0.47652284263959394 0.04928571428571429 0.07741116751269035
0 0.6435714285714286 0.5615482233502538 0.04857142857142857 0.0850253807106599
0 0.7842857142857143 0.7303299492385786 0.045714285714285714 0.09263959390862944
3 0.44821428571428573 0.4847715736040609 0.05071428571428571 0.08375634517766498
0 0.40964285714285714 0.43083756345177665 0.04071428571428572 0.07233502538071065
0 0.3167857142857143 0.3115482233502538 0.04071428571428572 0.06218274111675127
0 0.29892857142857143 0.2652284263959391 0.03642857142857143 0.0532994923857868
0 0.26142857142857145 0.23540609137055837 0.04285714285714286 0.05964467005076142
0 0.2332142857142857 0.22144670050761422 0.04214285714285714 0.06218274111675127
0 0.3964285714285714 0.21954314720812182 0.04 0.0583756345177665
0 0.305 0.12055837563451777 0.04 0.05583756345177665
0 0.3032142857142857 0.05710659898477157 0.039285714285714285 0.04568527918781726
0 0.32035714285714284 0.031091370558375634 0.04071428571428572 0.05203045685279188
0 0.1275 0.11040609137055837 0.03357142857142857 0.06598984771573604
1 0.20857142857142857 0.1935279187817259 0.05 0.0901015228426396
0 0.2067857142857143 0.013959390862944163 0.03642857142857143 0.027918781725888325
1 0.2857142857142857 0.5901015228426396 0.06571428571428571 0.09644670050761421
2 0.5260714285714285 0.8153553299492385 0.04928571428571429 0.0850253807106599
0 0.7482142857142857 0.9460659898477157 0.05071428571428571 0.10532994923857868
0 0.7857142857142857 0.9708121827411168 0.04 0.05583756345177665
2 0.18 0.9251269035532995 0.12714285714285714 0.14720812182741116
