0 0.24357142857142858 0.8616751269035533 0.03428571428571429 0.06091370558375635
3 0.34214285714285714 0.6814720812182741 0.03 0.0532994923857868
2 0.2957142857142857 0.7626903553299492 0.05 0.09137055837563451
0 0.37214285714285716 0.6173857868020305 0.02857142857142857 0.05203045685279188
0 0.405 0.5475888324873096 0.027142857142857142 0.04949238578680203
3 0.4685714285714286 0.34454314720812185 0.018571428571428572 0.04187817258883249
3 0.455 0.4168781725888325 0.018571428571428572 0.04187817258883249
2 0.43357142857142855 0.4733502538071066 0.03857142857142857 0.07868020304568528
0 0.3157142857142857 0.0799492385786802 0.018571428571428572 0.03299492385786802
0 0.33714285714285713 0.057741116751269035 0.015714285714285715 0.03934010152284264
0 0.34285714285714286 0.012690355329949238 0.015714285714285715 0.025380710659898477
0 0.3271428571428571 0.09200507614213198 0.014285714285714285 0.02918781725888325
2 0.5417857142857143 0.031725888324873094 0.025 0.06345177664974619
2 0.6139285714285714 0.015228426395939087 0.060714285714285714 0.030456852791878174
2 0.6128571428571429 0.028553299492385786 0.06142857142857143 0.05710659898477157
2 0.8242857142857143 0.12309644670050761 0.06142857142857143 0.12690355329949238
2 0.5910714285714286 0.03934010152284264 0.04214285714285714 0.048223350253807105
0 0.8721428571428571 0.1446700507614213 0.024285714285714285 0.04568527918781726
0 0.9264285714285714 0.26713197969543145 0.027142857142857142 0.04949238578680203
0 0.8732142857142857 0.5171319796954315 0.027857142857142858 0.031725888324873094
2 0.8017857142857143 0.399746192893401 0.07642857142857143 0.09390862944162437
3 0.9482142857142857 0.5767766497461929 0.027857142857142858 0.03934010152284264
3 0.9546428571428571 0.6345177664974619 0.029285714285714286 0.03807106598984772
0 0.9814285714285714 0.6808375634517766 0.027142857142857142 0.03426395939086294
0 0.8653571428571428 0.7036802030456852 0.03357142857142857 0.04187817258883249
3 0.8060714285714285 0.916243654822335 0.03357142857142857 0.048223350253807105
3 0.6496428571428572 0.9549492385786802 0.03357142857142857 0.05456852791878172
3 0.6332142857142857 0.7182741116751269 0.02642857142857143 0.04314720812182741
