0 0.8517857142857143 0.929047619047619 0.05785714285714286 0.04476190476190476
0 0.8414285714285714 0.8519047619047619 0.05857142857142857 0.06952380952380953
0 0.8360714285714286 0.7533333333333333 0.05928571428571429 0.0419047619047619
0 0.7242857142857143 0.4319047619047619 0.05285714285714286 0.05619047619047619
0 0.7232142857142857 0.3738095238095238 0.052142857142857144 0.05238095238095238
0 0.71 0.14857142857142858 0.054285714285714284 0.03238095238095238
0 0.7071428571428572 0.11428571428571428 0.05142857142857143 0.030476190476190476
0 0.7575 0.039523809523809524 0.03357142857142857 0.07333333333333333
0 0.5128571428571429 0.4185714285714286 0.027142857142857142 0.08095238095238096
1 0.5910714285714286 0.4123809523809524 0.045 0.1980952380952381
0 0.38285714285714284 0.18904761904761905 0.022857142857142857 0.06761904761904762
0 0.3767857142857143 0.3904761904761905 0.056428571428571425 0.03428571428571429
0 0.37285714285714283 0.4338095238095238 0.055714285714285716 0.03142857142857143
0 0.3742857142857143 0.4704761904761905 0.054285714285714284 0.03238095238095238
0 0.3767857142857143 0.508095238095238 0.04214285714285714 0.03142857142857143
0 0.37535714285714283 0.5466666666666666 0.05071428571428571 0.030476190476190476
0 0.3782142857142857 0.6233333333333333 0.055 0.035238095238095235
0 0.37464285714285717 0.6704761904761904 0.055 0.03619047619047619
0 0.37785714285714284 0.7138095238095238 0.054285714285714284 0.035238095238095235
0 0.37714285714285717 0.7571428571428571 0.05714285714285714 0.03238095238095238
0 0.37857142857142856 0.8023809523809524 0.06 0.039047619047619046
0 0.37535714285714283 0.8457142857142858 0.05928571428571429 0.04
0 0.3757142857142857 0.89 0.05714285714285714 0.039047619047619046
0 0.3775 0.9738095238095238 0.062142857142857146 0.039047619047619046
