0 0.39785714285714285 0.8197969543147208 0.07 0.09137055837563451
0 0.5657142857142857 0.7722081218274112 0.05714285714285714 0.0799492385786802
0 0.6239285714285714 0.6865482233502538 0.055 0.07360406091370558
0 0.5757142857142857 0.6865482233502538 0.055714285714285716 0.07360406091370558
0 0.5525 0.6434010152284264 0.05357142857142857 0.06852791878172589
0 0.48964285714285716 0.7125634517766497 0.05785714285714286 0.07741116751269035
1 0.9107142857142857 0.3819796954314721 0.06 0.09137055837563451
0 0.9725 0.43083756345177665 0.030714285714285715 0.04949238578680203
0 0.9889285714285714 0.3946700507614213 0.02214285714285714 0.050761421319796954
3 0.6067857142857143 0.18591370558375633 0.03357142857142857 0.044416243654822336
