3 0.013214285714285715 0.24048223350253808 0.02214285714285714 0.01903553299492386
0 0.035 0.24619289340101522 0.02142857142857143 0.02030456852791878
3 0.05857142857142857 0.25444162436548223 0.02142857142857143 0.024111675126903553
3 0.12928571428571428 0.2918781725888325 0.025714285714285714 0.027918781725888325
3 0.1525 0.2868020304568528 0.023571428571428573 0.02284263959390863
3 0.17607142857142857 0.2956852791878173 0.025 0.025380710659898477
3 0.20607142857142857 0.30583756345177665 0.025 0.02030456852791878
0 0.20714285714285716 0.3223350253807107 0.027142857142857142 0.02030456852791878
0 0.11071428571428571 0.274746192893401 0.024285714285714285 0.021573604060913704
0 0.26071428571428573 0.32550761421319796 0.022857142857142857 0.021573604060913704
3 0.29035714285714287 0.3343908629441624 0.023571428571428573 0.024111675126903553
3 0.3196428571428571 0.34517766497461927 0.029285714285714286 0.027918781725888325
3 0.3525 0.3565989847715736 0.02642857142857143 0.02284263959390863
0 0.3807142857142857 0.3686548223350254 0.025714285714285714 0.021573604060913704
0 0.41035714285714286 0.37944162436548223 0.029285714285714286 0.02284263959390863
0 0.5178571428571429 0.4815989847715736 0.015714285714285715 0.03934010152284264
0 0.58 0.45558375634517767 0.017142857142857144 0.04060913705583756
3 0.6546428571428572 0.4467005076142132 0.015 0.04060913705583756
0 0.5114285714285715 0.5704314720812182 0.015714285714285715 0.044416243654822336
0 0.6057142857142858 0.5843908629441624 0.017142857142857144 0.046954314720812185
0 0.4685714285714286 0.7366751269035533 0.02142857142857143 0.046954314720812185
0 0.5214285714285715 0.7233502538071066 0.02142857142857143 0.0532994923857868
0 0.43 0.8775380710659898 0.027142857142857142 0.06218274111675127
3 0.5589285714285714 0.881979695431472 0.02214285714285714 0.07360406091370558
2 0.6032142857142857 0.7684010152284264 0.04357142857142857 0.17639593908629442
3 0.6 0.3635786802030457 0.015714285714285715 0.03426395939086294
0 0.5921428571428572 0.29441624365482233 0.012857142857142857 0.030456852791878174
0 0.6421428571428571 0.28743654822335024 0.014285714285714285 0.03426395939086294
3 0.6728571428571428 0.24111675126903553 0.012857142857142857 0.03807106598984772
3 0.5978571428571429 0.2151015228426396 0.012857142857142857 0.0266497461928934
3 0.6671428571428571 0.16307106598984772 0.01 0.02918781725888325
3 0.6907142857142857 0.12753807106598986 0.011428571428571429 0.031725888324873094
3 0.6803571428571429 0.0932741116751269 0.010714285714285714 0.0266497461928934
0 0.6396428571428572 0.116751269035533 0.010714285714285714 0.02284263959390863
0 0.6275 0.10279187817258884 0.010714285714285714 0.02030456852791878
0 0.7042857142857143 0.02918781725888325 0.01 0.025380710659898477
