0 0.05142857142857143 0.959047619047619 0.08 0.08190476190476191
0 0.08892857142857143 0.8995238095238095 0.07928571428571428 0.09619047619047619
3 0.1417857142857143 0.8133333333333334 0.08214285714285714 0.09333333333333334
3 0.21678571428571428 0.6876190476190476 0.07357142857142857 0.0761904761904762
0 0.22214285714285714 0.6128571428571429 0.06857142857142857 0.07333333333333333
0 0.31892857142857145 0.8628571428571429 0.06785714285714285 0.11428571428571428
0 0.3610714285714286 0.9052380952380953 0.06928571428571428 0.12095238095238095
0 0.4032142857142857 0.9442857142857143 0.06928571428571428 0.11142857142857143
0 0.44642857142857145 0.9666666666666667 0.06142857142857143 0.06666666666666667
1 0.5153571428571428 0.8157142857142857 0.08928571428571429 0.1
0 0.6128571428571429 0.9 0.08571428571428572 0.09333333333333334
0 0.4835714285714286 0.2671428571428571 0.055714285714285716 0.058095238095238096
0 0.29178571428571426 0.46523809523809523 0.065 0.07142857142857142
0 0.18178571428571427 0.03238095238095238 0.05071428571428571 0.06095238095238095
0 0.15821428571428572 0.019523809523809523 0.055 0.039047619047619046
