0 0.5175 0.5463197969543148 0.025 0.0850253807106599
0 0.5121428571428571 0.4200507614213198 0.024285714285714285 0.08121827411167512
0 0.4732142857142857 0.40926395939086296 0.023571428571428573 0.0850253807106599
0 0.5071428571428571 0.31091370558375636 0.02 0.08121827411167512
0 0.5667857142857143 0.1751269035532995 0.020714285714285713 0.07106598984771574
0 0.5117857142857143 0.11230964467005077 0.017857142857142856 0.07233502538071065
0 0.4735714285714286 0.12436548223350254 0.02142857142857143 0.07360406091370558
0 0.5189285714285714 0.7684010152284264 0.027857142857142858 0.11294416243654823
0 0.47785714285714287 0.9295685279187818 0.03142857142857143 0.12309644670050761
0 0.8210714285714286 0.6789340101522843 0.039285714285714285 0.08375634517766498
0 0.6867857142857143 0.6218274111675127 0.027857142857142858 0.1116751269035533
0 0.3246428571428571 0.11611675126903553 0.04071428571428572 0.05964467005076142
0 0.18035714285714285 0.14720812182741116 0.027857142857142858 0.07360406091370558
0 0.039285714285714285 0.16053299492385786 0.024285714285714285 0.06725888324873096
3 0.08357142857142857 0.14403553299492386 0.03142857142857143 0.06725888324873096
3 0.14714285714285713 0.12753807106598986 0.025714285714285714 0.05964467005076142
1 0.11821428571428572 0.13324873096446702 0.023571428571428573 0.07868020304568528
0 0.011785714285714287 0.19416243654822335 0.023571428571428573 0.06852791878172589
1 0.40964285714285714 0.7753807106598984 0.04357142857142857 0.21573604060913706
3 0.2125 0.13451776649746192 0.02642857142857143 0.07614213197969544
0 0.0575 0.01903553299492386 0.025 0.03807106598984772
0 0.08392857142857142 0.018401015228426396 0.025 0.03680203045685279
0 0.11107142857142857 0.015862944162436547 0.020714285714285713 0.031725888324873094
0 0.16285714285714287 0.01713197969543147 0.025714285714285714 0.03426395939086294
0 0.19 0.012690355329949238 0.02 0.025380710659898477
3 0.5085714285714286 0.20558375634517767 0.022857142857142857 0.07614213197969544
3 0.4735714285714286 0.5748730964467005 0.022857142857142857 0.09137055837563451
