3 0.13 0.4080952380952381 0.08857142857142856 0.09619047619047619
3 0.32107142857142856 0.5833333333333334 0.07642857142857143 0.07904761904761905
1 0.18178571428571427 0.5595238095238095 0.10214285714285715 0.11333333333333333
3 0.07821428571428571 0.7961904761904762 0.07357142857142857 0.10666666666666667
0 0.3317857142857143 0.7085714285714285 0.09357142857142857 0.11047619047619048
0 0.2257142857142857 0.49238095238095236 0.09142857142857143 0.09523809523809523
0 0.0475 0.11761904761904762 0.08357142857142857 0.08666666666666667
0 0.11428571428571428 0.8461904761904762 0.08571428571428572 0.13047619047619047
0 0.19178571428571428 0.9271428571428572 0.08214285714285714 0.1438095238095238
0 0.1525 0.8823809523809524 0.08357142857142857 0.13428571428571429
3 0.04071428571428572 0.7638095238095238 0.08142857142857143 0.1180952380952381
0 0.02107142857142857 0.7123809523809523 0.04214285714285714 0.09714285714285714
0 0.23892857142857143 0.950952380952381 0.07357142857142857 0.0980952380952381
0 0.28964285714285715 0.97 0.05071428571428571 0.058095238095238096
3 0.5842857142857143 0.959047619047619 0.054285714285714284 0.07809523809523809
0 0.7357142857142858 0.8614285714285714 0.07857142857142857 0.1457142857142857
0 0.7392857142857143 0.2480952380952381 0.07142857142857142 0.11714285714285715
3 0.18714285714285714 0.034761904761904765 0.07285714285714286 0.06952380952380953
3 0.31 0.10666666666666667 0.09142857142857143 0.10476190476190476
1 0.5128571428571429 0.2638095238095238 0.12285714285714286 0.12380952380952381
3 0.605 0.3523809523809524 0.07571428571428572 0.08190476190476191
1 0.8146428571428571 0.25857142857142856 0.09642857142857143 0.1457142857142857
