0 0.4607142857142857 0.018401015228426396 0.011428571428571429 0.03680203045685279
0 0.4392857142857143 0.15038071065989847 0.011428571428571429 0.03934010152284264
0 0.5171428571428571 0.1935279187817259 0.014285714285714285 0.05203045685279188
0 0.5082142857142857 0.3267766497461929 0.013571428571428571 0.04949238578680203
2 0.45785714285714285 0.22081218274111675 0.014285714285714285 0.08629441624365482
3 0.5117857142857143 0.4517766497461929 0.013571428571428571 0.06598984771573604
0 0.43107142857142855 0.36421319796954316 0.013571428571428571 0.050761421319796954
0 0.4514285714285714 0.4581218274111675 0.014285714285714285 0.048223350253807105
0 0.445 0.7220812182741116 0.015714285714285715 0.06345177664974619
0 0.41535714285714287 0.9270304568527918 0.017857142857142856 0.07487309644670051
0 0.48035714285714287 0.942258883248731 0.019285714285714285 0.07741116751269035
0 0.5407142857142857 0.891497461928934 0.017142857142857144 0.07487309644670051
1 0.51 0.7480964467005076 0.02 0.11294416243654823
