0 0.05035714285714286 0.018095238095238095 0.03785714285714286 0.03619047619047619
0 0.08535714285714285 0.04285714285714286 0.03785714285714286 0.0419047619047619
0 0.12321428571428572 0.07238095238095238 0.039285714285714285 0.05142857142857143
0 0.15892857142857142 0.09476190476190476 0.055 0.05238095238095238
0 0.19321428571428573 0.14142857142857143 0.06357142857142857 0.04857142857142857
0 0.2953571428571429 0.19714285714285715 0.07785714285714286 0.06666666666666667
0 0.3657142857142857 0.2538095238095238 0.09857142857142857 0.07714285714285714
3 0.025 0.4319047619047619 0.05 0.15333333333333332
0 0.5871428571428572 0.10952380952380952 0.06571428571428571 0.047619047619047616
2 0.6225 0.13904761904761906 0.12214285714285714 0.09904761904761905
1 0.6885714285714286 0.15142857142857144 0.13142857142857142 0.09904761904761905
0 0.85 0.16523809523809524 0.08 0.06952380952380953
0 0.9214285714285714 0.20238095238095238 0.08 0.07333333333333333
0 0.9510714285714286 0.07809523809523809 0.07785714285714286 0.0838095238095238
