0 0.6746428571428571 0.1580952380952381 0.007857142857142858 0.009523809523809525
0 0.6882142857142857 0.1819047619047619 0.017857142857142856 0.011428571428571429
0 0.6696428571428571 0.1895238095238095 0.019285714285714285 0.007619047619047619
0 0.8121428571428572 0.17666666666666667 0.018571428571428572 0.006666666666666667
0 0.8082142857142857 0.1742857142857143 0.016428571428571428 0.009523809523809525
0 0.8564285714285714 0.28714285714285714 0.02142857142857143 0.018095238095238095
0 0.8792857142857143 0.2904761904761905 0.025714285714285714 0.01904761904761905
0 0.9339285714285714 0.31 0.04071428571428572 0.02
0 0.9632142857142857 0.31666666666666665 0.04214285714285714 0.018095238095238095
0 0.9932142857142857 0.32857142857142857 0.013571428571428571 0.02095238095238095
0 0.42857142857142855 0.4180952380952381 0.02857142857142857 0.04380952380952381
2 0.5042857142857143 0.41 0.05142857142857143 0.10380952380952381
2 0.5671428571428572 0.638095238095238 0.12285714285714286 0.25333333333333335
0 0.47285714285714286 0.25666666666666665 0.015714285714285715 0.021904761904761906
