0 0.5342857142857143 0.7409523809523809 0.05142857142857143 0.09333333333333334
0 0.4407142857142857 0.7309523809523809 0.07285714285714286 0.09238095238095238
0 0.3078571428571429 0.7038095238095238 0.05285714285714286 0.09333333333333334
0 0.26321428571428573 0.6942857142857143 0.07642857142857143 0.08
0 0.20357142857142857 0.6747619047619048 0.09 0.08857142857142856
0 0.155 0.6757142857142857 0.07857142857142857 0.08285714285714285
0 0.44392857142857145 0.5204761904761904 0.04071428571428572 0.04666666666666667
3 0.35892857142857143 0.5057142857142857 0.04071428571428572 0.047619047619047616
0 0.3267857142857143 0.5033333333333333 0.04642857142857143 0.04285714285714286
3 0.2932142857142857 0.49 0.04642857142857143 0.040952380952380955
0 0.21642857142857144 0.5195238095238095 0.06142857142857143 0.04285714285714286
0 0.1742857142857143 0.5119047619047619 0.06285714285714286 0.054285714285714284
0 0.07571428571428572 0.5023809523809524 0.07 0.04285714285714286
0 0.047857142857142855 0.4938095238095238 0.07142857142857142 0.039047619047619046
0 0.03 0.48523809523809525 0.05857142857142857 0.039047619047619046
0 0.15107142857142858 0.4676190476190476 0.05928571428571429 0.0419047619047619
0 0.6075 0.5419047619047619 0.05071428571428571 0.045714285714285714
0 0.7092857142857143 0.5338095238095238 0.06857142857142857 0.04666666666666667
3 0.7457142857142857 0.5171428571428571 0.04857142857142857 0.04380952380952381
0 0.7810714285714285 0.5095238095238095 0.05357142857142857 0.0380952380952381
0 0.8085714285714286 0.4004761904761905 0.02 0.021904761904761906
0 0.8928571428571429 0.3919047619047619 0.05 0.021904761904761906
0 0.885 0.3823809523809524 0.041428571428571426 0.018095238095238095
0 0.9242857142857143 0.3823809523809524 0.041428571428571426 0.025714285714285714
0 0.9057142857142857 0.37523809523809526 0.032857142857142856 0.01904761904761905
0 0.8714285714285714 0.37761904761904763 0.03571428571428571 0.018095238095238095
0 0.8660714285714286 0.36904761904761907 0.035 0.018095238095238095
0 0.8607142857142858 0.36333333333333334 0.032857142857142856 0.01619047619047619
0 0.8539285714285715 0.3585714285714286 0.03214285714285714 0.01619047619047619
0 0.8489285714285715 0.35285714285714287 0.03214285714285714 0.01619047619047619
0 0.8857142857142857 0.3523809523809524 0.032857142857142856 0.01904761904761905
0 0.8857142857142857 0.3476190476190476 0.037142857142857144 0.017142857142857144
0 0.8432142857142857 0.34809523809523807 0.03357142857142857 0.014285714285714285
0 0.8457142857142858 0.3423809523809524 0.037142857142857144 0.014285714285714285
0 0.8382142857142857 0.34 0.03214285714285714 0.017142857142857144
3 0.8367857142857142 0.32904761904761903 0.03357142857142857 0.025714285714285714
0 0.8617857142857143 0.3295238095238095 0.02642857142857143 0.01904761904761905
0 0.8271428571428572 0.3271428571428571 0.03571428571428571 0.01619047619047619
0 0.8192857142857143 0.32095238095238093 0.02857142857142857 0.015238095238095238
0 0.8521428571428571 0.32142857142857145 0.02857142857142857 0.01619047619047619
0 0.8503571428571428 0.31523809523809526 0.023571428571428573 0.013333333333333334
0 0.8257142857142857 0.3076190476190476 0.02142857142857143 0.011428571428571429
3 0.8257142857142857 0.2980952380952381 0.02142857142857143 0.015238095238095238
0 0.8553571428571428 0.2976190476190476 0.010714285714285714 0.014285714285714285
0 0.985 0.3719047619047619 0.03 0.02
3 0.975 0.36047619047619045 0.04 0.018095238095238095
3 0.9610714285714286 0.3557142857142857 0.027857142857142858 0.014285714285714285
3 0.9492857142857143 0.34714285714285714 0.03428571428571429 0.02
3 0.9375 0.3414285714285714 0.030714285714285715 0.012380952380952381
3 0.9239285714285714 0.3295238095238095 0.030714285714285715 0.015238095238095238
3 0.9178571428571428 0.3242857142857143 0.03142857142857143 0.01619047619047619
