0 0.5508872651356994 0.700834879406308 0.03496868475991649 0.04730983302411874
3 0.8280271398747391 0.7305194805194806 0.04540709812108559 0.04730983302411874
0 0.7129436325678496 0.6108534322820037 0.024008350730688934 0.026901669758812616
0 0.6623173277661796 0.5487012987012987 0.015657620041753653 0.032467532467532464
0 0.25835073068893527 0.5482374768089053 0.032359081419624215 0.027829313543599257
0 0.1440501043841336 0.5496289424860853 0.037578288100208766 0.0287569573283859
0 0.2593945720250522 0.48562152133580705 0.027139874739039668 0.02504638218923933
0 0.41414405010438415 0.4155844155844156 0.02139874739039666 0.01855287569573284
0 0.45876826722338204 0.3965677179962894 0.014613778705636743 0.013914656771799629
0 0.5970772442588727 0.32142857142857145 0.008350730688935281 0.013914656771799629
0 0.6197807933194155 0.3320964749536178 0.007828810020876827 0.011131725417439703
0 0.627348643006263 0.30612244897959184 0.008350730688935281 0.00927643784786642
0 0.6417014613778705 0.3051948051948052 0.006784968684759917 0.011131725417439703
0 0.7319937369519833 0.27365491651205937 0.005741127348643006 0.0074211502782931356
0 0.7225991649269311 0.2727272727272727 0.005741127348643006 0.0074211502782931356
0 0.6873695198329853 0.2810760667903525 0.005219206680584551 0.0074211502782931356
0 0.6821503131524008 0.2634508348794063 0.008350730688935281 0.0055658627087198514
