0 0.721 0.845 0.057 0.15933333333333333
0 0.6625 0.693 0.054 0.14066666666666666
0 0.6505 0.5293333333333333 0.052 0.09066666666666667
0 0.5635 0.26033333333333336 0.042 0.04733333333333333
0 0.54575 0.18966666666666668 0.0415 0.054
0 0.421 0.436 0.057 0.08533333333333333
0 0.42075 0.36966666666666664 0.0575 0.07266666666666667
0 0.4565 0.07966666666666666 0.022 0.034
0 0.53175 0.149 0.0465 0.04066666666666666
0 0.4125 0.26366666666666666 0.028 0.07
0 0.40875 0.13266666666666665 0.0235 0.04533333333333334
0 0.42925 0.632 0.0735 0.12533333333333332
0 0.43625 0.7833333333333333 0.0975 0.13466666666666666
0 0.42475 0.5086666666666667 0.0725 0.09333333333333334
0 0.444 0.9286666666666666 0.121 0.14266666666666666
0 0.4185 0.21166666666666667 0.054 0.062
0 0.53125 0.12566666666666668 0.0445 0.038
3 0.52625 0.09233333333333334 0.0215 0.038
0 0.40575 0.091 0.0215 0.04733333333333333
3 0.669 0.12666666666666668 0.045 0.037333333333333336
0 0.80475 0.17966666666666667 0.0435 0.051333333333333335
0 0.97275 0.43666666666666665 0.0545 0.10533333333333333
1 0.4085 0.057 0.025 0.046
1 0.512 0.024333333333333332 0.031 0.048666666666666664
3 0.678 0.27366666666666667 0.037 0.06866666666666667
