0 0.24964285714285714 0.9395238095238095 0.08642857142857142 0.06761904761904762
0 0.4775 0.9519047619047619 0.09214285714285714 0.06380952380952382
0 0.5089285714285714 0.8790476190476191 0.07357142857142857 0.05523809523809524
0 0.5289285714285714 0.8504761904761905 0.07214285714285715 0.06095238095238095
0 0.5307142857142857 0.8304761904761905 0.07142857142857142 0.04
0 0.5567857142857143 0.8166666666666667 0.065 0.037142857142857144
0 0.5567857142857143 0.7761904761904762 0.05785714285714286 0.03428571428571429
0 0.5642857142857143 0.7619047619047619 0.05857142857142857 0.030476190476190476
2 0.5585714285714286 0.7323809523809524 0.06 0.045714285714285714
0 0.34285714285714286 0.84 0.06142857142857143 0.05523809523809524
0 0.33071428571428574 0.8119047619047619 0.06428571428571428 0.04285714285714286
0 0.3125 0.7880952380952381 0.06642857142857143 0.037142857142857144
0 0.3296428571428571 0.76 0.05928571428571429 0.03238095238095238
0 0.3314285714285714 0.741904761904762 0.055714285714285716 0.02666666666666667
0 0.4928571428571429 0.7247619047619047 0.05 0.03238095238095238
0 0.44785714285714284 0.7176190476190476 0.03142857142857143 0.02761904761904762
0 0.4207142857142857 0.7123809523809523 0.03 0.022857142857142857
0 0.5975 0.7161904761904762 0.04357142857142857 0.02666666666666667
1 0.5917857142857142 0.6995238095238095 0.03785714285714286 0.03142857142857143
0 0.6007142857142858 0.69 0.03571428571428571 0.021904761904761906
0 0.64 0.7061904761904761 0.04428571428571428 0.023809523809523808
0 0.5117857142857143 0.6814285714285714 0.039285714285714285 0.023809523809523808
0 0.4810714285714286 0.69 0.03785714285714286 0.02
0 0.44357142857142856 0.6933333333333334 0.041428571428571426 0.022857142857142857
0 0.41964285714285715 0.6695238095238095 0.035 0.01904761904761905
3 0.4228571428571429 0.659047619047619 0.03142857142857143 0.02095238095238095
0 0.33071428571428574 0.6595238095238095 0.032857142857142856 0.018095238095238095
0 0.33285714285714285 0.6504761904761904 0.02857142857142857 0.013333333333333334
0 0.29214285714285715 0.6242857142857143 0.014285714285714285 0.014285714285714285
0 0.3028571428571429 0.6271428571428571 0.015714285714285715 0.014285714285714285
1 0.3192857142857143 0.6252380952380953 0.027142857142857142 0.023809523809523808
0 0.33071428571428574 0.6309523809523809 0.02 0.01619047619047619
0 0.3442857142857143 0.6319047619047619 0.02 0.01619047619047619
0 0.3628571428571429 0.6328571428571429 0.02 0.01619047619047619
0 0.3821428571428571 0.6366666666666667 0.02 0.01619047619047619
0 0.4 0.6376190476190476 0.02 0.01619047619047619
0 0.4135714285714286 0.6395238095238095 0.02 0.01619047619047619
0 0.4307142857142857 0.6423809523809524 0.02 0.01619047619047619
0 0.4471428571428571 0.6452380952380953 0.02 0.01619047619047619
0 0.46785714285714286 0.6457142857142857 0.02142857142857143 0.017142857142857144
0 0.5292857142857142 0.6633333333333333 0.02142857142857143 0.02
0 0.5503571428571429 0.6623809523809524 0.020714285714285713 0.018095238095238095
0 0.5732142857142857 0.6623809523809524 0.020714285714285713 0.018095238095238095
0 0.5903571428571428 0.6604761904761904 0.020714285714285713 0.018095238095238095
0 0.6010714285714286 0.6566666666666666 0.020714285714285713 0.018095238095238095
1 0.6271428571428571 0.6557142857142857 0.03 0.021904761904761906
0 0.6267857142857143 0.6480952380952381 0.030714285714285715 0.014285714285714285
0 0.5917857142857142 0.6304761904761905 0.029285714285714286 0.013333333333333334
0 0.5978571428571429 0.6252380952380953 0.024285714285714285 0.014285714285714285
0 0.6028571428571429 0.6176190476190476 0.017142857142857144 0.012380952380952381
3 0.6075 0.611904761904762 0.02214285714285714 0.014285714285714285
1 0.6157142857142858 0.6038095238095238 0.03142857142857143 0.02095238095238095
0 0.6692857142857143 0.6138095238095238 0.022857142857142857 0.008571428571428572
0 0.6717857142857143 0.6171428571428571 0.016428571428571428 0.009523809523809525
0 0.6657142857142857 0.6195238095238095 0.02142857142857143 0.010476190476190476
0 0.6832142857142857 0.5633333333333334 0.015 0.008571428571428572
0 0.6614285714285715 0.6338095238095238 0.024285714285714285 0.012380952380952381
0 0.6610714285714285 0.64 0.020714285714285713 0.015238095238095238
0 0.6496428571428572 0.6414285714285715 0.029285714285714286 0.018095238095238095
0 0.6632142857142858 0.5633333333333334 0.007857142857142858 0.006666666666666667
1 0.7003571428571429 0.5619047619047619 0.009285714285714286 0.007619047619047619
1 0.7017857142857142 0.5580952380952381 0.012142857142857143 0.009523809523809525
0 0.7192857142857143 0.5519047619047619 0.004285714285714286 0.004761904761904762
0 0.7282142857142857 0.5466666666666666 0.0035714285714285713 0.0038095238095238095
0 0.7332142857142857 0.5476190476190477 0.0035714285714285713 0.0038095238095238095
3 0.7257142857142858 0.5595238095238095 0.002857142857142857 0.004761904761904762
0 0.7271428571428571 0.5666666666666667 0.004285714285714286 0.005714285714285714
0 0.7360714285714286 0.5571428571428572 0.0035714285714285713 0.0038095238095238095
0 0.7364285714285714 0.5623809523809524 0.004285714285714286 0.004761904761904762
3 0.7382142857142857 0.5680952380952381 0.005 0.008571428571428572
0 0.73 0.5704761904761905 0.005714285714285714 0.005714285714285714
0 0.7360714285714286 0.5757142857142857 0.0064285714285714285 0.006666666666666667
0 0.72 0.5738095238095238 0.007142857142857143 0.006666666666666667
0 0.7117857142857142 0.5714285714285714 0.005 0.005714285714285714
0 0.7542857142857143 0.5676190476190476 0.012857142857142857 0.007619047619047619
0 0.7578571428571429 0.5647619047619048 0.011428571428571429 0.005714285714285714
0 0.7539285714285714 0.5642857142857143 0.009285714285714286 0.006666666666666667
0 0.7435714285714285 0.5871428571428572 0.007142857142857143 0.008571428571428572
0 0.7339285714285714 0.5904761904761905 0.010714285714285714 0.007619047619047619
0 0.7157142857142857 0.5966666666666667 0.008571428571428572 0.010476190476190476
0 0.7328571428571429 0.6033333333333334 0.008571428571428572 0.008571428571428572
0 0.7442857142857143 0.6238095238095238 0.011428571428571429 0.011428571428571429
0 0.7060714285714286 0.6038095238095238 0.009285714285714286 0.011428571428571429
0 0.7007142857142857 0.6147619047619047 0.01 0.014285714285714285
0 0.6764285714285714 0.6728571428571428 0.015714285714285715 0.02
0 0.6975 0.6723809523809524 0.016428571428571428 0.02095238095238095
0 0.7171428571428572 0.670952380952381 0.015714285714285715 0.023809523809523808
0 0.7085714285714285 0.7042857142857143 0.04428571428571428 0.02
0 0.7246428571428571 0.7247619047619047 0.047857142857142855 0.024761904761904763
0 0.6921428571428572 0.8233333333333334 0.03571428571428571 0.05619047619047619
0 0.7560714285714286 0.81 0.029285714285714286 0.04476190476190476
0 0.7971428571428572 0.8119047619047619 0.03142857142857143 0.040952380952380955
0 0.7660714285714286 0.8795238095238095 0.035 0.054285714285714284
0 0.9475 0.7614285714285715 0.06642857142857143 0.03142857142857143
1 0.9889285714285714 0.7123809523809523 0.02214285714285714 0.03428571428571429
0 0.9757142857142858 0.699047619047619 0.04857142857142857 0.02095238095238095
1 0.9742857142857143 0.6847619047619048 0.05 0.03428571428571429
0 0.9189285714285714 0.6966666666666667 0.027857142857142858 0.023809523809523808
0 0.8835714285714286 0.7242857142857143 0.054285714285714284 0.025714285714285714
0 0.8067857142857143 0.6971428571428572 0.039285714285714285 0.024761904761904763
1 0.8296428571428571 0.6895238095238095 0.023571428571428573 0.024761904761904763
1 0.8614285714285714 0.69 0.027142857142857142 0.03333333333333333
0 0.8942857142857142 0.670952380952381 0.02142857142857143 0.018095238095238095
1 0.8546428571428571 0.6633333333333333 0.03357142857142857 0.025714285714285714
1 0.8257142857142857 0.6619047619047619 0.015714285714285715 0.022857142857142857
1 0.8171428571428572 0.65 0.03428571428571429 0.018095238095238095
1 0.8146428571428571 0.6457142857142857 0.035 0.017142857142857144
1 0.8103571428571429 0.6376190476190476 0.03357142857142857 0.01619047619047619
0 0.8182142857142857 0.6309523809523809 0.02642857142857143 0.012380952380952381
3 0.8157142857142857 0.621904761904762 0.024285714285714285 0.015238095238095238
1 0.8135714285714286 0.6133333333333333 0.03428571428571429 0.02095238095238095
0 0.7985714285714286 0.6161904761904762 0.024285714285714285 0.011428571428571429
