3 0.3215307582260372 0.6354961832061069 0.060801144492131615 0.09923664122137404
0 0.4867668097281831 0.504293893129771 0.07224606580829757 0.06393129770992366
0 0.9256080114449213 0.5825381679389313 0.12017167381974249 0.06583969465648855
0 0.8118741058655222 0.5438931297709924 0.10014306151645208 0.05534351145038168
0 0.9370529327610873 0.5343511450381679 0.0944206008583691 0.04580152671755725
0 0.9259656652360515 0.49427480916030536 0.09656652360515021 0.04961832061068702
0 0.7846924177396281 0.4976145038167939 0.09585121602288985 0.06393129770992366
0 0.6201716738197425 0.5658396946564885 0.09585121602288985 0.07061068702290077
0 0.2592989985693848 0.4036259541984733 0.05078683834048641 0.05152671755725191
0 0.3898426323319027 0.3520992366412214 0.030042918454935622 0.03625954198473282
0 0.3698140200286123 0.4613549618320611 0.03862660944206009 0.05438931297709924
0 0.4949928469241774 0.33587786259541985 0.022889842632331903 0.03625954198473282
0 0.49856938483547925 0.3139312977099237 0.01859799713876967 0.022900763358778626
3 0.49213161659513593 0.3702290076335878 0.02575107296137339 0.04770992366412214
0 0.44635193133047213 0.19799618320610687 0.011444921316165951 0.01431297709923664
0 0.3240343347639485 0.28435114503816794 0.02145922746781116 0.026717557251908396
0 0.3394134477825465 0.2666984732824427 0.022174535050071532 0.02385496183206107
0 0.3512160228898426 0.2571564885496183 0.015736766809728183 0.020038167938931296
0 0.3601573676680973 0.2452290076335878 0.0178826895565093 0.019083969465648856
0 0.3687410586552217 0.23759541984732824 0.016452074391988557 0.015267175572519083
0 0.388412017167382 0.21564885496183206 0.012875536480686695 0.015267175572519083
0 0.39449213161659513 0.21183206106870228 0.01072961373390558 0.013358778625954198
0 0.39842632331902716 0.20610687022900764 0.010014306151645207 0.015267175572519083
0 0.40379113018597995 0.20276717557251908 0.009298998569384835 0.012404580152671756
0 0.4073676680972818 0.19751908396946566 0.01072961373390558 0.011450381679389313
0 0.41201716738197425 0.19036259541984732 0.010014306151645207 0.012404580152671756
0 0.4209585121602289 0.1851145038167939 0.01072961373390558 0.013358778625954198
0 0.42739628040057226 0.1765267175572519 0.009298998569384835 0.011450381679389313
0 0.42989985693848354 0.17270992366412213 0.00715307582260372 0.011450381679389313
0 0.47317596566523606 0.1808206106870229 0.007868383404864092 0.012404580152671756
0 0.48819742489270385 0.1474236641221374 0.005007153075822604 0.006679389312977099
2 0.4946351931330472 0.15362595419847327 0.009298998569384835 0.02099236641221374
3 0.48175965665236054 0.16698473282442747 0.007868383404864092 0.011450381679389313
0 0.46602288984263235 0.15887404580152673 0.007868383404864092 0.008587786259541985
0 0.4334763948497854 0.15839694656488548 0.00715307582260372 0.009541984732824428
0 0.4449213161659514 0.15935114503816794 0.008583690987124463 0.009541984732824428
0 0.45064377682403434 0.14933206106870228 0.005722460658082976 0.008587786259541985
0 0.4552932761087268 0.14885496183206107 0.005007153075822604 0.007633587786259542
0 0.49427753934191704 0.13788167938931298 0.005722460658082976 0.004770992366412214
