0 0.36678571428571427 0.4142857142857143 0.020714285714285713 0.02095238095238095
0 0.32071428571428573 0.47095238095238096 0.022857142857142857 0.01619047619047619
0 0.32285714285714284 0.490952380952381 0.022857142857142857 0.01619047619047619
0 0.325 0.5090476190476191 0.017142857142857144 0.012380952380952381
0 0.3357142857142857 0.5257142857142857 0.022857142857142857 0.015238095238095238
3 0.3392857142857143 0.5447619047619048 0.02 0.015238095238095238
0 0.34785714285714286 0.5704761904761905 0.018571428571428572 0.02857142857142857
0 0.37464285714285717 0.5161904761904762 0.02214285714285714 0.02666666666666667
0 0.4 0.5395238095238095 0.024285714285714285 0.02
0 0.39357142857142857 0.5214285714285715 0.022857142857142857 0.014285714285714285
3 0.3875 0.4828571428571429 0.020714285714285713 0.01904761904761905
0 0.37785714285714284 0.45571428571428574 0.022857142857142857 0.02
0 0.37107142857142855 0.43047619047619046 0.020714285714285713 0.022857142857142857
0 0.24035714285714285 0.7138095238095238 0.020714285714285713 0.02761904761904762
0 0.14642857142857144 0.7428571428571429 0.022857142857142857 0.017142857142857144
0 0.12321428571428572 0.75 0.025 0.018095238095238095
0 0.09178571428571429 0.7642857142857142 0.02642857142857143 0.025714285714285714
0 0.06928571428571428 0.7833333333333333 0.024285714285714285 0.023809523809523808
0 0.008928571428571428 0.8285714285714286 0.017857142857142856 0.022857142857142857
0 0.044642857142857144 0.7971428571428572 0.025 0.02095238095238095
3 0.11928571428571429 0.7123809523809523 0.025714285714285714 0.02857142857142857
3 0.13 0.6671428571428571 0.018571428571428572 0.023809523809523808
3 0.1475 0.7071428571428572 0.020714285714285713 0.01619047619047619
3 0.06857142857142857 0.74 0.027142857142857142 0.03238095238095238
1 0.5885714285714285 0.44952380952380955 0.05857142857142857 0.045714285714285714
2 0.7967857142857143 0.5576190476190476 0.02642857142857143 0.014285714285714285
0 0.8239285714285715 0.47285714285714286 0.02214285714285714 0.021904761904761906
3 0.8125 0.7247619047619047 0.015 0.03428571428571429
0 0.9428571428571428 0.6361904761904762 0.018571428571428572 0.013333333333333334
