0 0.47 0.7455583756345178 0.018571428571428572 0.05456852791878172
0 0.415 0.8128172588832487 0.02142857142857143 0.05964467005076142
0 0.4775 0.5640862944162437 0.016428571428571428 0.03934010152284264
0 0.49607142857142855 0.557741116751269 0.015 0.04187817258883249
0 0.4689285714285714 0.5044416243654822 0.015 0.03426395939086294
0 0.46214285714285713 0.6573604060913706 0.015714285714285715 0.04568527918781726
0 0.44892857142857145 0.6097715736040609 0.015 0.04187817258883249
0 0.4392857142857143 0.8178934010152284 0.02142857142857143 0.05964467005076142
0 0.3992857142857143 0.8965736040609137 0.022857142857142857 0.06725888324873096
0 0.5010714285714286 0.5076142131979695 0.013571428571428571 0.03299492385786802
0 0.5132142857142857 0.23477157360406092 0.010714285714285714 0.02284263959390863
0 0.5085714285714286 0.26713197969543145 0.01 0.024111675126903553
0 0.5292857142857142 0.24873096446700507 0.012857142857142857 0.025380710659898477
0 0.5103571428571428 0.44416243654822335 0.012142857142857143 0.030456852791878174
0 0.46035714285714285 0.8071065989847716 0.017857142857142856 0.0532994923857868
0 0.45285714285714285 0.8699238578680203 0.02 0.05456852791878172
0 0.5278571428571428 0.27347715736040606 0.011428571428571429 0.024111675126903553
0 0.4857142857142857 0.4086294416243655 0.012857142857142857 0.030456852791878174
3 0.47714285714285715 0.4606598984771574 0.012857142857142857 0.030456852791878174
3 0.4407142857142857 0.6560913705583756 0.015714285714285715 0.04060913705583756
3 0.4257142857142857 0.7493654822335025 0.02142857142857143 0.05456852791878172
3 0.4614285714285714 0.5393401015228426 0.015714285714285715 0.03807106598984772
3 0.48928571428571427 0.47652284263959394 0.014285714285714285 0.04187817258883249
3 0.48428571428571426 0.6275380710659898 0.014285714285714285 0.04187817258883249
3 0.4789285714285714 0.6763959390862944 0.017857142857142856 0.04568527918781726
3 0.44035714285714284 0.9524111675126904 0.020714285714285713 0.06472081218274112
0 0.41464285714285715 0.9733502538071066 0.020714285714285713 0.050761421319796954
0 0.3867857142857143 0.9803299492385786 0.023571428571428573 0.03680203045685279
3 0.53 0.2201776649746193 0.01 0.021573604060913704
0 0.5053571428571428 0.4746192893401015 0.012142857142857143 0.03553299492385787
0 0.49714285714285716 0.33883248730964466 0.01 0.027918781725888325
0 0.030357142857142857 0.39911167512690354 0.020714285714285713 0.03426395939086294
2 0.0925 0.30456852791878175 0.03214285714285714 0.050761421319796954
2 0.15321428571428572 0.2182741116751269 0.02642857142857143 0.04314720812182741
2 0.009642857142857142 0.4352791878172589 0.019285714285714285 0.0583756345177665
2 0.18428571428571427 0.19098984771573604 0.03428571428571429 0.06725888324873096
2 0.21285714285714286 0.1732233502538071 0.02142857142857143 0.04187817258883249
3 0.2382142857142857 0.08248730964467005 0.020714285714285713 0.017766497461928935
0 0.5367857142857143 0.12246192893401016 0.007857142857142858 0.01649746192893401
3 0.5375 0.08629441624365482 0.010714285714285714 0.02284263959390863
3 0.5582142857142857 0.16434010152284265 0.010714285714285714 0.0266497461928934
0 0.5682142857142857 0.13642131979695432 0.009285714285714286 0.01649746192893401
