0 0.08607142857142858 0.007619047619047619 0.015 0.015238095238095238
0 0.23107142857142857 0.5295238095238095 0.02214285714285714 0.024761904761904763
0 0.22714285714285715 0.6557142857142857 0.018571428571428572 0.029523809523809525
0 0.21035714285714285 0.6328571428571429 0.013571428571428571 0.03142857142857143
3 0.21392857142857144 0.6047619047619047 0.017857142857142856 0.02666666666666667
0 0.21928571428571428 0.5861904761904762 0.022857142857142857 0.025714285714285714
0 0.21821428571428572 0.5628571428571428 0.017857142857142856 0.01904761904761905
0 0.22357142857142856 0.5476190476190477 0.02142857142857143 0.022857142857142857
0 0.29428571428571426 0.5171428571428571 0.02142857142857143 0.01904761904761905
0 0.2907142857142857 0.5357142857142857 0.024285714285714285 0.01619047619047619
0 0.2842857142857143 0.56 0.022857142857142857 0.01904761904761905
3 0.2814285714285714 0.59 0.02142857142857143 0.018095238095238095
0 0.2692857142857143 0.6271428571428571 0.02142857142857143 0.021904761904761906
0 0.26857142857142857 0.6466666666666666 0.024285714285714285 0.01904761904761905
1 0.46285714285714286 0.7195238095238096 0.05857142857142857 0.03333333333333333
2 0.5753571428571429 0.9619047619047619 0.023571428571428573 0.024761904761904763
0 0.6503571428571429 0.9161904761904762 0.020714285714285713 0.01904761904761905
0 0.7492857142857143 0.3628571428571429 0.015714285714285715 0.03238095238095238
0 0.7753571428571429 0.37857142857142856 0.017857142857142856 0.03142857142857143
0 0.8196428571428571 0.30047619047619045 0.030714285714285715 0.029523809523809525
1 0.8375 0.32761904761904764 0.019285714285714285 0.04
0 0.9367857142857143 0.22380952380952382 0.02214285714285714 0.04
0 0.8725 0.18428571428571427 0.017857142857142856 0.03142857142857143
0 0.8960714285714285 0.1957142857142857 0.016428571428571428 0.029523809523809525
0 0.9075 0.20095238095238097 0.015 0.030476190476190476
0 0.8292857142857143 0.15095238095238095 0.017142857142857144 0.03142857142857143
0 0.7857142857142857 0.12285714285714286 0.017142857142857144 0.030476190476190476
