0 0.7139285714285715 0.820952380952381 0.11928571428571429 0.29523809523809524
0 0.1982142857142857 0.8580952380952381 0.215 0.14095238095238094
0 0.25035714285714283 0.5480952380952381 0.16214285714285714 0.09428571428571429
0 0.52 0.8771428571428571 0.10714285714285714 0.24571428571428572
0 0.26035714285714284 0.39666666666666667 0.1407142857142857 0.07333333333333333
0 0.27714285714285714 0.3304761904761905 0.12857142857142856 0.07428571428571429
0 0.2764285714285714 0.27476190476190476 0.12 0.06571428571428571
0 0.2875 0.22666666666666666 0.09928571428571428 0.05333333333333334
0 0.29178571428571426 0.18285714285714286 0.09928571428571428 0.05523809523809524
0 0.2978571428571429 0.14523809523809525 0.10857142857142857 0.058095238095238096
0 0.4832142857142857 0.4576190476190476 0.075 0.1838095238095238
0 0.6721428571428572 0.32285714285714284 0.06857142857142857 0.14095238095238094
