3 0.5778571428571428 0.4270304568527919 0.032857142857142856 0.11548223350253807
0 0.4539285714285714 0.4467005076142132 0.025 0.06598984771573604
1 0.9735714285714285 0.7544416243654822 0.05142857142857143 0.15101522842639595
3 0.39321428571428574 0.3470812182741117 0.02642857142857143 0.07487309644670051
3 0.47214285714285714 0.23857868020304568 0.027142857142857142 0.06598984771573604
0 0.5928571428571429 0.19225888324873097 0.02142857142857143 0.05456852791878172
1 0.44357142857142856 0.0932741116751269 0.024285714285714285 0.08756345177664974
1 0.8657142857142858 0.34390862944162437 0.05285714285714286 0.1319796954314721
1 0.8307142857142857 0.2506345177664975 0.047142857142857146 0.10279187817258884
3 0.805 0.1802030456852792 0.024285714285714285 0.0532994923857868
3 0.7635714285714286 0.03236040609137056 0.017142857142857144 0.03680203045685279
0 0.7153571428571428 0.014593908629441625 0.02214285714285714 0.02918781725888325
3 0.5414285714285715 0.9657360406091371 0.03571428571428571 0.06598984771573604
