0 0.09285714285714286 0.45666666666666667 0.04 0.1019047619047619
0 0.11928571428571429 0.6133333333333333 0.054285714285714284 0.09904761904761905
0 0.15821428571428572 0.7966666666666666 0.055 0.12666666666666668
0 0.03892857142857143 0.8261904761904761 0.06785714285714285 0.15142857142857144
0 0.026785714285714284 0.6742857142857143 0.05357142857142857 0.13333333333333333
0 0.49142857142857144 0.02619047619047619 0.07285714285714286 0.05238095238095238
0 0.4982142857142857 0.06 0.07214285714285715 0.05714285714285714
0 0.5157142857142857 0.10857142857142857 0.07285714285714286 0.05142857142857143
0 0.4417857142857143 0.16714285714285715 0.07642857142857143 0.06952380952380953
3 0.5353571428571429 0.14761904761904762 0.05785714285714286 0.05142857142857143
0 0.555 0.1919047619047619 0.07714285714285714 0.06190476190476191
0 0.5714285714285714 0.24 0.07571428571428572 0.06857142857142857
0 0.6039285714285715 0.3404761904761905 0.08357142857142857 0.07142857142857142
0 0.6242857142857143 0.3871428571428571 0.08 0.07142857142857142
3 0.6392857142857142 0.43857142857142856 0.07571428571428572 0.06380952380952382
0 0.6628571428571428 0.48904761904761906 0.08285714285714285 0.06761904761904762
1 0.6853571428571429 0.5642857142857143 0.125 0.0980952380952381
3 0.8257142857142857 0.9076190476190477 0.08285714285714285 0.14095238095238094
0 0.8696428571428572 0.9785714285714285 0.09071428571428572 0.04285714285714286
0 0.6664285714285715 0.049523809523809526 0.06714285714285714 0.07047619047619047
0 0.7989285714285714 0.36238095238095236 0.075 0.07714285714285714
