0 0.04675 0.7703333333333333 0.0935 0.11
0 0.416 0.7003333333333334 0.151 0.11266666666666666
3 0.361 0.6176666666666667 0.113 0.10733333333333334
0 0.81875 0.825 0.1505 0.118
0 0.773 0.5143333333333333 0.114 0.082
1 0.977 0.4136666666666667 0.046 0.078
0 0.6215 0.373 0.064 0.07933333333333334
3 0.5445 0.29333333333333333 0.049 0.08266666666666667
0 0.51425 0.23566666666666666 0.0475 0.06466666666666666
2 0.578 0.23 0.13 0.18
0 0.455 0.13533333333333333 0.029 0.04933333333333333
0 0.455 0.049666666666666665 0.032 0.03666666666666667
0 0.37625 0.06633333333333333 0.0295 0.04066666666666666
0 0.36275 0.03933333333333333 0.0275 0.034666666666666665
0 0.37925 0.013333333333333334 0.0265 0.02666666666666667
0 0.4185 0.007666666666666666 0.026 0.015333333333333332
0 0.21925 0.114 0.0305 0.03866666666666667
0 0.26025 0.11066666666666666 0.0305 0.037333333333333336
