3 0.3682142857142857 0.9171428571428571 0.04357142857142857 0.09523809523809523
0 0.3392857142857143 0.7723809523809524 0.047142857142857146 0.10095238095238095
1 0.33214285714285713 0.5661904761904762 0.03857142857142857 0.09428571428571429
0 0.2932142857142857 0.5504761904761905 0.03642857142857143 0.08190476190476191
0 0.27464285714285713 0.4638095238095238 0.03642857142857143 0.0761904761904762
1 0.2639285714285714 0.38904761904761903 0.03214285714285714 0.07904761904761905
0 0.24357142857142858 0.31523809523809526 0.03428571428571429 0.07047619047619047
0 0.3675 0.3495238095238095 0.039285714285714285 0.06285714285714286
1 0.41035714285714286 0.4157142857142857 0.04642857142857143 0.08095238095238096
0 0.5028571428571429 0.4847619047619048 0.04285714285714286 0.0761904761904762
0 0.6432142857142857 0.6076190476190476 0.052142857142857144 0.0838095238095238
1 0.7057142857142857 0.7633333333333333 0.06714285714285714 0.10952380952380952
0 0.6071428571428571 0.5190476190476191 0.04857142857142857 0.07428571428571429
0 0.5182142857142857 0.28285714285714286 0.03785714285714286 0.06285714285714286
0 0.38035714285714284 0.10142857142857142 0.029285714285714286 0.04666666666666667
0 0.5514285714285714 0.19666666666666666 0.032857142857142856 0.035238095238095235
0 0.5121428571428571 0.11 0.03142857142857143 0.04666666666666667
1 0.5353571428571429 0.10285714285714286 0.03357142857142857 0.05523809523809524
1 0.4775 0.11 0.035 0.07142857142857142
0 0.42607142857142855 0.05714285714285714 0.027857142857142858 0.0419047619047619
0 0.4082142857142857 0.017142857142857144 0.02642857142857143 0.03428571428571429
0 0.23035714285714284 0.24523809523809523 0.030714285714285715 0.06380952380952382
0 0.205 0.11476190476190476 0.027142857142857142 0.05047619047619047
0 0.19357142857142856 0.060476190476190475 0.02857142857142857 0.05619047619047619
