0 0.94825 0.9366666666666666 0.0585 0.11066666666666666
0 0.8235 0.762 0.038 0.07466666666666667
0 0.70775 0.8253333333333334 0.0645 0.08266666666666667
0 0.6855 0.6586666666666666 0.046 0.05333333333333334
0 0.59575 0.6746666666666666 0.0425 0.04933333333333333
0 0.63125 0.5983333333333334 0.0435 0.048666666666666664
0 0.559 0.6233333333333333 0.039 0.052
0 0.52625 0.576 0.0345 0.04533333333333334
0 0.5905 0.5526666666666666 0.041 0.042666666666666665
3 0.73525 0.5586666666666666 0.0345 0.048
0 0.5 0.5386666666666666 0.034 0.04
3 0.55625 0.5066666666666667 0.0295 0.04
3 0.5305 0.481 0.03 0.034
0 0.47175 0.49733333333333335 0.0305 0.03333333333333333
0 0.50325 0.45466666666666666 0.0295 0.029333333333333333
0 0.59025 0.42866666666666664 0.0365 0.025333333333333333
0 0.448 0.4663333333333333 0.027 0.03266666666666666
0 0.47975 0.4256666666666667 0.0275 0.026
0 0.42575 0.43666666666666665 0.0245 0.030666666666666665
0 0.45675 0.401 0.0245 0.023333333333333334
3 0.46725 0.38466666666666666 0.0265 0.032
0 0.40875 0.4103333333333333 0.0255 0.028666666666666667
0 0.4605 0.32066666666666666 0.028 0.018666666666666668
3 0.3895 0.38566666666666666 0.018 0.027333333333333334
3 0.3775 0.36666666666666664 0.016 0.025333333333333333
0 0.36675 0.3516666666666667 0.0175 0.024666666666666667
0 0.403 0.314 0.014 0.016
0 0.386 0.317 0.018 0.018
0 0.35525 0.337 0.0245 0.020666666666666667
0 0.3745 0.303 0.017 0.015333333333333332
0 0.342 0.32133333333333336 0.018 0.018666666666666668
0 0.3305 0.30533333333333335 0.016 0.018666666666666668
3 0.36225 0.2853333333333333 0.0155 0.021333333333333333
0 0.321 0.292 0.014 0.017333333333333333
0 0.34975 0.276 0.0145 0.016
0 0.343 0.266 0.014 0.014666666666666666
0 0.313 0.279 0.015 0.015333333333333332
0 0.3345 0.25566666666666665 0.012 0.015333333333333332
0 0.32575 0.24766666666666667 0.0125 0.014
0 0.602 0.26866666666666666 0.022 0.013333333333333334
0 0.589 0.262 0.021 0.016
3 0.49525 0.236 0.0185 0.014666666666666666
3 0.46225 0.206 0.0125 0.014666666666666666
0 0.4645 0.20166666666666666 0.011 0.01
0 0.31275 0.23166666666666666 0.0135 0.011333333333333334
1 0.304 0.22166666666666668 0.018 0.015333333333333332
0 0.27675 0.21033333333333334 0.0105 0.012666666666666666
3 0.291 0.20566666666666666 0.01 0.015333333333333332
0 0.28475 0.201 0.0095 0.011333333333333334
1 0.2595 0.20366666666666666 0.014 0.015333333333333332
0 0.27975 0.19366666666666665 0.0095 0.01
3 0.27225 0.18366666666666667 0.0105 0.012666666666666666
0 0.2555 0.19766666666666666 0.009 0.015333333333333332
0 0.24625 0.188 0.0095 0.009333333333333334
3 0.2675 0.17933333333333334 0.006 0.008
0 0.264 0.175 0.009 0.008666666666666666
0 0.2585 0.16966666666666666 0.008 0.01
0 0.2555 0.16533333333333333 0.008 0.009333333333333334
0 0.25075 0.15966666666666668 0.0075 0.008666666666666666
3 0.231 0.16466666666666666 0.01 0.012
0 0.24625 0.14733333333333334 0.0135 0.008
0 0.22125 0.15766666666666668 0.0135 0.01
0 0.2375 0.145 0.007 0.008666666666666666
3 0.24925 0.127 0.0125 0.01
0 0.21175 0.14033333333333334 0.0075 0.008666666666666666
0 0.22825 0.133 0.0065 0.007333333333333333
0 0.20825 0.13633333333333333 0.0065 0.006
0 0.20625 0.13266666666666665 0.0065 0.006666666666666667
0 0.20275 0.128 0.0065 0.008
0 0.225 0.129 0.007 0.007333333333333333
0 0.222 0.126 0.006 0.006666666666666667
0 0.2185 0.122 0.006 0.006666666666666667
0 0.22925 0.114 0.0095 0.006666666666666667
0 0.22125 0.137 0.0075 0.007333333333333333
0 0.2105 0.12433333333333334 0.007 0.007333333333333333
0 0.20475 0.11433333333333333 0.0095 0.007333333333333333
3 0.1865 0.11233333333333333 0.011 0.012666666666666666
1 0.145 0.11633333333333333 0.015 0.014
0 0.19825 0.10666666666666667 0.0095 0.006666666666666667
3 0.176 0.111 0.01 0.007333333333333333
