3 0.019642857142857142 0.049523809523809526 0.039285714285714285 0.06285714285714286
0 0.0475 0.10666666666666667 0.095 0.06476190476190476
0 0.20785714285714285 0.07380952380952381 0.09428571428571429 0.06
1 0.024642857142857143 0.6128571428571429 0.04928571428571429 0.11523809523809524
0 0.6607142857142857 0.40095238095238095 0.10142857142857142 0.13523809523809524
0 0.44642857142857145 0.014285714285714285 0.04 0.02857142857142857
3 0.5942857142857143 0.029523809523809525 0.03571428571428571 0.05904761904761905
0 0.6628571428571428 0.03428571428571429 0.03857142857142857 0.06857142857142857
0 0.73 0.03238095238095238 0.04285714285714286 0.06476190476190476
0 0.8317857142857142 0.041428571428571426 0.05071428571428571 0.08285714285714285
0 0.8832142857142857 0.03857142857142857 0.04357142857142857 0.07714285714285714
0 0.7085714285714285 0.19095238095238096 0.08285714285714285 0.06952380952380953
0 0.9775 0.03619047619047619 0.04357142857142857 0.05523809523809524
0 0.9771428571428571 0.10047619047619048 0.045714285714285714 0.07142857142857142
0 0.9614285714285714 0.16380952380952382 0.07714285714285714 0.06666666666666667
0 0.9635714285714285 0.2280952380952381 0.07285714285714286 0.06190476190476191
