0 0.378 0.866 0.071 0.15333333333333332
0 0.6025 0.382 0.019 0.016
0 0.59025 0.365 0.0145 0.012666666666666666
0 0.47675 0.475 0.0215 0.03133333333333333
0 0.46175 0.5393333333333333 0.0235 0.03866666666666667
0 0.47325 0.5066666666666667 0.0215 0.032
0 0.485 0.44566666666666666 0.018 0.026
0 0.56975 0.5113333333333333 0.0375 0.029333333333333333
0 0.5255 0.35633333333333334 0.009 0.012666666666666666
0 0.533 0.3323333333333333 0.017 0.01
3 0.50925 0.349 0.0085 0.014
3 0.628 0.6293333333333333 0.036 0.08266666666666667
3 0.49525 0.6326666666666667 0.0345 0.058666666666666666
1 0.673 0.825 0.105 0.26866666666666666
1 0.67675 0.5843333333333334 0.0985 0.09133333333333334
0 0.64225 0.526 0.0575 0.032
0 0.74025 0.523 0.0555 0.03266666666666666
3 0.678 0.502 0.054 0.036
0 0.6645 0.4623333333333333 0.04 0.03133333333333333
0 0.649 0.42233333333333334 0.037 0.022
0 0.64375 0.4093333333333333 0.0355 0.017333333333333333
0 0.628 0.39266666666666666 0.026 0.02
0 0.7475 0.5606666666666666 0.055 0.03333333333333333
