0 0.19464285714285715 0.015238095238095238 0.02642857142857143 0.030476190476190476
0 0.095 0.3880952380952381 0.05 0.09047619047619047
0 0.16535714285714287 0.31857142857142856 0.04357142857142857 0.07523809523809524
0 0.7996428571428571 0.5580952380952381 0.10928571428571429 0.08571428571428572
3 0.7328571428571429 0.4938095238095238 0.12 0.1
1 0.6478571428571429 0.37714285714285717 0.11714285714285715 0.09714285714285714
3 0.7782142857142857 0.18666666666666668 0.04928571428571429 0.045714285714285714
3 0.5985714285714285 0.19428571428571428 0.05714285714285714 0.04380952380952381
3 0.4475 0.33714285714285713 0.04642857142857143 0.07238095238095238
1 0.4332142857142857 0.26 0.05071428571428571 0.10476190476190476
3 0.39071428571428574 0.16904761904761906 0.04 0.06
0 0.6957142857142857 0.20761904761904762 0.05 0.049523809523809526
0 0.7371428571428571 0.20095238095238097 0.045714285714285714 0.047619047619047616
0 0.5953571428571428 0.3557142857142857 0.07928571428571428 0.06
0 0.8528571428571429 0.12571428571428572 0.05142857142857143 0.0380952380952381
0 0.009285714285714286 0.1838095238095238 0.018571428571428572 0.024761904761904763
0 0.01 0.16047619047619047 0.02 0.03333333333333333
0 0.017142857142857144 0.14904761904761904 0.03428571428571429 0.02761904761904762
0 0.019642857142857142 0.12238095238095238 0.039285714285714285 0.03142857142857143
0 0.022857142857142857 0.10285714285714286 0.045714285714285714 0.02857142857142857
0 0.026785714285714284 0.08761904761904762 0.05357142857142857 0.0380952380952381
0 0.04607142857142857 0.062380952380952384 0.056428571428571425 0.040952380952380955
0 0.05071428571428571 0.039523809523809524 0.05 0.01619047619047619
0 0.05892857142857143 0.02619047619047619 0.047857142857142855 0.023809523809523808
0 0.06607142857142857 0.014285714285714285 0.04928571428571429 0.02666666666666667
0 0.3067857142857143 0.023333333333333334 0.03785714285714286 0.023809523809523808
3 0.31107142857142855 0.030476190476190476 0.04357142857142857 0.02857142857142857
0 0.3078571428571429 0.049523809523809526 0.045714285714285714 0.02857142857142857
0 0.30428571428571427 0.09523809523809523 0.022857142857142857 0.03238095238095238
3 0.3632142857142857 0.1219047619047619 0.023571428571428573 0.04380952380952381
