3 0.5093945720250522 0.8311688311688312 0.04488517745302714 0.059369202226345084
0 0.494258872651357 0.5352504638218923 0.020876826722338204 0.05380333951762523
0 0.5537578288100209 0.5909090909090909 0.04175365344467641 0.03525046382189239
0 0.5605427974947808 0.5616883116883117 0.038622129436325675 0.03432282003710575
0 0.5626304801670147 0.5282931354359925 0.04384133611691023 0.0287569573283859
0 0.5621085594989561 0.4601113172541744 0.03549060542797495 0.029684601113172542
0 0.5125260960334029 0.38636363636363635 0.014613778705636743 0.03432282003710575
0 0.5597599164926931 0.3232838589981447 0.029749478079331943 0.023191094619666047
0 0.5623695198329853 0.30612244897959184 0.02244258872651357 0.016697588126159554
0 0.5618475991649269 0.29916512059369205 0.02348643006263048 0.01948051948051948
0 0.5628914405010439 0.2453617810760668 0.02244258872651357 0.017625231910946195
0 0.5174843423799582 0.23144712430426717 0.013048016701461378 0.02504638218923933
0 0.5715031315240083 0.22541743970315398 0.019832985386221295 0.01855287569573284
0 0.5628914405010439 0.22217068645640073 0.01826722338204593 0.023191094619666047
0 0.5683716075156576 0.1989795918367347 0.015657620041753653 0.012059369202226345
0 0.579070981210856 0.17578849721706866 0.02035490605427975 0.013914656771799629
0 0.5793319415448852 0.18460111317254174 0.021920668058455117 0.014842300556586271
0 0.6028183716075156 0.10575139146567718 0.005219206680584551 0.012987012987012988
0 0.6025574112734864 0.12523191094619665 0.005741127348643006 0.012987012987012988
0 0.8447286012526096 0.4137291280148423 0.03914405010438413 0.029684601113172542
0 0.8971816283924844 0.5111317254174397 0.03966597077244259 0.029684601113172542
0 0.9313674321503131 0.27782931354359924 0.02348643006263048 0.026901669758812616
0 0.9879958246346555 0.349721706864564 0.022964509394572025 0.03339517625231911
0 0.7646137787056367 0.006493506493506494 0.007306889352818371 0.00927643784786642
