1 0.6746428571428571 0.6661904761904762 0.07785714285714286 0.11904761904761904
3 0.5028571428571429 0.37714285714285717 0.03142857142857143 0.05333333333333334
3 0.36857142857142855 0.35523809523809524 0.025714285714285714 0.049523809523809526
3 0.4210714285714286 0.09380952380952381 0.012142857142857143 0.01619047619047619
0 0.41892857142857143 0.2519047619047619 0.016428571428571428 0.03142857142857143
0 0.37857142857142856 0.2947619047619048 0.024285714285714285 0.04285714285714286
0 0.35428571428571426 0.27666666666666667 0.027142857142857142 0.035238095238095235
0 0.3807142857142857 0.6523809523809524 0.047142857142857146 0.10285714285714286
0 0.5360714285714285 0.5238095238095238 0.03785714285714286 0.07428571428571429
0 0.3717857142857143 0.8538095238095238 0.065 0.16095238095238096
0 0.7475 0.5042857142857143 0.052142857142857144 0.08095238095238096
0 0.3271428571428571 0.579047619047619 0.05285714285714286 0.09904761904761905
0 0.39321428571428574 0.5466666666666666 0.04214285714285714 0.08571428571428572
0 0.25107142857142856 0.5752380952380952 0.055 0.10095238095238095
0 0.24464285714285713 0.93 0.08642857142857142 0.1361904761904762
0 0.42678571428571427 0.15523809523809523 0.017857142857142856 0.022857142857142857
0 0.41464285714285715 0.12 0.009285714285714286 0.015238095238095238
0 0.3960714285714286 0.14142857142857143 0.013571428571428571 0.02
3 0.3603571428571429 0.047142857142857146 0.016428571428571428 0.008571428571428572
3 0.3175 0.0838095238095238 0.02214285714285714 0.011428571428571429
3 0.32392857142857145 0.09619047619047619 0.02214285714285714 0.013333333333333334
3 0.32607142857142857 0.07571428571428572 0.019285714285714285 0.012380952380952381
3 0.3142857142857143 0.07523809523809524 0.018571428571428572 0.01904761904761905
3 0.3682142857142857 0.037142857142857144 0.016428571428571428 0.011428571428571429
3 0.49642857142857144 0.08476190476190476 0.011428571428571429 0.013333333333333334
3 0.38857142857142857 0.19523809523809524 0.02 0.03619047619047619
0 0.39535714285714285 0.12285714285714286 0.012142857142857143 0.015238095238095238
0 0.4 0.11095238095238096 0.012857142857142857 0.02
0 0.4057142857142857 0.09333333333333334 0.008571428571428572 0.009523809523809525
2 0.3732142857142857 0.11952380952380952 0.023571428571428573 0.039047619047619046
0 0.4375 0.08619047619047619 0.010714285714285714 0.014285714285714285
0 0.5032142857142857 0.07476190476190477 0.010714285714285714 0.012380952380952381
0 0.4853571428571429 0.022857142857142857 0.0035714285714285713 0.009523809523809525
3 0.5807142857142857 0.15142857142857144 0.012857142857142857 0.022857142857142857
3 0.5696428571428571 0.13285714285714287 0.020714285714285713 0.02
3 0.5792857142857143 0.11238095238095239 0.03571428571428571 0.01904761904761905
3 0.5692857142857143 0.08238095238095237 0.03857142857142857 0.02
0 0.5767857142857142 0.10666666666666667 0.04214285714285714 0.015238095238095238
0 0.5735714285714286 0.1 0.03857142857142857 0.02095238095238095
0 0.9089285714285714 0.16857142857142857 0.03642857142857143 0.02095238095238095
0 0.7960714285714285 0.17761904761904762 0.02642857142857143 0.02
0 0.6814285714285714 0.17142857142857143 0.025714285714285714 0.02095238095238095
0 0.6578571428571428 0.14809523809523809 0.018571428571428572 0.018095238095238095
0 0.6425 0.13523809523809524 0.016428571428571428 0.022857142857142857
0 0.6357142857142857 0.12571428571428572 0.014285714285714285 0.013333333333333334
0 0.6314285714285715 0.11142857142857143 0.014285714285714285 0.02095238095238095
0 0.5896428571428571 0.06666666666666667 0.007857142857142858 0.015238095238095238
