0 0.48725 0.6356666666666667 0.1095 0.218
0 0.6495 0.36 0.059 0.08133333333333333
1 0.314 0.3526666666666667 0.095 0.11466666666666667
1 0.58225 0.255 0.1015 0.07133333333333333
0 0.5425 0.21966666666666668 0.037 0.048666666666666664
0 0.49325 0.24233333333333335 0.0435 0.051333333333333335
1 0.44725 0.18266666666666667 0.0385 0.052
1 0.603 0.17933333333333334 0.07 0.04133333333333333
0 0.59775 0.168 0.0515 0.032
3 0.47675 0.127 0.0215 0.03666666666666667
1 0.46375 0.108 0.0545 0.04666666666666667
0 0.5035 0.08933333333333333 0.02 0.028
1 0.5565 0.12 0.026 0.03866666666666667
1 0.60475 0.07566666666666666 0.0275 0.054
0 0.50575 0.076 0.0345 0.02
0 0.52225 0.059 0.0125 0.018
0 0.5285 0.05433333333333333 0.012 0.015333333333333332
0 0.52975 0.048 0.0125 0.014666666666666666
