0 0.89225 0.732 0.0415 0.09466666666666666
0 0.73775 0.6756666666666666 0.0345 0.08466666666666667
0 0.70025 0.6576666666666666 0.0325 0.08333333333333333
0 0.6585 0.6483333333333333 0.033 0.07266666666666667
0 0.60575 0.6323333333333333 0.0385 0.086
0 0.59175 0.8626666666666667 0.0695 0.104
3 0.18 0.701 0.087 0.062
0 0.105 0.671 0.061 0.082
3 0.03575 0.6606666666666666 0.0545 0.08
0 0.0255 0.476 0.051 0.06
0 0.11125 0.496 0.0295 0.06
0 0.14725 0.508 0.0445 0.07066666666666667
0 0.23225 0.5203333333333333 0.0375 0.05533333333333333
0 0.26125 0.5373333333333333 0.0375 0.068
0 0.32175 0.561 0.0375 0.07266666666666667
0 0.292 0.4643333333333333 0.064 0.03933333333333333
0 0.403 0.4013333333333333 0.034 0.056
0 0.5305 0.42866666666666664 0.032 0.06133333333333333
0 0.4965 0.41333333333333333 0.035 0.06266666666666666
