0 0.20475 0.859 0.0765 0.162
0 0.24925 0.638 0.0505 0.09733333333333333
3 0.4025 0.25366666666666665 0.025 0.046
0 0.3595 0.198 0.018 0.029333333333333333
0 0.3645 0.16866666666666666 0.017 0.025333333333333333
0 0.307 0.16333333333333333 0.035 0.02266666666666667
0 0.31525 0.13266666666666665 0.0155 0.021333333333333333
3 0.307 0.11933333333333333 0.033 0.016
3 0.3225 0.11133333333333334 0.033 0.018666666666666668
0 0.311 0.09933333333333333 0.017 0.018666666666666668
3 0.327 0.09866666666666667 0.014 0.017333333333333333
3 0.38225 0.09666666666666666 0.0135 0.02
0 0.36075 0.08666666666666667 0.0255 0.02
0 0.35525 0.007666666666666666 0.0185 0.01
3 0.35775 0.010666666666666666 0.0165 0.009333333333333334
0 0.33775 0.039 0.0275 0.014
0 0.34075 0.031 0.0205 0.01
0 0.33825 0.037 0.0265 0.012666666666666666
0 0.3895 0.064 0.013 0.024
0 0.40025 0.02 0.0105 0.012
3 0.534 0.019666666666666666 0.009 0.011333333333333334
3 0.5755 0.089 0.011 0.014
3 0.581 0.09933333333333333 0.015 0.018666666666666668
3 0.6035 0.142 0.017 0.018666666666666668
3 0.6235 0.175 0.02 0.023333333333333334
3 0.655 0.23 0.027 0.036
0 0.674 0.264 0.032 0.030666666666666665
3 0.88 0.5753333333333334 0.092 0.10266666666666667
0 0.62175 0.453 0.0415 0.059333333333333335
0 0.48125 0.27266666666666667 0.0235 0.042666666666666665
