3 0.10575 0.38 0.0475 0.06
3 0.05 0.43866666666666665 0.08 0.06533333333333333
3 0.06275 0.5176666666666667 0.1025 0.06466666666666666
0 0.12775 0.4603333333333333 0.0565 0.066
0 0.19525 0.484 0.0455 0.08266666666666667
0 0.0545 0.5836666666666667 0.108 0.06333333333333334
0 0.04075 0.6696666666666666 0.0795 0.07
3 0.01775 0.7586666666666667 0.0355 0.08
0 0.1565 0.5606666666666666 0.062 0.09466666666666666
0 0.2235 0.6063333333333333 0.106 0.07533333333333334
0 0.15525 0.6796666666666666 0.1115 0.08333333333333333
0 0.135 0.7743333333333333 0.125 0.114
3 0.3905 0.5076666666666667 0.069 0.086
0 0.34575 0.6036666666666667 0.1005 0.062
3 0.2725 0.738 0.1 0.14266666666666666
3 0.3905 0.7146666666666667 0.124 0.144
0 0.31625 0.9393333333333334 0.1055 0.12133333333333333
0 0.39225 0.886 0.1215 0.164
0 0.51925 0.821 0.1085 0.15933333333333333
3 0.56575 0.7403333333333333 0.1095 0.13666666666666666
3 0.515 0.5226666666666666 0.077 0.096
3 0.427 0.29233333333333333 0.031 0.054
1 0.45475 0.2826666666666667 0.0335 0.06
3 0.49675 0.27166666666666667 0.0525 0.046
3 0.557 0.261 0.05 0.03133333333333333
3 0.98525 0.5666666666666667 0.0295 0.05733333333333333
0 0.854 0.318 0.066 0.05333333333333334
0 0.7885 0.3546666666666667 0.081 0.05466666666666667
0 0.753 0.32466666666666666 0.079 0.04533333333333334
3 0.63825 0.14333333333333334 0.0435 0.029333333333333333
3 0.65425 0.129 0.0385 0.024666666666666667
3 0.69525 0.138 0.0415 0.02666666666666667
3 0.728 0.15066666666666667 0.045 0.032
3 0.76775 0.13766666666666666 0.0415 0.03266666666666666
1 0.754 0.17366666666666666 0.041 0.043333333333333335
3 0.78125 0.15566666666666668 0.0435 0.03
3 0.78475 0.17133333333333334 0.0435 0.037333333333333336
3 0.801 0.13433333333333333 0.031 0.034
3 0.6225 0.106 0.021 0.030666666666666665
3 0.604 0.105 0.017 0.03
3 0.5345 0.11033333333333334 0.047 0.023333333333333334
0 0.59775 0.08633333333333333 0.0295 0.024666666666666667
3 0.598 0.07 0.028 0.030666666666666665
3 0.59475 0.05333333333333334 0.0175 0.024
3 0.54325 0.05566666666666667 0.0155 0.023333333333333334
1 0.642 0.05433333333333333 0.045 0.03666666666666667
0 0.6675 0.024333333333333332 0.032 0.019333333333333334
3 0.66625 0.015 0.0245 0.015333333333333332
0 0.61775 0.024666666666666667 0.0295 0.018666666666666668
0 0.57775 0.037 0.0255 0.024666666666666667
0 0.5165 0.08066666666666666 0.031 0.02
3 0.519 0.066 0.032 0.02266666666666667
1 0.51825 0.05533333333333333 0.0375 0.029333333333333333
3 0.51625 0.04566666666666667 0.0235 0.016666666666666666
3 0.5125 0.046 0.029 0.02
3 0.51225 0.033666666666666664 0.0325 0.019333333333333334
0 0.554 0.025 0.032 0.023333333333333334
