0 0.018571428571428572 0.8819047619047619 0.037142857142857144 0.10666666666666667
0 0.08357142857142857 0.8219047619047619 0.05857142857142857 0.09333333333333334
0 0.27714285714285714 0.8452380952380952 0.06142857142857143 0.09047619047619047
0 0.235 0.7490476190476191 0.05142857142857143 0.08095238095238096
0 0.2042857142857143 0.669047619047619 0.041428571428571426 0.06380952380952382
0 0.17142857142857143 0.5938095238095238 0.03571428571428571 0.058095238095238096
0 0.0175 0.6857142857142857 0.035 0.06476190476190476
0 0.04607142857142857 0.5138095238095238 0.05785714285714286 0.040952380952380955
0 0.2742857142857143 0.6223809523809524 0.05 0.06380952380952382
2 0.14035714285714285 0.4219047619047619 0.125 0.11428571428571428
0 0.3460714285714286 0.46904761904761905 0.05785714285714286 0.04476190476190476
3 0.12035714285714286 0.3647619047619048 0.03214285714285714 0.0419047619047619
0 0.04428571428571428 0.43714285714285717 0.04 0.047619047619047616
0 0.019642857142857142 0.40523809523809523 0.03785714285714286 0.04857142857142857
0 0.47714285714285715 0.7623809523809524 0.07571428571428572 0.054285714285714284
0 0.405 0.7261904761904762 0.06714285714285714 0.06380952380952382
0 0.33535714285714285 0.6819047619047619 0.056428571428571425 0.06476190476190476
3 0.6485714285714286 0.8690476190476191 0.04285714285714286 0.10571428571428572
0 0.7310714285714286 0.8176190476190476 0.04642857142857143 0.10571428571428572
3 0.7842857142857143 0.7947619047619048 0.054285714285714284 0.09238095238095238
0 0.8235714285714286 0.7866666666666666 0.05142857142857143 0.09142857142857143
0 0.8739285714285714 0.7866666666666666 0.047857142857142855 0.08571428571428572
0 0.9514285714285714 0.7742857142857142 0.05857142857142857 0.10095238095238095
