0 0.5935714285714285 0.05476190476190476 0.007142857142857143 0.008571428571428572
0 0.5878571428571429 0.05904761904761905 0.011428571428571429 0.011428571428571429
0 0.5728571428571428 0.06380952380952382 0.015714285714285715 0.009523809523809525
0 0.5696428571428571 0.060476190476190475 0.013571428571428571 0.008571428571428572
0 0.5903571428571428 0.09666666666666666 0.017857142857142856 0.010476190476190476
1 0.5196428571428572 0.16666666666666666 0.04642857142857143 0.02666666666666667
3 0.5232142857142857 0.2 0.02642857142857143 0.017142857142857144
0 0.48642857142857143 0.2 0.025714285714285714 0.017142857142857144
0 0.5557142857142857 0.3376190476190476 0.037142857142857144 0.023809523809523808
1 0.5507142857142857 0.36142857142857143 0.04428571428571428 0.023809523809523808
1 0.5503571428571429 0.38 0.045 0.024761904761904763
0 0.5503571428571429 0.3976190476190476 0.04071428571428572 0.023809523809523808
0 0.47285714285714286 0.38285714285714284 0.024285714285714285 0.02857142857142857
0 0.5482142857142858 0.4276190476190476 0.03785714285714286 0.024761904761904763
3 0.5407142857142857 0.4438095238095238 0.047142857142857146 0.03428571428571429
0 0.5342857142857143 0.46904761904761905 0.047142857142857146 0.02761904761904762
1 0.5271428571428571 0.49238095238095236 0.05285714285714286 0.02857142857142857
0 0.5321428571428571 0.5171428571428571 0.05 0.03428571428571429
3 0.5221428571428571 0.5438095238095239 0.04857142857142857 0.03619047619047619
0 0.5128571428571429 0.5666666666666667 0.041428571428571426 0.02857142857142857
0 0.5096428571428572 0.5904761904761905 0.04214285714285714 0.03238095238095238
0 0.5028571428571429 0.62 0.04428571428571428 0.03428571428571429
0 0.38785714285714284 0.5290476190476191 0.047142857142857146 0.03142857142857143
0 0.38285714285714284 0.5538095238095239 0.03571428571428571 0.03333333333333333
0 0.3703571428571429 0.580952380952381 0.04642857142857143 0.03428571428571429
0 0.3607142857142857 0.6052380952380952 0.047142857142857146 0.035238095238095235
0 0.3485714285714286 0.6376190476190476 0.04428571428571428 0.039047619047619046
0 0.33714285714285713 0.6671428571428571 0.047142857142857146 0.039047619047619046
0 0.32857142857142857 0.7014285714285714 0.041428571428571426 0.039047619047619046
0 0.4925 0.7038095238095238 0.062142857142857146 0.04380952380952381
0 0.48464285714285715 0.7461904761904762 0.06785714285714285 0.04666666666666667
0 0.23142857142857143 0.939047619047619 0.05857142857142857 0.05523809523809524
0 0.21821428571428572 0.9861904761904762 0.07357142857142857 0.025714285714285714
1 0.7514285714285714 0.4819047619047619 0.03142857142857143 0.08190476190476191
1 0.63 0.5376190476190477 0.02857142857142857 0.07523809523809524
1 0.8007142857142857 0.16952380952380952 0.025714285714285714 0.024761904761904763
0 0.8289285714285715 0.13238095238095238 0.02214285714285714 0.013333333333333334
