0 0.2117857142857143 0.08952380952380952 0.007857142857142858 0.022857142857142857
0 0.23857142857142857 0.24571428571428572 0.022857142857142857 0.013333333333333334
0 0.26571428571428574 0.24714285714285714 0.024285714285714285 0.014285714285714285
0 0.39714285714285713 0.2557142857142857 0.024285714285714285 0.014285714285714285
1 0.17821428571428571 0.27285714285714285 0.03214285714285714 0.021904761904761906
0 0.2042857142857143 0.2804761904761905 0.02 0.012380952380952381
0 0.26142857142857145 0.28285714285714286 0.022857142857142857 0.013333333333333334
0 0.2910714285714286 0.28476190476190477 0.02214285714285714 0.011428571428571429
0 0.3157142857142857 0.28523809523809524 0.022857142857142857 0.012380952380952381
0 0.3817857142857143 0.29 0.023571428571428573 0.014285714285714285
0 0.4375 0.29285714285714287 0.023571428571428573 0.012380952380952381
0 0.48857142857142855 0.26095238095238094 0.022857142857142857 0.015238095238095238
3 0.5682142857142857 0.30047619047619045 0.025 0.01619047619047619
0 0.6032142857142857 0.32904761904761903 0.010714285714285714 0.029523809523809525
0 0.5875 0.32571428571428573 0.010714285714285714 0.02857142857142857
0 0.6046428571428571 0.3738095238095238 0.023571428571428573 0.01619047619047619
0 0.6246428571428572 0.1580952380952381 0.010714285714285714 0.024761904761904763
0 0.5385714285714286 0.09047619047619047 0.008571428571428572 0.024761904761904763
0 0.49607142857142855 0.1976190476190476 0.020714285714285713 0.014285714285714285
0 0.4714285714285714 0.19380952380952382 0.02142857142857143 0.012380952380952381
0 0.435 0.1661904761904762 0.02142857142857143 0.014285714285714285
0 0.43357142857142855 0.1919047619047619 0.02142857142857143 0.012380952380952381
0 0.4092857142857143 0.1895238095238095 0.02142857142857143 0.013333333333333334
0 0.38357142857142856 0.18761904761904763 0.02 0.011428571428571429
0 0.36 0.18714285714285714 0.017142857142857144 0.012380952380952381
0 0.3289285714285714 0.18571428571428572 0.02214285714285714 0.015238095238095238
0 0.6535714285714286 0.30714285714285716 0.017142857142857144 0.010476190476190476
0 0.6778571428571428 0.2733333333333333 0.022857142857142857 0.011428571428571429
0 0.7053571428571429 0.2761904761904762 0.023571428571428573 0.013333333333333334
0 0.5989285714285715 0.39285714285714285 0.023571428571428573 0.018095238095238095
0 0.6010714285714286 0.4104761904761905 0.019285714285714285 0.015238095238095238
0 0.5942857142857143 0.4276190476190476 0.025714285714285714 0.017142857142857144
0 0.5882142857142857 0.44476190476190475 0.025 0.015238095238095238
0 0.5792857142857143 0.4819047619047619 0.024285714285714285 0.015238095238095238
0 0.5703571428571429 0.5052380952380953 0.02642857142857143 0.01619047619047619
0 0.5625 0.5219047619047619 0.025 0.015238095238095238
0 0.5521428571428572 0.5414285714285715 0.024285714285714285 0.018095238095238095
0 0.5542857142857143 0.5604761904761905 0.027142857142857142 0.021904761904761906
0 0.7642857142857142 0.21666666666666667 0.012857142857142857 0.02761904761904762
