1 0.4064285714285714 0.2895238095238095 0.005714285714285714 0.015238095238095238
1 0.3914285714285714 0.42523809523809525 0.008571428571428572 0.023809523809523808
1 0.3964285714285714 0.4138095238095238 0.005714285714285714 0.014285714285714285
0 0.3992857142857143 0.37952380952380954 0.005714285714285714 0.010476190476190476
0 0.3964285714285714 0.4014285714285714 0.005714285714285714 0.010476190476190476
0 0.36392857142857143 0.4004761904761905 0.0064285714285714285 0.008571428571428572
0 0.35714285714285715 0.39714285714285713 0.005714285714285714 0.011428571428571429
0 0.3539285714285714 0.42095238095238097 0.007857142857142858 0.013333333333333334
1 0.3732142857142857 0.8014285714285714 0.02214285714285714 0.07714285714285714
1 0.38357142857142856 0.58 0.014285714285714285 0.04380952380952381
1 0.38142857142857145 0.6533333333333333 0.01 0.03238095238095238
0 0.385 0.540952380952381 0.01 0.02095238095238095
0 0.38035714285714284 0.5128571428571429 0.009285714285714286 0.02
0 0.39071428571428574 0.4838095238095238 0.008571428571428572 0.017142857142857144
0 0.39357142857142857 0.44571428571428573 0.007142857142857143 0.015238095238095238
3 0.35714285714285715 0.43238095238095237 0.005714285714285714 0.013333333333333334
3 0.34 0.4785714285714286 0.007142857142857143 0.018095238095238095
0 0.8792857142857143 0.8723809523809524 0.04428571428571428 0.045714285714285714
0 0.8696428571428572 0.9147619047619048 0.04642857142857143 0.029523809523809525
0 0.8478571428571429 0.8385714285714285 0.041428571428571426 0.02761904761904762
1 0.7496428571428572 0.6857142857142857 0.04214285714285714 0.06476190476190476
0 0.7921428571428571 0.7342857142857143 0.032857142857142856 0.02095238095238095
0 0.7235714285714285 0.6104761904761905 0.015714285714285715 0.01904761904761905
