0 0.73 0.6961904761904761 0.16857142857142857 0.10476190476190476
0 0.5707142857142857 0.5166666666666667 0.06571428571428571 0.12095238095238095
0 0.6507142857142857 0.4280952380952381 0.11857142857142858 0.06761904761904762
0 0.6264285714285714 0.3485714285714286 0.07285714285714286 0.06666666666666667
0 0.6146428571428572 0.30904761904761907 0.095 0.05619047619047619
3 0.6010714285714286 0.26571428571428574 0.09785714285714285 0.06857142857142857
0 0.12928571428571428 0.5333333333333333 0.1 0.13333333333333333
0 0.24464285714285713 0.37857142857142856 0.10214285714285715 0.09238095238095238
0 0.04 0.7885714285714286 0.08 0.22857142857142856
3 0.27714285714285714 0.23904761904761904 0.05142857142857143 0.0761904761904762
0 0.5321428571428571 0.23238095238095238 0.03571428571428571 0.049523809523809526
0 0.3192857142857143 0.17095238095238094 0.037142857142857144 0.04857142857142857
1 0.34 0.10476190476190476 0.045714285714285714 0.0761904761904762
0 0.44821428571428573 0.10428571428571429 0.025 0.03142857142857143
0 0.49 0.10047619047619048 0.02142857142857143 0.035238095238095235
0 0.45321428571428574 0.07285714285714286 0.019285714285714285 0.02761904761904762
0 0.51 0.0419047619047619 0.03571428571428571 0.022857142857142857
0 0.45035714285714284 0.03619047619047619 0.020714285714285713 0.024761904761904763
0 0.4496428571428571 0.01 0.016428571428571428 0.02
0 0.585 0.1957142857142857 0.07 0.040952380952380955
0 0.5742857142857143 0.17904761904761904 0.06857142857142857 0.0380952380952381
