0 0.566 0.887 0.193 0.118
3 0.1935 0.4503333333333333 0.067 0.10333333333333333
3 0.40625 0.439 0.0845 0.12333333333333334
3 0.2555 0.4633333333333333 0.086 0.13333333333333333
3 0.69275 0.4216666666666667 0.0855 0.08333333333333333
0 0.40375 0.037 0.0305 0.018
3 0.4185 0.09033333333333333 0.02 0.03133333333333333
0 0.4245 0.015 0.008 0.008666666666666666
0 0.40625 0.029666666666666668 0.0195 0.014
0 0.4095 0.02666666666666667 0.024 0.014666666666666666
0 0.40975 0.021666666666666667 0.0215 0.01
