0 0.23392857142857143 0.39285714285714285 0.056428571428571425 0.08095238095238096
0 0.15428571428571428 0.4042857142857143 0.06714285714285714 0.09428571428571429
3 0.026785714285714284 0.7966666666666666 0.052142857142857144 0.12285714285714286
0 0.5332142857142858 0.8585714285714285 0.115 0.08476190476190476
3 0.5157142857142857 0.7785714285714286 0.09571428571428571 0.08095238095238096
0 0.37142857142857144 0.71 0.06714285714285714 0.12666666666666668
0 0.665 0.4576190476190476 0.032857142857142856 0.07333333333333333
0 0.5407142857142857 0.4328571428571429 0.041428571428571426 0.08095238095238096
0 0.5846428571428571 0.4328571428571429 0.039285714285714285 0.07904761904761905
0 0.5860714285714286 0.28714285714285714 0.06928571428571428 0.05047619047619047
0 0.6314285714285715 0.19047619047619047 0.03571428571428571 0.06285714285714286
0 0.5903571428571428 0.16714285714285715 0.029285714285714286 0.040952380952380955
0 0.5503571428571429 0.1738095238095238 0.03214285714285714 0.04666666666666667
0 0.6753571428571429 0.31761904761904763 0.07642857142857143 0.04857142857142857
3 0.6325 0.05761904761904762 0.02642857142857143 0.06
0 0.3217857142857143 0.2261904761904762 0.045 0.06952380952380953
0 0.35714285714285715 0.17 0.04285714285714286 0.06190476190476191
0 0.38642857142857145 0.11095238095238096 0.04 0.06
0 0.4382142857142857 0.07 0.03642857142857143 0.05047619047619047
3 0.44642857142857145 0.013333333333333334 0.032857142857142856 0.02666666666666667
