0 0.46785714285714286 0.8804761904761905 0.037142857142857144 0.15714285714285714
0 0.56 0.8652380952380953 0.037142857142857144 0.11333333333333333
0 0.5253571428571429 0.5423809523809524 0.025 0.06380952380952382
0 0.4907142857142857 0.3538095238095238 0.018571428571428572 0.05047619047619047
1 0.3271428571428571 0.48904761904761906 0.054285714285714284 0.039047619047619046
3 0.43 0.2857142857142857 0.03428571428571429 0.02666666666666667
0 0.42964285714285716 0.12666666666666668 0.019285714285714285 0.01904761904761905
0 0.5010714285714286 0.15428571428571428 0.015 0.030476190476190476
0 0.4425 0.01904761904761905 0.013571428571428571 0.013333333333333334
3 0.5264285714285715 0.42952380952380953 0.018571428571428572 0.04380952380952381
3 0.5764285714285714 0.4228571428571429 0.02142857142857143 0.049523809523809526
0 0.6353571428571428 0.3333333333333333 0.03357142857142857 0.024761904761904763
0 0.6342857142857142 0.2985714285714286 0.04285714285714286 0.023809523809523808
1 0.6278571428571429 0.31047619047619046 0.05714285714285714 0.02857142857142857
1 0.6703571428571429 0.5052380952380953 0.020714285714285713 0.035238095238095235
1 0.8114285714285714 0.9095238095238095 0.08 0.14095238095238094
1 0.7557142857142857 0.8638095238095238 0.037142857142857144 0.10095238095238095
