1 0.42142857142857143 0.39285714285714285 0.012857142857142857 0.02761904761904762
1 0.4682142857142857 0.28285714285714286 0.010714285714285714 0.017142857142857144
1 0.5167857142857143 0.18142857142857144 0.005 0.012380952380952381
0 0.48178571428571426 0.2538095238095238 0.0035714285714285713 0.008571428571428572
0 0.6582142857142858 0.7519047619047619 0.03642857142857143 0.025714285714285714
0 0.7832142857142858 0.6319047619047619 0.025 0.021904761904761906
0 0.8121428571428572 0.6204761904761905 0.025714285714285714 0.021904761904761906
0 0.8414285714285714 0.6090476190476191 0.027142857142857142 0.021904761904761906
0 0.8696428571428572 0.599047619047619 0.02642857142857143 0.02095238095238095
0 0.9389285714285714 0.5733333333333334 0.023571428571428573 0.02095238095238095
0 0.6782142857142858 0.6671428571428571 0.03214285714285714 0.02
0 0.7471428571428571 0.6461904761904762 0.02857142857142857 0.023809523809523808
0 0.8939285714285714 0.5904761904761905 0.025 0.02095238095238095
0 0.9146428571428571 0.5828571428571429 0.023571428571428573 0.017142857142857144
0 0.6492857142857142 0.54 0.027142857142857142 0.01904761904761905
3 0.6207142857142857 0.758095238095238 0.025714285714285714 0.03619047619047619
0 0.0375 0.490952380952381 0.025 0.023809523809523808
0 0.012857142857142857 0.5104761904761905 0.024285714285714285 0.022857142857142857
0 0.0875 0.4461904761904762 0.013571428571428571 0.012380952380952381
0 0.6746428571428571 0.5228571428571429 0.027857142857142858 0.02095238095238095
3 0.5342857142857143 0.17476190476190476 0.002857142857142857 0.004761904761904762
