0 0.2715 0.8753333333333333 0.224 0.24666666666666667
0 0.28525 0.6773333333333333 0.1555 0.22666666666666666
0 0.4825 0.486 0.066 0.072
3 0.6875 0.405 0.086 0.05533333333333333
0 0.61875 0.24533333333333332 0.0165 0.016
0 0.64 0.23933333333333334 0.012 0.016
0 0.61925 0.225 0.0215 0.012666666666666666
0 0.6395 0.21833333333333332 0.011 0.012666666666666666
3 0.66425 0.24533333333333332 0.0115 0.02
0 0.668 0.233 0.01 0.011333333333333334
0 0.67075 0.22933333333333333 0.0105 0.012
0 0.66875 0.22433333333333333 0.0115 0.01
