0 0.84475 0.5196666666666667 0.0415 0.024666666666666667
0 0.94425 0.5026666666666667 0.0455 0.025333333333333333
0 0.5755 0.5423333333333333 0.043 0.026
0 0.62875 0.5283333333333333 0.0395 0.020666666666666667
0 0.66625 0.518 0.0365 0.02266666666666667
0 0.70475 0.505 0.0365 0.023333333333333334
1 0.7465 0.441 0.037 0.03133333333333333
1 0.71725 0.43033333333333335 0.0325 0.020666666666666667
0 0.79675 0.43333333333333335 0.0265 0.017333333333333333
0 0.49525 0.5166666666666667 0.0395 0.024
0 0.4365 0.5356666666666666 0.04 0.026
0 0.38875 0.5563333333333333 0.0485 0.038
0 0.24425 0.433 0.0155 0.018
0 0.11875 0.44333333333333336 0.0175 0.021333333333333333
3 0.313 0.48533333333333334 0.027 0.024
0 0.41175 0.371 0.0035 0.008666666666666666
3 0.042 0.5993333333333334 0.03 0.044
3 0.052 0.533 0.025 0.034
0 0.074 0.4186666666666667 0.016 0.017333333333333333
0 0.139 0.387 0.012 0.015333333333333332
0 0.1035 0.37433333333333335 0.01 0.011333333333333334
1 0.22925 0.3983333333333333 0.0215 0.035333333333333335
3 0.23 0.38166666666666665 0.009 0.012666666666666666
1 0.221 0.37 0.015 0.028
1 0.2175 0.3536666666666667 0.014 0.018
1 0.217 0.3453333333333333 0.014 0.02
0 0.135 0.372 0.01 0.010666666666666666
0 0.117 0.36633333333333334 0.01 0.01
0 0.1435 0.3453333333333333 0.009 0.008
0 0.11775 0.35433333333333333 0.0135 0.01
0 0.12125 0.34933333333333333 0.0115 0.008
0 0.151 0.334 0.007 0.008
0 0.1225 0.3413333333333333 0.009 0.008
0 0.1265 0.33566666666666667 0.008 0.007333333333333333
3 0.215 0.3373333333333333 0.008 0.012
0 0.211 0.334 0.006 0.006666666666666667
1 0.2095 0.325 0.01 0.011333333333333334
3 0.13075 0.33 0.0065 0.008
0 0.1335 0.327 0.007 0.007333333333333333
0 0.13725 0.32366666666666666 0.0125 0.006
0 0.1415 0.32133333333333336 0.013 0.005333333333333333
0 0.1595 0.31466666666666665 0.005 0.005333333333333333
0 0.16675 0.312 0.0055 0.005333333333333333
0 0.14 0.319 0.013 0.006
0 0.14275 0.31533333333333335 0.0065 0.004
0 0.152 0.31166666666666665 0.006 0.004666666666666667
0 0.19475 0.30433333333333334 0.0045 0.004666666666666667
0 0.18625 0.30366666666666664 0.0085 0.004666666666666667
3 0.18125 0.30433333333333334 0.0075 0.006
0 0.17375 0.3016666666666667 0.0065 0.004666666666666667
1 0.15675 0.298 0.0075 0.012
