3 0.4667857142857143 0.12857142857142856 0.03357142857142857 0.05142857142857143
0 0.5042857142857143 0.12285714285714286 0.03 0.06095238095238095
0 0.7817857142857143 0.011428571428571429 0.05071428571428571 0.02095238095238095
3 0.4092857142857143 0.959047619047619 0.08428571428571428 0.05333333333333334
3 0.45 0.7790476190476191 0.06 0.07809523809523809
0 0.4225 0.888095238095238 0.08642857142857142 0.06761904761904762
0 0.3117857142857143 0.949047619047619 0.055 0.1
0 0.27 0.5447619047619048 0.05714285714285714 0.07809523809523809
1 0.37642857142857145 0.4685714285714286 0.05142857142857143 0.11619047619047619
0 0.45321428571428574 0.30857142857142855 0.029285714285714286 0.06666666666666667
0 0.43964285714285717 0.3871428571428571 0.035 0.06952380952380953
0 0.41785714285714287 0.4861904761904762 0.03857142857142857 0.08285714285714285
0 0.4739285714285714 0.5780952380952381 0.07214285714285715 0.05142857142857143
0 0.48892857142857143 0.5223809523809524 0.07071428571428572 0.04666666666666667
0 0.44785714285714284 0.6738095238095239 0.06571428571428571 0.04857142857142857
3 0.3314285714285714 0.6966666666666667 0.047142857142857146 0.0980952380952381
3 0.29464285714285715 0.6719047619047619 0.047857142857142855 0.1019047619047619
0 0.8853571428571428 0.07761904761904762 0.05071428571428571 0.029523809523809525
3 0.9535714285714286 0.08904761904761904 0.05285714285714286 0.037142857142857144
