0 0.10464285714285715 0.9528571428571428 0.09357142857142857 0.09428571428571429
0 0.2525 0.67 0.09357142857142857 0.14952380952380953
0 0.2807142857142857 0.8066666666666666 0.09 0.1961904761904762
0 0.4421428571428571 0.19047619047619047 0.05714285714285714 0.045714285714285714
0 0.5157142857142857 0.25285714285714284 0.045714285714285714 0.06380952380952382
0 0.6096428571428572 0.21666666666666667 0.047857142857142855 0.05047619047619047
0 0.6357142857142857 0.10142857142857142 0.025714285714285714 0.03333333333333333
0 0.42142857142857143 0.1019047619047619 0.045714285714285714 0.024761904761904763
0 0.6639285714285714 0.12285714285714286 0.029285714285714286 0.03428571428571429
0 0.7510714285714286 0.12666666666666668 0.025 0.03428571428571429
0 0.7253571428571428 0.1019047619047619 0.020714285714285713 0.03238095238095238
0 0.6732142857142858 0.08476190476190476 0.02642857142857143 0.02857142857142857
0 0.7 0.07952380952380952 0.027142857142857142 0.037142857142857144
0 0.7517857142857143 0.06380952380952382 0.02642857142857143 0.03238095238095238
0 0.7753571428571429 0.08666666666666667 0.025 0.04
0 0.7914285714285715 0.04 0.02142857142857143 0.02857142857142857
0 0.7132142857142857 0.02238095238095238 0.030714285714285715 0.023809523809523808
0 0.6846428571428571 0.04428571428571428 0.027857142857142858 0.02761904761904762
0 0.6589285714285714 0.02761904761904762 0.029285714285714286 0.030476190476190476
0 0.3757142857142857 0.4319047619047619 0.06428571428571428 0.08666666666666667
0 0.25535714285714284 0.26095238095238094 0.05785714285714286 0.05333333333333334
0 0.21392857142857144 0.21761904761904763 0.07071428571428572 0.04666666666666667
0 0.15785714285714286 0.14095238095238094 0.054285714285714284 0.04
0 0.38142857142857145 0.24285714285714285 0.05714285714285714 0.06857142857142857
0 0.4575 0.2623809523809524 0.04357142857142857 0.07523809523809524
0 0.7582142857142857 0.1761904761904762 0.04214285714285714 0.04
0 0.7839285714285714 0.018095238095238095 0.029285714285714286 0.02666666666666667
3 0.5978571428571429 0.04476190476190476 0.027142857142857142 0.04
3 0.6346428571428572 0.15333333333333332 0.029285714285714286 0.05523809523809524
0 0.8464285714285714 0.04619047619047619 0.025714285714285714 0.025714285714285714
0 0.04535714285714286 0.30428571428571427 0.09071428571428572 0.06190476190476191
0 0.9453571428571429 0.9038095238095238 0.10928571428571429 0.09333333333333334
0 0.7675 0.9742857142857143 0.15785714285714286 0.05142857142857143
2 0.5464285714285714 0.4623809523809524 0.12 0.2619047619047619
