2 0.7217857142857143 0.7276190476190476 0.10357142857142858 0.2914285714285714
1 0.8367857142857142 0.7923809523809524 0.16785714285714284 0.34095238095238095
1 0.6664285714285715 0.48904761904761906 0.03 0.07142857142857142
1 0.7107142857142857 0.4742857142857143 0.054285714285714284 0.12
1 0.62 0.26 0.011428571428571429 0.02666666666666667
3 0.6325 0.29904761904761906 0.013571428571428571 0.02857142857142857
1 0.6510714285714285 0.30952380952380953 0.016428571428571428 0.03238095238095238
0 0.7585714285714286 0.2938095238095238 0.008571428571428572 0.012380952380952381
1 0.6096428571428572 0.2061904761904762 0.007857142857142858 0.02
1 0.6128571428571429 0.20142857142857143 0.008571428571428572 0.021904761904761906
1 0.7246428571428571 0.2195238095238095 0.0064285714285714285 0.014285714285714285
2 0.7217857142857143 0.2119047619047619 0.04357142857142857 0.01619047619047619
