0 0.4782142857142857 0.9571428571428572 0.060714285714285714 0.0838095238095238
0 0.6146428571428572 0.8080952380952381 0.04357142857142857 0.10571428571428572
0 0.6403571428571428 0.7085714285714285 0.07214285714285715 0.05714285714285714
0 0.6482142857142857 0.6157142857142858 0.07071428571428572 0.06
3 0.6896428571428571 0.5152380952380953 0.06357142857142857 0.05904761904761905
0 0.6771428571428572 0.4138095238095238 0.06 0.039047619047619046
0 0.6939285714285715 0.2704761904761905 0.05785714285714286 0.04
0 0.6414285714285715 0.01904761904761905 0.05 0.03619047619047619
0 0.2925 0.03380952380952381 0.05357142857142857 0.039047619047619046
0 0.2764285714285714 0.06095238095238095 0.05285714285714286 0.0419047619047619
0 0.26821428571428574 0.09285714285714286 0.05357142857142857 0.040952380952380955
0 0.2542857142857143 0.1219047619047619 0.055714285714285716 0.0419047619047619
0 0.24285714285714285 0.15095238095238095 0.05857142857142857 0.04285714285714286
0 0.22714285714285715 0.18095238095238095 0.06 0.0419047619047619
0 0.21607142857142858 0.2123809523809524 0.05928571428571429 0.045714285714285714
0 0.18964285714285714 0.27666666666666667 0.062142857142857146 0.04666666666666667
0 0.17714285714285713 0.30952380952380953 0.06285714285714286 0.04380952380952381
0 0.16035714285714286 0.35285714285714287 0.062142857142857146 0.04285714285714286
0 0.14714285714285713 0.38476190476190475 0.06571428571428571 0.047619047619047616
3 0.11678571428571428 0.4633333333333333 0.065 0.05238095238095238
3 0.04107142857142857 0.6838095238095238 0.08214285714285714 0.06857142857142857
0 0.02142857142857143 0.7428571428571429 0.04285714285714286 0.05333333333333334
0 0.8867857142857143 0.5257142857142857 0.07642857142857143 0.05333333333333334
0 0.8689285714285714 0.5623809523809524 0.06928571428571428 0.05047619047619047
