0 0.3880480167014614 0.8766233766233766 0.050626304801670144 0.1391465677179963
0 0.4232776617954071 0.6377551020408163 0.03444676409185804 0.08441558441558442
0 0.48538622129436326 0.24443413729128013 0.011482254697286013 0.036178107606679034
0 0.7027661795407099 0.62291280148423 0.07150313152400835 0.05473098330241188
0 0.6761482254697286 0.5918367346938775 0.0662839248434238 0.055658627087198514
0 0.6414405010438413 0.6767161410018553 0.03549060542797495 0.11038961038961038
1 0.45694154488517746 0.4155844155844156 0.029749478079331943 0.08534322820037106
0 0.5448851774530271 0.20918367346938777 0.018789144050104383 0.017625231910946195
0 0.46007306889352817 0.13404452690166976 0.009916492693110648 0.015769944341372914
0 0.4110125260960334 0.11920222634508348 0.012004175365344467 0.013914656771799629
0 0.40735908141962424 0.1150278293135436 0.016179540709812108 0.012987012987012988
0 0.33402922755741127 0.09554730983302412 0.017745302713987474 0.014842300556586271
0 0.502348643006263 0.11363636363636363 0.007828810020876827 0.012059369202226345
0 0.5193110647181628 0.10760667903525047 0.007306889352818371 0.012987012987012988
0 0.5297494780793319 0.10992578849721707 0.007306889352818371 0.012059369202226345
3 0.5177453027139874 0.09183673469387756 0.007306889352818371 0.014842300556586271
1 0.5088726513569938 0.07050092764378478 0.009394572025052192 0.022263450834879406
3 0.5347077244258872 0.03942486085343228 0.004697286012526096 0.008348794063079777
0 0.5334029227557411 0.029684601113172542 0.0041753653444676405 0.0055658627087198514
0 0.5260960334029228 0.018089053803339517 0.007306889352818371 0.006493506493506494
1 0.5266179540709812 0.036641929499072357 0.006263048016701462 0.013914656771799629
0 0.5357515657620042 0.04916512059369202 0.0036534446764091857 0.0074211502782931356
