0 0.9488517745302714 0.5969387755102041 0.055323590814196244 0.08256029684601113
1 0.45120041753653445 0.5941558441558441 0.02661795407098121 0.10296846011131726
0 0.3870041753653445 0.35482374768089053 0.048538622129436326 0.036178107606679034
0 0.4538100208768267 0.30565862708719854 0.02348643006263048 0.06029684601113173
0 0.4240605427974948 0.11270871985157699 0.01826722338204593 0.041743970315398886
0 0.45433194154488515 0.12755102040816327 0.016179540709812108 0.039888682745825604
0 0.4574634655532359 0.07560296846011132 0.014091858037578288 0.03432282003710575
0 0.5156576200417536 0.036178107606679034 0.015657620041753653 0.025974025974025976
0 0.5213987473903967 0.08348794063079777 0.014613778705636743 0.029684601113172542
0 0.5313152400835073 0.16465677179962895 0.015657620041753653 0.0287569573283859
0 0.5396659707724426 0.300556586270872 0.021920668058455117 0.05194805194805195
0 0.5897703549060542 0.29267161410018555 0.037578288100208766 0.04730983302411874
3 0.6098643006263048 0.387291280148423 0.024530271398747392 0.06029684601113173
0 0.5553235908141962 0.39517625231910947 0.021920668058455117 0.05194805194805195
3 0.5701983298538622 0.49443413729128016 0.029749478079331943 0.0686456400742115
1 0.6080375782881002 0.25092764378478666 0.049060542797494784 0.041743970315398886
0 0.5686325678496869 0.16326530612244897 0.01722338204592902 0.04081632653061224
0 0.5900313152400835 0.15630797773654917 0.0255741127348643 0.038033395176252316
0 0.5808977035490606 0.12291280148423006 0.031315240083507306 0.026901669758812616
0 0.5688935281837161 0.08302411873840446 0.027139874739039668 0.0287569573283859
