0 0.0625 0.3819796954314721 0.015 0.02030456852791878
1 0.04071428571428572 0.5120558375634517 0.02857142857142857 0.03426395939086294
3 0.062142857142857146 0.608502538071066 0.032857142857142856 0.02918781725888325
3 0.17464285714285716 0.5431472081218274 0.030714285714285715 0.027918781725888325
0 0.1392857142857143 0.5634517766497462 0.024285714285714285 0.02284263959390863
0 0.10142857142857142 0.5869289340101523 0.027142857142857142 0.024111675126903553
0 0.21821428571428572 0.5209390862944162 0.02642857142857143 0.01903553299492386
0 0.2642857142857143 0.4606598984771574 0.017142857142857144 0.012690355329949238
0 0.39571428571428574 0.4270304568527919 0.02142857142857143 0.01903553299492386
1 0.2621428571428571 0.4854060913705584 0.05285714285714286 0.05203045685279188
3 0.3053571428571429 0.4714467005076142 0.025 0.024111675126903553
2 0.13107142857142856 0.5298223350253807 0.04357142857142857 0.03934010152284264
2 0.3132142857142857 0.43591370558375636 0.056428571428571425 0.05456852791878172
2 0.3375 0.4536802030456853 0.03357142857142857 0.03426395939086294
2 0.3682142857142857 0.4118020304568528 0.04928571428571429 0.05456852791878172
3 0.3675 0.4384517766497462 0.02214285714285714 0.0266497461928934
3 0.40785714285714286 0.40418781725888325 0.018571428571428572 0.01903553299492386
2 0.44357142857142856 0.3934010152284264 0.018571428571428572 0.027918781725888325
0 0.4225 0.4118020304568528 0.019285714285714285 0.01903553299492386
0 0.3775 0.4993654822335025 0.02214285714285714 0.024111675126903553
0 0.3925 0.018401015228426396 0.0064285714285714285 0.013959390862944163
0 0.3796428571428571 0.02030456852791878 0.0064285714285714285 0.01015228426395939
0 0.4139285714285714 0.18401015228426396 0.009285714285714286 0.017766497461928935
2 0.37107142857142855 0.006979695431472081 0.009285714285714286 0.013959390862944163
0 0.47535714285714287 0.29885786802030456 0.013571428571428571 0.024111675126903553
0 0.5103571428571428 0.39149746192893403 0.015 0.031725888324873094
1 0.4664285714285714 0.233502538071066 0.02 0.0532994923857868
1 0.42428571428571427 0.12880710659898478 0.012857142857142857 0.02918781725888325
0 0.5753571428571429 0.692258883248731 0.020714285714285713 0.04187817258883249
0 0.6067857142857143 0.6478426395939086 0.02214285714285714 0.04949238578680203
3 0.6178571428571429 0.6205583756345178 0.02142857142857143 0.04568527918781726
0 0.5332142857142858 0.31916243654822335 0.017857142857142856 0.01903553299492386
0 0.5692857142857143 0.3217005076142132 0.015714285714285715 0.013959390862944163
0 0.5482142857142858 0.3331218274111675 0.016428571428571428 0.01649746192893401
0 0.53 0.34390862944162437 0.017142857142857144 0.017766497461928935
0 0.5721428571428572 0.29441624365482233 0.015714285714285715 0.015228426395939087
0 0.6025 0.2880710659898477 0.012142857142857143 0.015228426395939087
0 0.5946428571428571 0.282994923857868 0.015 0.015228426395939087
1 0.5910714285714286 0.31408629441624364 0.02642857142857143 0.02918781725888325
1 0.6182142857142857 0.2848984771573604 0.019285714285714285 0.024111675126903553
2 0.5814285714285714 0.2684010152284264 0.041428571428571426 0.044416243654822336
2 0.5407142857142857 0.29441624365482233 0.03857142857142857 0.04060913705583756
2 0.48678571428571427 0.15862944162436549 0.016428571428571428 0.03299492385786802
0 0.6135714285714285 0.17956852791878172 0.014285714285714285 0.01903553299492386
0 0.6671428571428571 0.22588832487309646 0.012857142857142857 0.015228426395939087
1 0.5878571428571429 0.16307106598984772 0.024285714285714285 0.03426395939086294
0 0.4853571428571429 0.08248730964467005 0.012142857142857143 0.017766497461928935
0 0.5121428571428571 0.19416243654822335 0.007142857142857143 0.01015228426395939
0 0.6978571428571428 0.2633248730964467 0.014285714285714285 0.01903553299492386
0 0.715 0.26586294416243655 0.017142857142857144 0.024111675126903553
0 0.7353571428571428 0.29949238578680204 0.012142857142857143 0.017766497461928935
0 0.77 0.31725888324873097 0.018571428571428572 0.025380710659898477
0 0.8103571428571429 0.3686548223350254 0.019285714285714285 0.024111675126903553
0 0.7707142857142857 0.37880710659898476 0.02 0.021573604060913704
0 0.7932142857142858 0.3883248730964467 0.020714285714285713 0.02284263959390863
0 0.8710714285714286 0.49746192893401014 0.023571428571428573 0.025380710659898477
0 0.7425 0.3813451776649746 0.017857142857142856 0.01903553299492386
0 0.7517857142857143 0.34581218274111675 0.019285714285714285 0.01903553299492386
0 0.7528571428571429 0.3565989847715736 0.011428571428571429 0.02030456852791878
1 0.7389285714285714 0.3565989847715736 0.025 0.03553299492385787
3 0.7232142857142857 0.3597715736040609 0.020714285714285713 0.024111675126903553
3 0.82 0.4251269035532995 0.022857142857142857 0.02284263959390863
1 0.835 0.45241116751269034 0.03428571428571429 0.04187817258883249
0 0.8532142857142857 0.4447969543147208 0.020714285714285713 0.024111675126903553
0 0.8617857142857143 0.42956852791878175 0.020714285714285713 0.02918781725888325
0 0.9178571428571428 0.5571065989847716 0.027142857142857142 0.030456852791878174
0 0.9739285714285715 0.5634517766497462 0.02642857142857143 0.030456852791878174
3 0.91 0.44416243654822335 0.022857142857142857 0.03299492385786802
1 0.9253571428571429 0.5260152284263959 0.04071428571428572 0.046954314720812185
3 0.9917857142857143 0.6186548223350253 0.016428571428571428 0.03426395939086294
3 0.8510714285714286 0.12880710659898478 0.012142857142857143 0.013959390862944163
2 0.9753571428571428 0.10596446700507614 0.017857142857142856 0.021573604060913704
0 0.8732142857142857 0.07360406091370558 0.010714285714285714 0.01015228426395939
0 0.8835714285714286 0.06916243654822335 0.011428571428571429 0.011421319796954314
0 0.8875 0.06535532994923858 0.012142857142857143 0.011421319796954314
0 0.895 0.06218274111675127 0.007142857142857143 0.01015228426395939
0 0.6214285714285714 0.04758883248730964 0.005714285714285714 0.013959390862944163
0 0.45107142857142857 0.04949238578680203 0.009285714285714286 0.012690355329949238
0 0.6075 0.07550761421319797 0.027857142857142858 0.021573604060913704
2 0.8896428571428572 0.18274111675126903 0.017857142857142856 0.025380710659898477
2 0.7985714285714286 0.12119289340101523 0.012857142857142857 0.013959390862944163
