0 0.45475 0.9606666666666667 0.0355 0.076
0 0.54575 0.8826666666666667 0.0325 0.07733333333333334
0 0.54575 0.7853333333333333 0.0315 0.08266666666666667
0 0.53925 0.6313333333333333 0.0255 0.05333333333333334
0 0.5335 0.5773333333333334 0.023 0.04666666666666667
0 0.5235 0.45 0.02 0.037333333333333336
0 0.32525 0.328 0.0205 0.036
0 0.501 0.2753333333333333 0.017 0.025333333333333333
0 0.49575 0.24866666666666667 0.0175 0.024
0 0.49 0.21733333333333332 0.013 0.02266666666666667
0 0.491 0.19 0.013 0.021333333333333333
0 0.48975 0.138 0.0125 0.018666666666666668
0 0.48725 0.077 0.0115 0.014
0 0.4895 0.10333333333333333 0.013 0.03866666666666667
3 0.399 0.042 0.011 0.02
3 0.41175 0.028 0.0095 0.02
3 0.457 0.022333333333333334 0.019 0.016666666666666666
0 0.3935 0.012333333333333333 0.009 0.014
0 0.35175 0.061 0.0115 0.018
0 0.3425 0.096 0.017 0.04133333333333333
0 0.32425 0.14533333333333334 0.0115 0.02
0 0.3215 0.16566666666666666 0.012 0.019333333333333334
0 0.316 0.18366666666666667 0.013 0.020666666666666667
0 0.30975 0.20533333333333334 0.0145 0.021333333333333333
0 0.30225 0.22866666666666666 0.0175 0.025333333333333333
3 0.29325 0.25266666666666665 0.0185 0.025333333333333333
3 0.2905 0.27166666666666667 0.016 0.027333333333333334
3 0.271 0.31466666666666665 0.045 0.09333333333333334
3 0.25525 0.373 0.0235 0.04733333333333333
0 0.2445 0.417 0.023 0.038
0 0.2335 0.4633333333333333 0.025 0.044
0 0.2095 0.5373333333333333 0.032 0.05333333333333334
0 0.29275 0.6166666666666667 0.0285 0.050666666666666665
0 0.1685 0.6606666666666666 0.036 0.068
0 0.1415 0.726 0.041 0.07466666666666667
0 0.10975 0.8096666666666666 0.0455 0.07933333333333334
0 0.07525 0.9086666666666666 0.0505 0.09466666666666666
0 0.789 0.104 0.014 0.018666666666666668
0 0.78 0.09233333333333334 0.011 0.015333333333333332
0 0.79925 0.10133333333333333 0.0125 0.016
0 0.804 0.09366666666666666 0.014 0.015333333333333332
0 0.8095 0.013333333333333334 0.023 0.012
