0 0.485 0.5880952380952381 0.041428571428571426 0.11714285714285715
0 0.06107142857142857 0.25476190476190474 0.075 0.04666666666666667
0 0.06607142857142857 0.6166666666666667 0.105 0.06571428571428571
0 0.052142857142857144 0.6780952380952381 0.09857142857142857 0.045714285714285714
0 0.9803571428571428 0.03 0.039285714285714285 0.03333333333333333
0 0.97 0.014761904761904763 0.06 0.029523809523809525
1 0.9582142857142857 0.6052380952380952 0.08357142857142857 0.29619047619047617
0 0.026785714285714284 0.8938095238095238 0.05357142857142857 0.054285714285714284
0 0.03857142857142857 0.8214285714285714 0.07714285714285714 0.05238095238095238
0 0.04535714285714286 0.7347619047619047 0.08785714285714286 0.06761904761904762
0 0.095 0.5123809523809524 0.08 0.05523809523809524
0 0.31357142857142856 0.3514285714285714 0.08 0.05142857142857143
0 0.11214285714285714 0.13333333333333333 0.07285714285714286 0.03428571428571429
0 0.013571428571428571 0.20809523809523808 0.027142857142857142 0.029523809523809525
0 0.031785714285714285 0.17285714285714285 0.06357142857142857 0.039047619047619046
3 0.0775 0.20952380952380953 0.06928571428571428 0.04
3 0.115 0.16857142857142857 0.08285714285714285 0.04380952380952381
3 0.14035714285714285 0.10047619047619048 0.05357142857142857 0.035238095238095235
0 0.105 0.04380952380952381 0.06 0.03428571428571429
0 0.032857142857142856 0.10476190476190476 0.06285714285714286 0.0380952380952381
