3 0.22071428571428572 0.9076190476190477 0.11857142857142858 0.06666666666666667
0 0.2825 0.8138095238095238 0.10785714285714286 0.07142857142857142
3 0.2814285714285714 0.7328571428571429 0.09571428571428571 0.058095238095238096
0 0.27 0.6495238095238095 0.09285714285714286 0.07428571428571429
0 0.32857142857142857 0.5728571428571428 0.10285714285714286 0.06761904761904762
0 0.2892857142857143 0.5023809523809524 0.09428571428571429 0.06
0 0.38035714285714284 0.4519047619047619 0.047857142857142855 0.10761904761904761
0 0.29428571428571426 0.4423809523809524 0.08714285714285715 0.05619047619047619
0 0.30964285714285716 0.38285714285714284 0.08785714285714286 0.05523809523809524
0 0.33964285714285714 0.33285714285714285 0.08357142857142857 0.05047619047619047
0 0.41535714285714287 0.3280952380952381 0.017857142857142856 0.035238095238095235
0 0.39535714285714285 0.25476190476190474 0.03785714285714286 0.09047619047619047
0 0.8517857142857143 0.9166666666666666 0.11071428571428571 0.07523809523809524
0 0.8360714285714286 0.8276190476190476 0.09928571428571428 0.06666666666666667
3 0.8317857142857142 0.7371428571428571 0.095 0.06476190476190476
0 0.8167857142857143 0.669047619047619 0.10071428571428571 0.06952380952380953
3 0.7957142857142857 0.5552380952380952 0.08285714285714285 0.05904761904761905
0 0.9785714285714285 0.6342857142857142 0.04285714285714286 0.05714285714285714
0 0.7789285714285714 0.4057142857142857 0.08214285714285714 0.05142857142857143
1 0.7546428571428572 0.21666666666666667 0.08071428571428571 0.06761904761904762
0 0.7453571428571428 0.06 0.060714285714285714 0.047619047619047616
0 0.7410714285714286 0.017142857142857144 0.05928571428571429 0.03428571428571429
