3 0.2689285714285714 0.7614285714285715 0.020714285714285713 0.039047619047619046
1 0.2867857142857143 0.7695238095238095 0.017857142857142856 0.04380952380952381
0 0.30428571428571427 0.7690476190476191 0.015714285714285715 0.03142857142857143
0 0.4760714285714286 0.44333333333333336 0.0035714285714285713 0.010476190476190476
0 0.24035714285714285 0.6342857142857142 0.013571428571428571 0.02666666666666667
0 0.2839285714285714 0.6266666666666667 0.012142857142857143 0.02857142857142857
3 0.4832142857142857 0.5619047619047619 0.010714285714285714 0.02095238095238095
1 0.9814285714285714 0.6633333333333333 0.037142857142857144 0.03333333333333333
1 0.9925 0.6847619047619048 0.015 0.03619047619047619
1 0.8821428571428571 0.6338095238095238 0.06142857142857143 0.06571428571428571
1 0.7010714285714286 0.3871428571428571 0.015 0.012380952380952381
