0 0.44857142857142857 0.7952380952380952 0.07714285714285714 0.07238095238095238
1 0.3557142857142857 0.5576190476190476 0.03571428571428571 0.08666666666666667
3 0.39714285714285713 0.5633333333333334 0.041428571428571426 0.08285714285714285
0 0.37892857142857145 0.04476190476190476 0.02642857142857143 0.049523809523809526
0 0.3742857142857143 0.10571428571428572 0.027142857142857142 0.05142857142857143
3 0.3757142857142857 0.15523809523809523 0.027142857142857142 0.06285714285714286
3 0.37535714285714283 0.22666666666666666 0.027857142857142858 0.08
3 0.3807142857142857 0.3952380952380952 0.03428571428571429 0.08
0 0.3892857142857143 0.4704761904761905 0.03857142857142857 0.07809523809523809
3 0.4067857142857143 0.7019047619047619 0.03642857142857143 0.08952380952380952
0 0.6075 0.6490476190476191 0.05357142857142857 0.11333333333333333
0 0.7207142857142858 0.6433333333333333 0.055714285714285716 0.1019047619047619
0 0.7939285714285714 0.6323809523809524 0.08785714285714286 0.06285714285714286
0 0.9846428571428572 0.7209523809523809 0.030714285714285715 0.10095238095238095
1 0.8585714285714285 0.5495238095238095 0.07 0.13333333333333333
0 0.9110714285714285 0.48 0.06357142857142857 0.08952380952380952
0 0.7682142857142857 0.3333333333333333 0.04357142857142857 0.06476190476190476
0 0.845 0.3252380952380952 0.05 0.06952380952380953
0 0.8028571428571428 0.21095238095238095 0.047142857142857146 0.06
0 0.7257142857142858 0.12047619047619047 0.037142857142857144 0.06
3 0.8103571428571429 0.17476190476190476 0.056428571428571425 0.054285714285714284
0 0.8067857142857143 0.13952380952380952 0.055 0.04857142857142857
3 0.8325 0.12142857142857143 0.06357142857142857 0.05047619047619047
0 0.8257142857142857 0.08333333333333333 0.06285714285714286 0.040952380952380955
0 0.4660714285714286 0.12904761904761905 0.029285714285714286 0.07142857142857142
0 0.6657142857142857 0.07142857142857142 0.06142857142857143 0.05142857142857143
