0 0.41285714285714287 0.9866751269035533 0.041428571428571426 0.024111675126903553
2 0.32321428571428573 0.9771573604060914 0.03357142857142857 0.04314720812182741
2 0.065 0.25 0.03428571428571429 0.03807106598984772
2 0.08785714285714286 0.23413705583756345 0.03 0.046954314720812185
2 0.145 0.24555837563451777 0.05857142857142857 0.03680203045685279
2 0.22071428571428572 0.16560913705583757 0.027142857142857142 0.02918781725888325
2 0.2507142857142857 0.15609137055837563 0.025714285714285714 0.027918781725888325
2 0.30642857142857144 0.09771573604060914 0.012857142857142857 0.02284263959390863
2 0.33214285714285713 0.08185279187817258 0.01 0.01649746192893401
3 0.365 0.048223350253807105 0.002857142857142857 0.007614213197969543
3 0.3489285714285714 0.06218274111675127 0.0035714285714285713 0.005076142131979695
0 0.3560714285714286 0.0583756345177665 0.0035714285714285713 0.005076142131979695
0 0.3539285714285714 0.06535532994923858 0.005 0.006345177664974619
0 0.33964285714285714 0.07296954314720812 0.0035714285714285713 0.006345177664974619
0 0.34464285714285714 0.08565989847715735 0.005 0.008883248730964468
0 0.3539285714285714 0.07741116751269035 0.0035714285714285713 0.005076142131979695
0 0.36464285714285716 0.06408629441624365 0.0035714285714285713 0.0038071065989847717
0 0.3757142857142857 0.06345177664974619 0.004285714285714286 0.005076142131979695
0 0.38535714285714284 0.024746192893401017 0.0035714285714285713 0.006345177664974619
0 0.3914285714285714 0.031091370558375634 0.002857142857142857 0.006345177664974619
0 0.39071428571428574 0.020939086294416244 0.002857142857142857 0.0038071065989847717
0 0.37535714285714283 0.01967005076142132 0.0035714285714285713 0.0038071065989847717
0 0.37464285714285717 0.04949238578680203 0.0035714285714285713 0.005076142131979695
2 0.38035714285714284 0.07360406091370558 0.005 0.01015228426395939
0 0.34964285714285714 0.0901015228426396 0.005 0.007614213197969543
1 0.35464285714285715 0.09073604060913705 0.0064285714285714285 0.013959390862944163
3 0.45357142857142857 0.07741116751269035 0.005714285714285714 0.01015228426395939
3 0.4567857142857143 0.0799492385786802 0.0064285714285714285 0.01015228426395939
3 0.4732142857142857 0.09390862944162437 0.009285714285714286 0.01015228426395939
3 0.475 0.09771573604060914 0.011428571428571429 0.01015228426395939
3 0.48 0.10279187817258884 0.012857142857142857 0.012690355329949238
3 0.4832142857142857 0.10913705583756345 0.016428571428571428 0.012690355329949238
0 0.4882142857142857 0.1148477157360406 0.015 0.011421319796954314
0 0.48714285714285716 0.08629441624365482 0.011428571428571429 0.01015228426395939
0 0.4907142857142857 0.08883248730964467 0.011428571428571429 0.01015228426395939
2 0.4739285714285714 0.17576142131979697 0.015 0.03934010152284264
2 0.4 0.1884517766497462 0.01 0.0266497461928934
0 0.39071428571428574 0.15228426395939088 0.004285714285714286 0.01015228426395939
0 0.4810714285714286 0.21446700507614214 0.0064285714285714285 0.012690355329949238
2 0.39785714285714285 0.233502538071066 0.05142857142857143 0.03299492385786802
0 0.6939285714285715 0.015862944162436547 0.0064285714285714285 0.006345177664974619
3 0.7214285714285714 0.13959390862944163 0.015714285714285715 0.012690355329949238
0 0.7103571428571429 0.13451776649746192 0.010714285714285714 0.01015228426395939
2 0.57 0.2614213197969543 0.022857142857142857 0.025380710659898477
2 0.5732142857142857 0.29378172588832485 0.030714285714285715 0.046954314720812185
2 0.5878571428571429 0.29314720812182743 0.03 0.048223350253807105
2 0.6025 0.26015228426395937 0.03357142857142857 0.03553299492385787
2 0.635 0.27982233502538073 0.054285714285714284 0.03426395939086294
2 0.6235714285714286 0.2645939086294416 0.02857142857142857 0.031725888324873094
2 0.6292857142857143 0.2614213197969543 0.03 0.03299492385786802
2 0.6464285714285715 0.2614213197969543 0.03142857142857143 0.030456852791878174
2 0.7592857142857142 0.24492385786802032 0.047142857142857146 0.027918781725888325
2 0.7371428571428571 0.2753807106598985 0.037142857142857144 0.04568527918781726
2 0.6703571428571429 0.24111675126903553 0.047857142857142855 0.027918781725888325
0 0.7153571428571428 0.309010152284264 0.016428571428571428 0.021573604060913704
0 0.7021428571428572 0.3102791878172589 0.015714285714285715 0.01903553299492386
0 0.6789285714285714 0.3134517766497462 0.016428571428571428 0.02284263959390863
1 0.7075 0.34390862944162437 0.03357142857142857 0.04314720812182741
0 0.7517857142857143 0.3496192893401015 0.016428571428571428 0.01649746192893401
3 0.7671428571428571 0.3464467005076142 0.02 0.025380710659898477
3 0.7810714285714285 0.3470812182741117 0.016428571428571428 0.021573604060913704
1 0.4235714285714286 0.31091370558375636 0.011428571428571429 0.027918781725888325
0 0.43785714285714283 0.5647208121827412 0.017142857142857144 0.02284263959390863
0 0.35285714285714287 0.49428934010152287 0.011428571428571429 0.0266497461928934
1 0.3782142857142857 0.4885786802030457 0.016428571428571428 0.03807106598984772
3 0.3775 0.5920050761421319 0.015 0.03680203045685279
3 0.3960714285714286 0.5920050761421319 0.013571428571428571 0.02918781725888325
3 0.4175 0.5939086294416244 0.013571428571428571 0.027918781725888325
1 0.44357142857142856 0.6789340101522843 0.03142857142857143 0.10913705583756345
3 0.3796428571428571 0.675761421319797 0.03214285714285714 0.031725888324873094
3 0.38107142857142856 0.7017766497461929 0.03214285714285714 0.03299492385786802
3 0.3867857142857143 0.7265228426395939 0.035 0.04187817258883249
3 0.39071428571428574 0.7620558375634517 0.03428571428571429 0.03934010152284264
0 0.39321428571428574 0.7931472081218274 0.03357142857142857 0.03807106598984772
3 0.3975 0.8274111675126904 0.04071428571428572 0.04568527918781726
0 0.4064285714285714 0.9663705583756346 0.04 0.046954314720812185
1 0.4639285714285714 0.7887055837563451 0.03214285714285714 0.10279187817258884
3 0.24928571428571428 0.9175126903553299 0.024285714285714285 0.06345177664974619
1 0.305 0.8496192893401016 0.037142857142857144 0.1713197969543147
1 0.29178571428571426 0.6307106598984772 0.02214285714285714 0.11928934010152284
0 0.2782142857142857 0.7715736040609137 0.017857142857142856 0.050761421319796954
3 0.29464285714285715 0.7227157360406091 0.015 0.046954314720812185
3 0.2889285714285714 0.5571065989847716 0.015 0.03807106598984772
3 0.23642857142857143 0.5920050761421319 0.015714285714285715 0.044416243654822336
3 0.195 0.6624365482233503 0.018571428571428572 0.050761421319796954
2 0.28535714285714286 0.4143401015228426 0.015 0.07487309644670051
0 0.2885714285714286 0.5222081218274112 0.01 0.02918781725888325
0 0.24 0.5361675126903553 0.012857142857142857 0.03426395939086294
2 0.016785714285714286 0.6967005076142132 0.03357142857142857 0.1065989847715736
3 0.005 0.5571065989847716 0.01 0.027918781725888325
3 0.16142857142857142 0.47715736040609136 0.014285714285714285 0.03553299492385787
3 0.008571428571428572 0.47779187817258884 0.014285714285714285 0.0266497461928934
3 0.15571428571428572 0.4219543147208122 0.012857142857142857 0.0266497461928934
3 0.17964285714285713 0.3699238578680203 0.010714285714285714 0.0266497461928934
1 0.19071428571428573 0.3229695431472081 0.008571428571428572 0.021573604060913704
3 0.03785714285714286 0.4029187817258883 0.012857142857142857 0.01903553299492386
0 0.05857142857142857 0.35406091370558374 0.012857142857142857 0.015228426395939087
0 0.08892857142857143 0.3934010152284264 0.012142857142857143 0.02030456852791878
3 0.09392857142857143 0.3743654822335025 0.013571428571428571 0.02030456852791878
0 0.10357142857142858 0.3489847715736041 0.011428571428571429 0.012690355329949238
0 0.11571428571428571 0.3730964467005076 0.012857142857142857 0.017766497461928935
0 0.12571428571428572 0.3477157360406091 0.011428571428571429 0.015228426395939087
3 0.1417857142857143 0.35723350253807107 0.012142857142857143 0.01903553299492386
0 0.13 0.41053299492385786 0.012857142857142857 0.01649746192893401
0 0.16035714285714286 0.35913705583756345 0.010714285714285714 0.017766497461928935
3 0.2092857142857143 0.3280456852791878 0.008571428571428572 0.021573604060913704
3 0.2282142857142857 0.33058375634517767 0.010714285714285714 0.01649746192893401
3 0.24928571428571428 0.3197969543147208 0.008571428571428572 0.02284263959390863
0 0.26821428571428574 0.3217005076142132 0.007857142857142858 0.013959390862944163
1 0.2910714285714286 0.3102791878172589 0.010714285714285714 0.03934010152284264
2 0.2925 0.23223350253807107 0.013571428571428571 0.04060913705583756
3 0.2835714285714286 0.20621827411167512 0.007142857142857143 0.013959390862944163
0 0.2792857142857143 0.18083756345177665 0.007142857142857143 0.008883248730964468
3 0.30214285714285716 0.19098984771573604 0.005714285714285714 0.011421319796954314
0 0.31214285714285717 0.16941624365482233 0.005714285714285714 0.008883248730964468
0 0.3003571428571429 0.16307106598984772 0.0064285714285714285 0.008883248730964468
0 0.1692857142857143 0.22271573604060912 0.01 0.011421319796954314
0 0.18 0.2151015228426396 0.011428571428571429 0.008883248730964468
3 0.19357142857142856 0.2068527918781726 0.01 0.012690355329949238
3 0.23285714285714285 0.23096446700507614 0.01 0.017766497461928935
3 0.21214285714285713 0.24048223350253808 0.01 0.01649746192893401
0 0.1975 0.19606598984771573 0.010714285714285714 0.008883248730964468
3 0.20964285714285713 0.19543147208121828 0.012142857142857143 0.012690355329949238
3 0.21 0.18972081218274112 0.011428571428571429 0.011421319796954314
3 0.22392857142857142 0.1865482233502538 0.012142857142857143 0.01015228426395939
3 0.2342857142857143 0.1814720812182741 0.01 0.01015228426395939
3 0.24607142857142858 0.18718274111675126 0.007857142857142858 0.011421319796954314
0 0.2417857142857143 0.17703045685279187 0.009285714285714286 0.008883248730964468
3 0.24857142857142858 0.1700507614213198 0.007142857142857143 0.01015228426395939
0 0.2889285714285714 0.13071065989847716 0.0064285714285714285 0.007614213197969543
0 0.2742857142857143 0.1434010152284264 0.005714285714285714 0.007614213197969543
