1 0.1675 0.9295238095238095 0.09357142857142857 0.14095238095238094
1 0.1475 0.8961904761904762 0.11071428571428571 0.18285714285714286
1 0.36964285714285716 0.8057142857142857 0.09214285714285714 0.19428571428571428
1 0.3717857142857143 0.6904761904761905 0.11214285714285714 0.20952380952380953
1 0.32571428571428573 0.6385714285714286 0.04857142857142857 0.14952380952380953
1 0.35892857142857143 0.9361904761904762 0.09071428571428572 0.12761904761904763
0 0.0625 0.2342857142857143 0.013571428571428571 0.015238095238095238
0 0.04321428571428571 0.2361904761904762 0.017857142857142856 0.011428571428571429
0 0.04607142857142857 0.23 0.015 0.010476190476190476
0 0.05678571428571429 0.2261904761904762 0.015 0.014285714285714285
0 0.007142857142857143 0.26666666666666666 0.014285714285714285 0.013333333333333334
0 0.5192857142857142 0.4195238095238095 0.014285714285714285 0.02761904761904762
0 0.49357142857142855 0.030952380952380953 0.004285714285714286 0.006666666666666667
0 0.57 0.02619047619047619 0.004285714285714286 0.006666666666666667
3 0.6021428571428571 0.13380952380952382 0.015714285714285715 0.012380952380952381
3 0.5292857142857142 0.016666666666666666 0.005714285714285714 0.004761904761904762
