0 0.34055323590814196 0.6859925788497218 0.03496868475991649 0.09925788497217068
0 0.38021920668058456 0.6822820037105751 0.031837160751565764 0.09925788497217068
0 0.3444676409185804 0.5936920222634509 0.029227557411273485 0.07792207792207792
0 0.3849164926931106 0.5885899814471243 0.02661795407098121 0.07884972170686456
0 0.34603340292275575 0.5083487940630798 0.026096033402922755 0.07050092764378478
0 0.3836116910229645 0.5051020408163265 0.025052192066805846 0.06586270871985157
0 0.3483820459290188 0.43460111317254174 0.024530271398747392 0.06215213358070501
0 0.3838726513569937 0.43089053803339517 0.02244258872651357 0.05844155844155844
0 0.3509916492693111 0.37894248608534326 0.02139874739039666 0.05287569573283859
0 0.3804801670146138 0.3752319109461967 0.029227557411273485 0.04916512059369202
0 0.3473382045929019 0.32235621521335805 0.02035490605427975 0.04730983302411874
0 0.375 0.29313543599257885 0.02035490605427975 0.04638218923933209
0 0.35490605427974947 0.23654916512059368 0.021920668058455117 0.03896103896103896
0 0.3796972860125261 0.25 0.02244258872651357 0.041743970315398886
0 0.8491649269311065 0.5347866419294991 0.04697286012526096 0.06771799628942486
0 0.6137787056367432 0.22170686456400743 0.03444676409185804 0.03896103896103896
0 0.36769311064718163 0.19805194805194806 0.024530271398747392 0.03432282003710575
0 0.38883089770354906 0.20686456400742115 0.028183716075156576 0.03896103896103896
0 0.42954070981210857 0.18089053803339517 0.032359081419624215 0.03153988868274583
0 0.40501043841336115 0.17207792207792208 0.032359081419624215 0.030612244897959183
0 0.38126304801670147 0.15955473098330242 0.038100208768267224 0.03896103896103896
0 0.44832985386221297 0.1567717996289425 0.04175365344467641 0.025974025974025976
0 0.42092901878914407 0.1414656771799629 0.04123173277661795 0.0287569573283859
0 0.6907620041753654 0.27365491651205937 0.02244258872651357 0.05009276437847866
0 0.7515657620041754 0.3450834879406308 0.027139874739039668 0.05380333951762523
3 0.8113256784968684 0.4582560296846011 0.054801670146137786 0.07421150278293136
0 0.4428496868475992 0.9448051948051948 0.075678496868476 0.10853432282003711
0 0.3144572025052192 0.9749536178107606 0.061064718162839246 0.04823747680890538
