0 0.6128571428571429 0.30583756345177665 0.005714285714285714 0.007614213197969543
0 0.62 0.30583756345177665 0.005714285714285714 0.007614213197969543
3 0.6071428571428571 0.3223350253807107 0.007142857142857143 0.01015228426395939
3 0.735 0.4029187817258883 0.024285714285714285 0.03934010152284264
3 0.7128571428571429 0.4086294416243655 0.018571428571428572 0.03553299492385787
3 0.6971428571428572 0.4098984771573604 0.017142857142857144 0.03553299492385787
3 0.7260714285714286 0.44543147208121825 0.02214285714285714 0.03299492385786802
0 0.7239285714285715 0.45875634517766495 0.020714285714285713 0.024111675126903553
0 0.8078571428571428 0.6040609137055838 0.045714285714285714 0.03553299492385787
0 0.7139285714285715 0.5482233502538071 0.019285714285714285 0.03807106598984772
0 0.7510714285714286 0.6364213197969543 0.035 0.046954314720812185
0 0.7571428571428571 0.666243654822335 0.04 0.030456852791878174
3 0.7671428571428571 0.682741116751269 0.047142857142857146 0.04314720812182741
3 0.7217857142857143 0.6015228426395939 0.020714285714285713 0.04314720812182741
2 0.35892857142857143 0.3756345177664975 0.04071428571428572 0.025380710659898477
2 0.42678571428571427 0.37119289340101524 0.04071428571428572 0.02918781725888325
2 0.49892857142857144 0.3597715736040609 0.055 0.03426395939086294
2 0.5628571428571428 0.35723350253807107 0.04 0.02918781725888325
0 0.9860714285714286 0.7703045685279187 0.027857142857142858 0.048223350253807105
1 0.22857142857142856 0.9631979695431472 0.05714285714285714 0.07106598984771574
3 0.2475 0.9092639593908629 0.047857142857142855 0.06725888324873096
3 0.30428571428571427 0.7195431472081218 0.027142857142857142 0.04060913705583756
3 0.3314285714285714 0.6713197969543148 0.03142857142857143 0.04568527918781726
3 0.3653571428571429 0.6338832487309645 0.023571428571428573 0.031725888324873094
0 0.29178571428571426 0.7741116751269036 0.04642857142857143 0.03807106598984772
0 0.3875 0.608502538071066 0.02214285714285714 0.02918781725888325
