1 0.2925 0.7366751269035533 0.09642857142857143 0.10786802030456853
1 0.41892857142857143 0.7062182741116751 0.095 0.09771573604060914
1 0.5846428571428571 0.6941624365482234 0.15928571428571428 0.09390862944162437
3 0.7067857142857142 0.675761421319797 0.075 0.07233502538071065
1 0.6682142857142858 0.5101522842639594 0.11357142857142857 0.10406091370558376
0 0.7228571428571429 0.4473350253807107 0.032857142857142856 0.07741116751269035
0 0.6646428571428571 0.2506345177664975 0.035 0.07487309644670051
0 0.6989285714285715 0.13642131979695432 0.02642857142857143 0.046954314720812185
2 0.9296428571428571 0.6649746192893401 0.05071428571428571 0.1649746192893401
0 0.29928571428571427 0.5406091370558376 0.07571428571428572 0.06852791878172589
