0 0.44337160751565763 0.9628942486085343 0.031837160751565764 0.07235621521335807
0 0.5352296450939458 0.7578849721706865 0.024530271398747392 0.05194805194805195
1 0.4791231732776618 0.7379406307977736 0.030271398747390398 0.08998144712430427
0 0.7158141962421712 0.9211502782931354 0.06941544885177453 0.061224489795918366
0 0.7492171189979123 0.961038961038961 0.07776617954070981 0.06493506493506493
0 0.5078288100208769 0.5774582560296846 0.013569937369519834 0.026901669758812616
0 0.5660229645093946 0.5463821892393321 0.01826722338204593 0.02040816326530612
0 0.36221294363256784 0.44805194805194803 0.011482254697286013 0.012987012987012988
0 0.43580375782881003 0.46660482374768086 0.011482254697286013 0.011131725417439703
0 0.43241127348643005 0.462430426716141 0.014091858037578288 0.01020408163265306
0 0.4825156576200417 0.47959183673469385 0.008872651356993737 0.012987012987012988
3 0.5365344467640919 0.5074211502782932 0.012526096033402923 0.02411873840445269
0 0.5229645093945721 0.462430426716141 0.007306889352818371 0.012059369202226345
0 0.5451461377870563 0.4049165120593692 0.004697286012526096 0.006493506493506494
0 0.5524530271398748 0.39935064935064934 0.004697286012526096 0.008348794063079777
0 0.5532359081419624 0.4067717996289425 0.006263048016701462 0.006493506493506494
1 0.5281837160751566 0.42578849721706863 0.009394572025052192 0.01855287569573284
0 0.5305323590814196 0.4049165120593692 0.005741127348643006 0.008348794063079777
3 0.5323590814196242 0.39935064935064934 0.005219206680584551 0.008348794063079777
0 0.5508872651356994 0.39239332096474955 0.004697286012526096 0.0055658627087198514
0 0.5448851774530271 0.3845083487940631 0.003131524008350731 0.00463821892393321
1 0.5401878914405011 0.3845083487940631 0.0041753653444676405 0.01020408163265306
