0 0.6839285714285714 0.1719047619047619 0.052142857142857144 0.037142857142857144
0 0.5207142857142857 0.2257142857142857 0.05 0.05523809523809524
0 0.5396428571428571 0.4661904761904762 0.023571428571428573 0.06761904761904762
0 0.4328571428571429 0.5242857142857142 0.02857142857142857 0.06952380952380953
0 0.5392857142857143 0.7295238095238096 0.024285714285714285 0.07047619047619047
0 0.18857142857142858 0.8257142857142857 0.05285714285714286 0.06666666666666667
0 0.1732142857142857 0.7066666666666667 0.047857142857142855 0.06666666666666667
3 0.5146428571428572 0.9528571428571428 0.03785714285714286 0.06571428571428571
3 0.3460714285714286 0.1738095238095238 0.04642857142857143 0.037142857142857144
0 0.8071428571428572 0.17 0.055714285714285716 0.037142857142857144
3 0.023571428571428573 0.8252380952380952 0.047142857142857146 0.06380952380952382
0 0.014642857142857143 0.709047619047619 0.029285714285714286 0.06
0 0.04857142857142857 0.7133333333333334 0.05142857142857143 0.06857142857142857
0 0.08571428571428572 0.7123809523809523 0.04857142857142857 0.06476190476190476
0 0.13071428571428573 0.7080952380952381 0.05285714285714286 0.06952380952380953
1 0.5403571428571429 0.6233333333333333 0.03642857142857143 0.12666666666666668
0 0.9857142857142858 0.17 0.02857142857142857 0.035238095238095235
