3 0.06 0.4847715736040609 0.037142857142857144 0.0583756345177665
3 0.10357142857142858 0.5 0.03571428571428571 0.05583756345177665
3 0.11857142857142858 0.5133248730964467 0.032857142857142856 0.06218274111675127
3 0.13857142857142857 0.5203045685279187 0.03428571428571429 0.06091370558375635
3 0.0675 0.7043147208121827 0.03642857142857143 0.04060913705583756
3 0.15285714285714286 0.7722081218274112 0.037142857142857144 0.05710659898477157
0 0.3603571428571429 0.6294416243654822 0.025 0.06598984771573604
3 0.4675 0.07741116751269035 0.013571428571428571 0.03553299492385787
2 0.5821428571428572 0.24809644670050762 0.032857142857142856 0.11802030456852793
2 0.6592857142857143 0.399746192893401 0.08571428571428572 0.07360406091370558
2 0.5089285714285714 0.4137055837563452 0.04071428571428572 0.13451776649746192
2 0.6139285714285714 0.641497461928934 0.04071428571428572 0.16624365482233502
2 0.6160714285714286 0.8597715736040609 0.10928571428571429 0.09263959390862944
2 0.6242857142857143 0.8128172588832487 0.10857142857142857 0.09771573604060914
2 0.5385714285714286 0.5177664974619289 0.05857142857142857 0.048223350253807105
2 0.5235714285714286 0.5583756345177665 0.06 0.0532994923857868
2 0.5342857142857143 0.5888324873096447 0.06142857142857143 0.050761421319796954
2 0.5135714285714286 0.6351522842639594 0.07 0.06218274111675127
0 0.7292857142857143 0.5425126903553299 0.037142857142857144 0.03680203045685279
0 0.7257142857142858 0.5748730964467005 0.03428571428571429 0.03553299492385787
3 0.7253571428571428 0.641497461928934 0.039285714285714285 0.04187817258883249
3 0.8667857142857143 0.5431472081218274 0.03214285714285714 0.03553299492385787
3 0.8635714285714285 0.5678934010152284 0.04285714285714286 0.04187817258883249
0 0.8567857142857143 0.6008883248730964 0.039285714285714285 0.03426395939086294
1 0.8539285714285715 0.699238578680203 0.07214285714285715 0.06091370558375635
