0 0.014285714285714285 0.540952380952381 0.02857142857142857 0.06095238095238095
0 0.05857142857142857 0.48142857142857143 0.054285714285714284 0.06190476190476191
0 0.4082142857142857 0.2642857142857143 0.047857142857142855 0.05619047619047619
3 0.43142857142857144 0.29619047619047617 0.04285714285714286 0.05333333333333334
3 0.4610714285714286 0.36095238095238097 0.052142857142857144 0.05523809523809524
0 0.4757142857142857 0.38666666666666666 0.04857142857142857 0.05142857142857143
0 0.49464285714285716 0.4147619047619048 0.04642857142857143 0.05238095238095238
0 0.5164285714285715 0.44571428571428573 0.05 0.05333333333333334
0 0.5528571428571428 0.5038095238095238 0.045714285714285714 0.05714285714285714
0 0.5635714285714286 0.2919047619047619 0.041428571428571426 0.06
0 0.5289285714285714 0.23523809523809525 0.04071428571428572 0.06095238095238095
1 0.49 0.16380952380952382 0.055714285714285716 0.07809523809523809
0 0.45 0.1019047619047619 0.04 0.06095238095238095
0 0.31285714285714283 0.0919047619047619 0.04428571428571428 0.04666666666666667
3 0.3 0.06904761904761905 0.02857142857142857 0.04666666666666667
0 0.29964285714285716 0.03571428571428571 0.029285714285714286 0.03142857142857143
0 0.3875 0.01380952380952381 0.03357142857142857 0.02761904761904762
1 0.7078571428571429 0.5466666666666666 0.04285714285714286 0.07238095238095238
0 0.7510714285714286 0.6061904761904762 0.047857142857142855 0.07142857142857142
0 0.7967857142857143 0.6752380952380952 0.045 0.06666666666666667
0 0.8375 0.7490476190476191 0.05357142857142857 0.07523809523809524
0 0.8889285714285714 0.8685714285714285 0.052142857142857144 0.06476190476190476
1 0.9575 0.9419047619047619 0.085 0.11428571428571428
3 0.9571428571428572 0.5761904761904761 0.05857142857142857 0.06666666666666667
0 0.8253571428571429 0.37666666666666665 0.04642857142857143 0.058095238095238096
0 0.9460714285714286 0.30904761904761907 0.045 0.054285714285714284
0 0.9925 0.23523809523809525 0.015 0.03428571428571429
0 0.9682142857142857 0.16428571428571428 0.04928571428571429 0.054285714285714284
3 0.9489285714285715 0.14095238095238094 0.052142857142857144 0.05333333333333334
0 0.8728571428571429 0.22 0.045714285714285714 0.06095238095238095
3 0.8367857142857142 0.16476190476190475 0.04357142857142857 0.05333333333333334
0 0.9071428571428571 0.09142857142857143 0.05 0.05523809523809524
0 0.8828571428571429 0.06380952380952382 0.045714285714285714 0.049523809523809526
0 0.8667857142857143 0.034761904761904765 0.045 0.04857142857142857
0 0.8482142857142857 0.018095238095238095 0.04071428571428572 0.03619047619047619
0 0.8189285714285715 0.01 0.03357142857142857 0.02
1 0.7382142857142857 0.10809523809523809 0.035 0.05619047619047619
0 0.7232142857142857 0.19428571428571428 0.035 0.049523809523809526
1 0.6282142857142857 0.08095238095238096 0.05785714285714286 0.0761904761904762
0 0.6660714285714285 0.21857142857142858 0.039285714285714285 0.06380952380952382
0 0.61 0.13952380952380952 0.03428571428571429 0.04857142857142857
