0 0.03964285714285714 0.7576190476190476 0.07785714285714286 0.09428571428571429
0 0.52 0.4695238095238095 0.08571428571428572 0.06095238095238095
0 0.19857142857142857 0.4480952380952381 0.06571428571428571 0.06190476190476191
0 0.38571428571428573 0.38285714285714284 0.054285714285714284 0.0380952380952381
0 0.2671428571428571 0.3076190476190476 0.032857142857142856 0.024761904761904763
0 0.06571428571428571 0.2438095238095238 0.024285714285714285 0.022857142857142857
0 0.012142857142857143 0.2257142857142857 0.02142857142857143 0.02095238095238095
0 0.07285714285714286 0.2714285714285714 0.025714285714285714 0.02857142857142857
0 0.20035714285714284 0.28095238095238095 0.02214285714285714 0.024761904761904763
0 0.21785714285714286 0.17952380952380953 0.02142857142857143 0.012380952380952381
1 0.2257142857142857 0.3047619047619048 0.041428571428571426 0.03619047619047619
0 0.27785714285714286 0.35333333333333333 0.05 0.03619047619047619
0 0.22214285714285714 0.35523809523809524 0.03571428571428571 0.03238095238095238
