0 0.05150214592274678 0.8974236641221374 0.0944206008583691 0.19942748091603055
0 0.10908440629470673 0.6603053435114504 0.08226037195994278 0.18129770992366412
0 0.1655937052932761 0.44895038167938933 0.0994277539341917 0.14599236641221375
0 0.3469241773962804 0.6073473282442748 0.12446351931330472 0.08874045801526717
0 0.3143776824034335 0.7958015267175572 0.12947067238912732 0.10305343511450382
0 0.36123032904148783 0.5229007633587787 0.12017167381974249 0.09541984732824428
0 0.3708869814020029 0.43463740458015265 0.11945636623748211 0.08301526717557252
0 0.3937768240343348 0.3597328244274809 0.1123032904148784 0.08587786259541985
0 0.398068669527897 0.28291984732824427 0.11087267525035766 0.07347328244274809
0 0.2875536480686695 0.8907442748091603 0.1473533619456366 0.11736641221374046
0 0.2603719599427754 0.9775763358778626 0.12589413447782546 0.042938931297709926
0 0.7492846924177397 0.05248091603053435 0.05793991416309013 0.1049618320610687
0 0.17989985693848354 0.3487595419847328 0.023605150214592276 0.033396946564885496
0 0.19957081545064378 0.3306297709923664 0.02861230329041488 0.03148854961832061
