0 0.3607142857142857 0.1713197969543147 0.02142857142857143 0.0583756345177665
0 0.3289285714285714 0.33756345177664976 0.025 0.06598984771573604
0 0.3817857142857143 0.046954314720812185 0.017857142857142856 0.048223350253807105
0 0.36464285714285716 0.023477157360406092 0.017857142857142856 0.046954314720812185
0 0.3560714285714286 0.07423857868020305 0.019285714285714285 0.046954314720812185
0 0.3264285714285714 0.22906091370558376 0.025714285714285714 0.05710659898477157
0 0.3092857142857143 0.3115482233502538 0.024285714285714285 0.06218274111675127
0 0.30392857142857144 0.6072335025380711 0.02642857142857143 0.07487309644670051
0 0.28535714285714286 0.6960659898477157 0.027857142857142858 0.0850253807106599
0 0.31785714285714284 0.5222081218274112 0.02 0.05964467005076142
0 0.3007142857142857 0.48223350253807107 0.027142857142857142 0.07614213197969544
0 0.3339285714285714 0.42956852791878175 0.019285714285714285 0.06725888324873096
0 0.3442857142857143 0.35850253807106597 0.017142857142857144 0.05710659898477157
0 0.3607142857142857 0.28616751269035534 0.018571428571428572 0.05203045685279188
0 0.3817857142857143 0.1681472081218274 0.017857142857142856 0.06218274111675127
0 0.40285714285714286 0.0450507614213198 0.02 0.05456852791878172
3 0.39357142857142857 0.09263959390862944 0.018571428571428572 0.050761421319796954
3 0.29178571428571426 0.4067258883248731 0.02642857142857143 0.06725888324873096
3 0.33714285714285713 0.16941624365482233 0.02142857142857143 0.05710659898477157
