0 0.6873695198329853 0.9577922077922078 0.03444676409185804 0.08256029684601113
0 0.7930584551148225 0.8910018552875696 0.042275574112734866 0.10482374768089053
0 0.8055845511482255 0.9726345083487941 0.042275574112734866 0.05287569573283859
0 0.9765135699373695 0.8209647495361782 0.04592901878914405 0.0686456400742115
0 0.93241127348643 0.7903525046382189 0.05167014613778706 0.06307977736549165
3 0.8969206680584552 0.7527829313543599 0.061064718162839246 0.05473098330241188
0 0.8640396659707724 0.7212430426716141 0.06002087682672234 0.04916512059369202
0 0.8301148225469729 0.6897031539888683 0.05793319415448852 0.04730983302411874
0 0.8087160751565762 0.6539888682745826 0.04749478079331942 0.04638218923933209
3 0.7593945720250522 0.5672541743970315 0.04175365344467641 0.045454545454545456
0 0.7413883089770354 0.5431354359925789 0.04123173277661795 0.039888682745825604
0 0.7330375782881002 0.5097402597402597 0.04018789144050104 0.045454545454545456
0 0.7314718162839249 0.4805194805194805 0.04018789144050104 0.03525046382189239
0 0.7275574112734864 0.4452690166975881 0.032359081419624215 0.03710575139146568
0 0.714509394572025 0.42207792207792205 0.031315240083507306 0.03339517625231911
0 0.697286012526096 0.3984230055658627 0.03444676409185804 0.032467532467532464
0 0.6936325678496869 0.3761595547309833 0.03653444676409186 0.0287569573283859
0 0.6876304801670147 0.30844155844155846 0.030793319415448852 0.02504638218923933
0 0.6336116910229646 0.5482374768089053 0.04697286012526096 0.04452690166975881
0 0.6406576200417536 0.5264378478664193 0.04645093945720251 0.039888682745825604
0 0.6278705636743215 0.48144712430426717 0.04175365344467641 0.03339517625231911
0 0.6268267223382046 0.45964749536178107 0.0407098121085595 0.0287569573283859
0 0.6317849686847599 0.4230055658627087 0.038100208768267224 0.03153988868274583
0 0.627348643006263 0.3409090909090909 0.033402922755741124 0.0287569573283859
3 0.627348643006263 0.30241187384044527 0.026096033402922755 0.027829313543599257
3 0.7025052192066806 0.2694805194805195 0.026096033402922755 0.026901669758812616
0 0.6299582463465553 0.27968460111317256 0.031315240083507306 0.02504638218923933
0 0.5211377870563675 0.3937847866419295 0.01722338204592902 0.03432282003710575
3 0.5516701461377871 0.3172541743970315 0.013569937369519834 0.03339517625231911
1 0.514874739039666 0.21985157699443414 0.030793319415448852 0.09647495361781076
0 0.5918580375782881 0.06029684601113173 0.007306889352818371 0.014842300556586271
3 0.6096033402922756 0.07838589981447125 0.016701461377870562 0.015769944341372914
