3 0.07821428571428571 0.8566666666666667 0.155 0.2866666666666667
1 0.4467857142857143 0.7128571428571429 0.09785714285714285 0.3323809523809524
1 0.4785714285714286 0.9319047619047619 0.1 0.13428571428571429
0 0.13857142857142857 0.5585714285714286 0.09285714285714286 0.15904761904761905
0 0.36678571428571427 0.5014285714285714 0.056428571428571425 0.1361904761904762
0 0.42928571428571427 0.39 0.05285714285714286 0.11714285714285715
3 0.1957142857142857 0.39 0.07 0.12095238095238095
0 0.42964285714285716 0.27714285714285714 0.04642857142857143 0.09333333333333334
3 0.5089285714285714 0.3057142857142857 0.05357142857142857 0.09142857142857143
3 0.5121428571428571 0.21 0.04428571428571428 0.09428571428571429
0 0.21785714285714286 0.23142857142857143 0.047142857142857146 0.08952380952380952
0 0.24571428571428572 0.1595238095238095 0.047142857142857146 0.07333333333333333
0 0.4607142857142857 0.07857142857142857 0.03571428571428571 0.06190476190476191
3 0.42142857142857143 0.1761904761904762 0.03 0.06857142857142857
1 0.4225 0.09333333333333334 0.04214285714285714 0.12380952380952381
3 0.24892857142857142 0.08333333333333333 0.035 0.05619047619047619
0 0.26821428571428574 0.017142857142857144 0.030714285714285715 0.03428571428571429
0 0.3007142857142857 0.04 0.032857142857142856 0.05142857142857143
3 0.5310714285714285 0.03761904761904762 0.06785714285714285 0.04857142857142857
