0 0.4198851774530271 0.8766233766233766 0.07150313152400835 0.07421150278293136
3 0.4451983298538622 0.7750463821892394 0.05845511482254697 0.06215213358070501
3 0.45772442588726514 0.6563079777365491 0.06367432150313153 0.05473098330241188
3 0.4835594989561587 0.5273654916512059 0.04540709812108559 0.041743970315398886
0 0.5013048016701461 0.4819109461966605 0.049582463465553235 0.039888682745825604
3 0.4986951983298539 0.30287569573283857 0.029749478079331943 0.032467532467532464
0 0.48434237995824636 0.3845083487940631 0.027139874739039668 0.036178107606679034
0 0.6114300626304802 0.16419294990723562 0.029749478079331943 0.02040816326530612
0 0.5289665970772442 0.13821892393320964 0.027661795407098122 0.025974025974025976
0 0.7760960334029228 0.20269016697588127 0.032359081419624215 0.023191094619666047
0 0.7601774530271399 0.30936920222634506 0.019311064718162838 0.036178107606679034
0 0.8293319415448852 0.19387755102040816 0.031315240083507306 0.02040816326530612
0 0.9707724425887265 0.2147495361781076 0.038622129436325675 0.023191094619666047
0 0.653705636743215 0.08858998144712431 0.009916492693110648 0.026901669758812616
0 0.6646659707724426 0.09554730983302412 0.007828810020876827 0.02040816326530612
0 0.7646137787056367 0.18692022263450836 0.028183716075156576 0.01948051948051948
0 0.6495302713987474 0.05380333951762523 0.007828810020876827 0.016697588126159554
0 0.6623173277661796 0.0640074211502783 0.008350730688935281 0.02411873840445269
1 0.6612734864300627 0.02504638218923933 0.007306889352818371 0.022263450834879406
0 0.48434237995824636 0.029684601113172542 0.014613778705636743 0.012987012987012988
0 0.4866910229645094 0.02411873840445269 0.012004175365344467 0.011131725417439703
