2 0.5182142857142857 0.6554568527918782 0.075 0.15862944162436549
2 0.425 0.7036802030456852 0.09428571428571429 0.15355329949238578
2 0.255 0.6814720812182741 0.07571428571428572 0.14720812182741116
2 0.1975 0.5057106598984772 0.065 0.12309644670050761
2 0.15928571428571428 0.4029187817258883 0.054285714285714284 0.10279187817258884
2 0.24107142857142858 0.36738578680203043 0.04642857142857143 0.09517766497461928
2 0.5828571428571429 0.2563451776649746 0.07285714285714286 0.07868020304568528
0 0.6539285714285714 0.40482233502538073 0.02214285714285714 0.03807106598984772
0 0.7007142857142857 0.5317258883248731 0.032857142857142856 0.04568527918781726
0 0.7303571428571428 0.5869289340101523 0.035 0.05203045685279188
0 0.7696428571428572 0.6421319796954315 0.039285714285714285 0.05583756345177665
2 0.7975 0.5057106598984772 0.05357142857142857 0.0901015228426396
0 0.7639285714285714 0.14657360406091371 0.013571428571428571 0.0266497461928934
0 0.775 0.11738578680203046 0.011428571428571429 0.024111675126903553
