0 0.08063674321503131 0.33302411873840443 0.06002087682672234 0.06679035250463822
3 0.13387265135699375 0.4902597402597403 0.05167014613778706 0.038033395176252316
0 0.22573068893528184 0.48562152133580705 0.06732776617954071 0.04730983302411874
3 0.3155010438413361 0.48515769944341375 0.0652400835073069 0.05194805194805195
3 0.37656576200417535 0.426252319109462 0.05375782881002088 0.05287569573283859
0 0.42927974947807934 0.47263450834879406 0.06837160751565761 0.05102040816326531
0 0.5947286012526096 0.2323747680890538 0.06419624217118998 0.05287569573283859
0 0.5913361169102297 0.1794990723562152 0.06263048016701461 0.05287569573283859
0 0.5845511482254697 0.12384044526901669 0.06471816283924843 0.04916512059369202
0 0.5822025052192067 0.07003710575139147 0.06315240083507306 0.05102040816326531
0 0.5798538622129437 0.023191094619666047 0.04697286012526096 0.04638218923933209
3 0.6803235908141962 0.06910946196660482 0.02870563674321503 0.10296846011131726
3 0.7413883089770354 0.07792207792207792 0.031837160751565764 0.10204081632653061
0 0.6941544885177453 0.2527829313543599 0.03444676409185804 0.10482374768089053
0 0.6959812108559499 0.41836734693877553 0.06732776617954071 0.05194805194805195
