3 0.580829756795422 0.6760496183206107 0.1402002861230329 0.14026717557251908
3 0.6398426323319027 0.7652671755725191 0.15092989985693847 0.183206106870229
0 0.724964234620887 0.8306297709923665 0.13376251788268956 0.18606870229007633
0 0.7013590844062947 0.6044847328244275 0.11659513590844063 0.15362595419847327
0 0.2421316165951359 0.2876908396946565 0.07081545064377683 0.10019083969465649
0 0.1226752503576538 0.1316793893129771 0.060801144492131615 0.08206106870229007
1 0.15128755364806867 0.7170801526717557 0.23247496423462088 0.26240458015267176
0 0.24034334763948498 0.913645038167939 0.15593705293276108 0.16316793893129772
0 0.07546494992846924 0.22185114503816794 0.04792560801144492 0.09064885496183206
3 0.1123032904148784 0.3244274809160305 0.06723891273247497 0.10687022900763359
3 0.19957081545064378 0.20849236641221375 0.06151645207439199 0.08301526717557252
3 0.16988555078683834 0.4484732824427481 0.07081545064377683 0.1183206106870229
3 0.07975679542203147 0.04866412213740458 0.06366237482117311 0.08969465648854962
0 0.027896995708154508 0.033396946564885496 0.0357653791130186 0.05152671755725191
0 0.0407725321888412 0.14551526717557253 0.0357653791130186 0.060114503816793896
0 0.17024320457796852 0.050095419847328244 0.08869814020028613 0.07538167938931298
0 0.14377682403433475 0.03196564885496183 0.07868383404864092 0.06393129770992366
0 0.7964949928469242 0.9093511450381679 0.1251788268955651 0.1736641221374046
0 0.8891273247496424 0.9561068702290076 0.10014306151645208 0.08587786259541985
