0 0.05010438413361169 0.19294990723562153 0.04279749478079332 0.03710575139146568
0 0.03001043841336117 0.21521335807050093 0.05271398747390397 0.03710575139146568
1 0.19102296450939457 0.16883116883116883 0.05636743215031315 0.09461966604823747
0 0.5362734864300627 0.16651205936920221 0.02661795407098121 0.036178107606679034
1 0.5989039665970772 0.04220779220779221 0.019311064718162838 0.08441558441558442
0 0.5122651356993737 0.32142857142857145 0.038100208768267224 0.04730983302411874
0 0.5660229645093946 0.3399814471243043 0.02139874739039666 0.05473098330241188
0 0.4887787056367432 0.47217068645640076 0.043319415448851775 0.061224489795918366
0 0.4311064718162839 0.8334879406307978 0.054279749478079335 0.11781076066790352
0 0.4196242171189979 0.9577922077922078 0.054279749478079335 0.08256029684601113
