0 0.7045929018789144 0.4225417439703154 0.038622129436325675 0.05844155844155844
0 0.6722338204592901 0.4457328385899815 0.037578288100208766 0.06771799628942486
0 0.6022964509394572 0.48283858998144713 0.0511482254697286 0.05658627087198516
0 0.5759394572025052 0.5055658627087198 0.038100208768267224 0.055658627087198514
0 0.5341858037578288 0.525974025974026 0.044363256784968684 0.0575139146567718
0 0.4517223382045929 0.577922077922078 0.04123173277661795 0.07050092764378478
0 0.36873695198329853 0.6261595547309833 0.031837160751565764 0.07792207792207792
0 0.33924843423799583 0.6470315398886828 0.03549060542797495 0.08256029684601113
0 0.11012526096033402 0.7912801484230055 0.049060542797494784 0.07050092764378478
0 0.44337160751565763 0.87847866419295 0.05793319415448852 0.07792207792207792
0 0.4462421711899791 0.9730983302411874 0.06263048016701461 0.05194805194805195
0 0.28888308977035493 0.9081632653061225 0.06837160751565761 0.06493506493506493
0 0.29331941544885176 0.9698515769944341 0.06367432150313153 0.05844155844155844
