3 0.4632142857142857 0.8 0.20214285714285715 0.15619047619047619
0 0.4810714285714286 0.6676190476190477 0.205 0.13904761904761906
0 0.5078571428571429 0.5614285714285714 0.18 0.12095238095238095
0 0.5267857142857143 0.46714285714285714 0.1707142857142857 0.1
0 0.5346428571428572 0.38571428571428573 0.15071428571428572 0.08952380952380952
3 0.5392857142857143 0.31666666666666665 0.14142857142857143 0.08476190476190476
0 0.5582142857142857 0.26666666666666666 0.1407142857142857 0.08
0 0.5667857142857143 0.21571428571428572 0.13071428571428573 0.06571428571428571
0 0.5767857142857142 0.1719047619047619 0.11642857142857142 0.05619047619047619
0 0.5817857142857142 0.12285714285714286 0.11357142857142857 0.06095238095238095
3 0.5882142857142857 0.08190476190476191 0.11785714285714285 0.06857142857142857
0 0.6025 0.0419047619047619 0.08357142857142857 0.04380952380952381
0 0.6021428571428571 0.017619047619047618 0.09571428571428571 0.035238095238095235
