0 0.068 0.5993333333333334 0.088 0.07733333333333334
3 0.31225 0.5546666666666666 0.0785 0.06666666666666667
0 0.2195 0.882 0.081 0.16666666666666666
0 0.74075 0.9136666666666666 0.1625 0.14066666666666666
0 0.789 0.7443333333333333 0.123 0.08733333333333333
1 0.5615 0.606 0.193 0.116
0 0.58825 0.5616666666666666 0.0855 0.07533333333333334
0 0.69325 0.5316666666666666 0.0435 0.062
0 0.76625 0.4816666666666667 0.0385 0.066
3 0.74575 0.5296666666666666 0.0375 0.074
0 0.625 0.3273333333333333 0.033 0.030666666666666665
0 0.974 0.3453333333333333 0.028 0.025333333333333333
0 0.9645 0.31266666666666665 0.022 0.02
0 0.89075 0.299 0.0215 0.022
0 0.815 0.3406666666666667 0.022 0.030666666666666665
0 0.737 0.3313333333333333 0.022 0.030666666666666665
0 0.74575 0.31466666666666665 0.0215 0.02666666666666667
0 0.82175 0.30466666666666664 0.0215 0.02666666666666667
0 0.792 0.27266666666666667 0.02 0.02266666666666667
0 0.78525 0.21366666666666667 0.0125 0.015333333333333332
0 0.786 0.207 0.012 0.014
0 0.861 0.2823333333333333 0.037 0.020666666666666667
0 0.855 0.27266666666666667 0.033 0.018666666666666668
0 0.861 0.2653333333333333 0.036 0.021333333333333333
0 0.8325 0.24766666666666667 0.017 0.019333333333333334
0 0.83225 0.23933333333333334 0.0155 0.018666666666666668
0 0.94075 0.259 0.0205 0.020666666666666667
0 0.93725 0.24933333333333332 0.0215 0.016
0 0.878 0.22633333333333333 0.015 0.014
0 0.91875 0.221 0.0145 0.015333333333333332
0 0.90725 0.20666666666666667 0.0125 0.012
0 0.882 0.20633333333333334 0.014 0.012666666666666666
0 0.89425 0.19533333333333333 0.0145 0.012
3 0.82125 0.18733333333333332 0.0105 0.013333333333333334
1 0.82525 0.196 0.0175 0.018666666666666668
0 0.8065 0.15366666666666667 0.017 0.011333333333333334
0 0.25525 0.32233333333333336 0.0385 0.03
0 0.23325 0.318 0.0395 0.030666666666666665
3 0.08 0.24233333333333335 0.028 0.024666666666666667
0 0.065 0.28 0.024 0.024
0 0.1605 0.24866666666666667 0.034 0.018666666666666668
0 0.13725 0.29833333333333334 0.0335 0.022
0 0.2175 0.2653333333333333 0.038 0.02
0 0.04175 0.27566666666666667 0.0375 0.019333333333333334
0 0.011 0.264 0.022 0.025333333333333333
