0 0.0185 0.5133333333333333 0.036 0.04133333333333333
0 0.018 0.48433333333333334 0.031 0.034
0 0.09 0.49233333333333335 0.032 0.038
0 0.044 0.42033333333333334 0.027 0.03133333333333333
0 0.096 0.3963333333333333 0.026 0.028666666666666667
0 0.13175 0.358 0.0245 0.02666666666666667
0 0.22275 0.44633333333333336 0.0235 0.034
0 0.205 0.331 0.022 0.022
3 0.19975 0.2713333333333333 0.0195 0.02666666666666667
3 0.201 0.25233333333333335 0.017 0.019333333333333334
0 0.2565 0.22966666666666666 0.014 0.018
3 0.32225 0.18733333333333332 0.0125 0.013333333333333334
2 0.26925 0.178 0.0305 0.042666666666666665
0 0.253 0.17933333333333334 0.012 0.016
0 0.29225 0.151 0.0135 0.014
0 0.31875 0.13133333333333333 0.0125 0.017333333333333333
0 0.3065 0.11633333333333333 0.011 0.011333333333333334
0 0.34275 0.117 0.0105 0.014
0 0.33775 0.08133333333333333 0.0105 0.012
0 0.3415 0.05533333333333333 0.01 0.009333333333333334
2 0.38375 0.04933333333333333 0.0145 0.02266666666666667
0 0.3995 0.04833333333333333 0.008 0.01
0 0.3615 0.035333333333333335 0.009 0.010666666666666666
0 0.37625 0.018333333333333333 0.0085 0.008666666666666666
0 0.3905 0.004 0.008 0.008
0 0.40925 0.018 0.0075 0.012
0 0.4215 0.015 0.007 0.01
0 0.59225 0.391 0.0295 0.019333333333333334
0 0.598 0.37933333333333336 0.03 0.018666666666666668
0 0.6025 0.36633333333333334 0.031 0.019333333333333334
0 0.63425 0.43133333333333335 0.0275 0.029333333333333333
0 0.661 0.43533333333333335 0.03 0.029333333333333333
0 0.67125 0.38366666666666666 0.0135 0.024666666666666667
0 0.6705 0.3596666666666667 0.013 0.022
3 0.67825 0.3323333333333333 0.0285 0.020666666666666667
0 0.68625 0.36133333333333334 0.0125 0.02266666666666667
0 0.688 0.38766666666666666 0.013 0.027333333333333334
0 0.681 0.31966666666666665 0.029 0.018
0 0.83025 0.583 0.0195 0.04466666666666667
0 0.86225 0.586 0.0235 0.044
3 0.89175 0.5863333333333334 0.0215 0.038
0 0.7565 0.9753333333333334 0.025 0.04933333333333333
0 0.04825 0.8646666666666667 0.0375 0.06533333333333333
0 0.0725 0.825 0.042 0.054
0 0.09575 0.794 0.0375 0.048
0 0.117 0.7123333333333334 0.042 0.054
0 0.0545 0.6103333333333333 0.036 0.043333333333333335
0 0.16525 0.9586666666666667 0.0505 0.04133333333333333
0 0.139 0.9876666666666667 0.062 0.024666666666666667
0 0.6475 0.12433333333333334 0.01 0.014
0 0.65625 0.10933333333333334 0.0095 0.010666666666666666
0 0.77075 0.11466666666666667 0.0085 0.014666666666666666
0 0.79125 0.13533333333333333 0.0165 0.010666666666666666
0 0.79875 0.141 0.0185 0.011333333333333334
0 0.976 0.27466666666666667 0.026 0.016
0 0.9785 0.284 0.029 0.016
0 0.98725 0.2956666666666667 0.0255 0.015333333333333332
0 0.98925 0.30466666666666664 0.0215 0.014666666666666666
0 0.99125 0.312 0.0175 0.016
0 0.73775 0.121 0.0205 0.012666666666666666
0 0.73175 0.091 0.0115 0.014
0 0.73525 0.11333333333333333 0.0085 0.012
0 0.76025 0.13533333333333333 0.0205 0.010666666666666666
0 0.7595 0.141 0.02 0.01
3 0.7635 0.14466666666666667 0.017 0.010666666666666666
3 0.744 0.14633333333333334 0.011 0.015333333333333332
0 0.687 0.04133333333333333 0.009 0.008
0 0.67875 0.04033333333333333 0.0075 0.01
0 0.67075 0.04066666666666666 0.0115 0.009333333333333334
0 0.6615 0.03866666666666667 0.012 0.012
