0 0.02675 0.5886666666666667 0.0515 0.037333333333333336
0 0.234 0.3536666666666667 0.034 0.020666666666666667
0 0.139 0.31466666666666665 0.021 0.02266666666666667
0 0.36075 0.361 0.0335 0.024666666666666667
0 0.3825 0.356 0.029 0.021333333333333333
0 0.40475 0.34933333333333333 0.0285 0.02
0 0.41625 0.365 0.0275 0.022
0 0.381 0.37833333333333335 0.03 0.020666666666666667
0 0.3215 0.37866666666666665 0.032 0.02666666666666667
0 0.3435 0.3933333333333333 0.032 0.021333333333333333
0 0.35575 0.449 0.0355 0.024666666666666667
0 0.344 0.5156666666666667 0.033 0.03266666666666666
0 0.3725 0.547 0.036 0.04066666666666666
0 0.4065 0.5823333333333334 0.04 0.048666666666666664
0 0.478 0.6766666666666666 0.043 0.048
0 0.67625 0.9153333333333333 0.0635 0.07466666666666667
0 0.60575 0.8233333333333334 0.0525 0.06533333333333333
