0 0.325 0.14633333333333334 0.039 0.024666666666666667
3 0.31725 0.16766666666666666 0.0395 0.034
0 0.3795 0.143 0.041 0.020666666666666667
0 0.46825 0.15466666666666667 0.0245 0.025333333333333333
0 0.47825 0.17933333333333334 0.0205 0.029333333333333333
0 0.47675 0.21166666666666667 0.0205 0.03
3 0.44375 0.23233333333333334 0.0205 0.048666666666666664
3 0.30225 0.7463333333333333 0.0955 0.142
0 0.45325 0.917 0.0635 0.166
0 0.499 0.13 0.035 0.02266666666666667
1 0.56325 0.15066666666666667 0.0385 0.025333333333333333
1 0.5685 0.14266666666666666 0.052 0.03333333333333333
0 0.6155 0.14233333333333334 0.041 0.03133333333333333
0 0.649 0.13733333333333334 0.037 0.021333333333333333
0 0.661 0.12466666666666666 0.044 0.021333333333333333
0 0.62375 0.115 0.0485 0.020666666666666667
0 0.55925 0.12733333333333333 0.0435 0.021333333333333333
0 0.57725 0.12166666666666667 0.0455 0.015333333333333332
3 0.637 0.035666666666666666 0.018 0.019333333333333334
1 0.52075 0.18733333333333332 0.0145 0.03866666666666667
3 0.57925 0.36633333333333334 0.0315 0.06333333333333334
0 0.657 0.37233333333333335 0.039 0.059333333333333335
3 0.67625 0.637 0.0495 0.11266666666666666
1 0.63625 0.854 0.1025 0.192
0 0.809 0.5546666666666666 0.101 0.06133333333333333
0 0.85025 0.645 0.1155 0.09666666666666666
3 0.86225 0.7466666666666667 0.1175 0.148
0 0.9555 0.5466666666666666 0.089 0.05733333333333333
