3 0.4035 0.8413333333333334 0.101 0.24666666666666667
0 0.453 0.6093333333333333 0.081 0.16533333333333333
3 0.365 0.014 0.026 0.028
3 0.42575 0.047 0.0385 0.028666666666666667
2 0.8835 0.8113333333333334 0.233 0.376
0 0.48875 0.388 0.0485 0.092
0 0.5205 0.24533333333333332 0.035 0.05466666666666667
3 0.6905 0.299 0.049 0.09533333333333334
0 0.533 0.17166666666666666 0.03 0.042
0 0.53975 0.136 0.0305 0.04666666666666667
0 0.54475 0.11166666666666666 0.0255 0.03266666666666666
0 0.551 0.073 0.023 0.03133333333333333
0 0.55425 0.054 0.0215 0.025333333333333333
0 0.556 0.03866666666666667 0.02 0.02266666666666667
0 0.5595 0.02666666666666667 0.019 0.025333333333333333
0 0.56 0.013333333333333334 0.017 0.02
0 0.5635 0.006666666666666667 0.017 0.013333333333333334
1 0.61175 0.16166666666666665 0.0265 0.05
0 0.64875 0.09533333333333334 0.0255 0.034666666666666665
0 0.6595 0.05 0.023 0.03333333333333333
0 0.63475 0.008 0.0175 0.016
0 0.96125 0.2776666666666667 0.0605 0.05266666666666667
0 0.811 0.177 0.032 0.042
0 0.98275 0.20333333333333334 0.0345 0.050666666666666665
0 0.9695 0.17933333333333334 0.056 0.042666666666666665
0 0.95525 0.15433333333333332 0.0515 0.03666666666666667
3 0.9205 0.12266666666666666 0.04 0.04
3 0.90125 0.10433333333333333 0.0335 0.035333333333333335
3 0.971 0.07566666666666666 0.048 0.03
0 0.97225 0.08466666666666667 0.0475 0.028
3 0.977 0.09433333333333334 0.046 0.034
0 0.986 0.10533333333333333 0.028 0.03333333333333333
0 0.87125 0.08 0.0275 0.032
0 0.9855 0.014 0.029 0.02266666666666667
0 0.75125 0.03133333333333333 0.0235 0.02666666666666667
0 0.80075 0.009 0.0255 0.018
0 0.8115 0.018 0.023 0.021333333333333333
0 0.825 0.032 0.027 0.02266666666666667
