0 0.1492857142857143 0.7704761904761904 0.11 0.20952380952380953
0 0.22321428571428573 0.38904761904761903 0.08785714285714286 0.11714285714285715
0 0.6946428571428571 0.2838095238095238 0.09357142857142857 0.07809523809523809
0 0.8135714285714286 0.3919047619047619 0.10714285714285714 0.1
0 0.8835714285714286 0.9014285714285715 0.13428571428571429 0.1761904761904762
0 0.9753571428571428 0.045714285714285714 0.04928571428571429 0.06095238095238095
0 0.9453571428571429 0.5161904761904762 0.10928571428571429 0.1219047619047619
0 0.97 0.23476190476190475 0.06 0.08285714285714285
1 0.07107142857142858 0.4623809523809524 0.14214285714285715 0.23142857142857143
0 0.8778571428571429 0.4680952380952381 0.12428571428571429 0.11714285714285715
