0 0.5528571428571428 0.1838095238095238 0.004285714285714286 0.0038095238095238095
0 0.5828571428571429 0.14761904761904762 0.002857142857142857 0.0038095238095238095
0 0.5725 0.16333333333333333 0.002142857142857143 0.002857142857142857
1 0.565 0.1757142857142857 0.005714285714285714 0.012380952380952381
1 0.5542857142857143 0.1957142857142857 0.008571428571428572 0.018095238095238095
1 0.5457142857142857 0.20666666666666667 0.008571428571428572 0.015238095238095238
1 0.5346428571428572 0.2061904761904762 0.010714285714285714 0.02
1 0.5210714285714285 0.24666666666666667 0.012142857142857143 0.02666666666666667
1 0.5207142857142857 0.2671428571428571 0.01 0.01619047619047619
0 0.5089285714285714 0.28714285714285714 0.0064285714285714285 0.010476190476190476
0 0.5335714285714286 0.23285714285714285 0.005714285714285714 0.006666666666666667
0 0.46964285714285714 0.27476190476190476 0.0064285714285714285 0.008571428571428572
1 0.6660714285714285 0.2861904761904762 0.007857142857142858 0.012380952380952381
1 0.6596428571428572 0.27285714285714285 0.007857142857142858 0.01619047619047619
1 0.65 0.24904761904761905 0.011428571428571429 0.023809523809523808
0 0.6578571428571428 0.2604761904761905 0.007142857142857143 0.006666666666666667
0 0.5246428571428572 0.23142857142857143 0.005 0.005714285714285714
0 0.47 0.20047619047619047 0.008571428571428572 0.004761904761904762
3 0.4564285714285714 0.20666666666666667 0.011428571428571429 0.005714285714285714
3 0.4732142857142857 0.22380952380952382 0.010714285714285714 0.009523809523809525
0 0.43714285714285717 0.2280952380952381 0.01 0.006666666666666667
0 0.48892857142857143 0.22285714285714286 0.009285714285714286 0.007619047619047619
