3 0.0975 0.69 0.055 0.04
0 0.02925 0.866 0.0585 0.064
0 0.79675 0.5753333333333334 0.0635 0.036
0 0.9735 0.619 0.053 0.03933333333333333
0 0.8565 0.5013333333333333 0.046 0.07333333333333333
0 0.78575 0.494 0.0585 0.034666666666666665
0 0.785 0.458 0.051 0.034666666666666665
3 0.65325 0.477 0.0355 0.08333333333333333
0 0.64975 0.402 0.0555 0.03866666666666667
0 0.76075 0.374 0.0585 0.03333333333333333
0 0.75275 0.338 0.0425 0.036
0 0.73875 0.25933333333333336 0.0455 0.032
0 0.62725 0.266 0.0395 0.030666666666666665
3 0.63925 0.3413333333333333 0.0425 0.034666666666666665
3 0.42175 0.078 0.0135 0.036
0 0.59225 0.06166666666666667 0.0365 0.022
0 0.70175 0.14833333333333334 0.0405 0.023333333333333334
0 0.71225 0.17133333333333334 0.0345 0.02266666666666667
0 0.71475 0.20533333333333334 0.0455 0.029333333333333333
