0 0.36178571428571427 0.8995238095238095 0.05785714285714286 0.1019047619047619
0 0.3032142857142857 0.9842857142857143 0.035 0.03142857142857143
0 0.4332142857142857 0.7352380952380952 0.05071428571428571 0.08571428571428572
0 0.4907142857142857 0.6252380952380953 0.04857142857142857 0.07904761904761905
0 0.515 0.6828571428571428 0.05 0.09333333333333334
1 0.8092857142857143 0.7552380952380953 0.08857142857142856 0.07047619047619047
0 0.8596428571428572 0.5328571428571428 0.035 0.07142857142857142
0 0.535 0.5195238095238095 0.04428571428571428 0.07142857142857142
1 0.585 0.4157142857142857 0.06142857142857143 0.11142857142857143
0 0.6535714285714286 0.27666666666666667 0.03571428571428571 0.06190476190476191
0 0.96 0.11476190476190476 0.027142857142857142 0.040952380952380955
0 0.9103571428571429 0.09904761904761905 0.04642857142857143 0.030476190476190476
3 0.6946428571428571 0.9566666666666667 0.035 0.08666666666666667
3 0.7603571428571428 0.679047619047619 0.03357142857142857 0.06857142857142857
0 0.7592857142857142 0.13428571428571429 0.032857142857142856 0.05333333333333334
0 0.7764285714285715 0.02 0.03 0.04
0 0.31142857142857144 0.4042857142857143 0.054285714285714284 0.058095238095238096
0 0.2889285714285714 0.42857142857142855 0.05357142857142857 0.05714285714285714
0 0.27071428571428574 0.46476190476190476 0.04857142857142857 0.05142857142857143
3 0.2042857142857143 0.5723809523809524 0.06 0.06476190476190476
0 0.18571428571428572 0.6090476190476191 0.05857142857142857 0.06380952380952382
3 0.2839285714285714 0.6876190476190476 0.03214285714285714 0.047619047619047616
3 0.32321428571428573 0.6209523809523809 0.035 0.05714285714285714
3 0.36178571428571427 0.5485714285714286 0.04214285714285714 0.06476190476190476
0 0.23214285714285715 0.5338095238095238 0.047142857142857146 0.054285714285714284
0 0.24714285714285714 0.4980952380952381 0.05285714285714286 0.05523809523809524
0 0.40214285714285714 0.47285714285714286 0.041428571428571426 0.05619047619047619
0 0.4342857142857143 0.4114285714285714 0.037142857142857144 0.06476190476190476
0 0.225 0.7971428571428572 0.05714285714285714 0.08190476190476191
