0 0.1392857142857143 0.8795238095238095 0.16857142857142857 0.1361904761904762
0 0.21928571428571428 0.7785714285714286 0.1442857142857143 0.1019047619047619
0 0.6910714285714286 0.20285714285714285 0.027857142857142858 0.01904761904761905
0 0.8739285714285714 0.21428571428571427 0.017857142857142856 0.02095238095238095
0 0.8903571428571428 0.1976190476190476 0.016428571428571428 0.01619047619047619
0 0.8907142857142857 0.18476190476190477 0.017142857142857144 0.015238095238095238
0 0.8875 0.17952380952380953 0.013571428571428571 0.010476190476190476
0 0.8867857142857143 0.1738095238095238 0.013571428571428571 0.010476190476190476
0 0.8803571428571428 0.15904761904761905 0.010714285714285714 0.011428571428571429
0 0.8746428571428572 0.15047619047619049 0.009285714285714286 0.009523809523809525
0 0.8882142857142857 0.1438095238095238 0.007857142857142858 0.007619047619047619
2 0.6703571428571429 0.12095238095238095 0.016428571428571428 0.01904761904761905
