0 0.10535714285714286 0.42238095238095236 0.05071428571428571 0.029523809523809525
0 0.10892857142857143 0.42142857142857143 0.04928571428571429 0.025714285714285714
0 0.19214285714285714 0.41904761904761906 0.05 0.02666666666666667
0 0.1757142857142857 0.4176190476190476 0.05142857142857143 0.02761904761904762
0 0.16428571428571428 0.41 0.047142857142857146 0.03142857142857143
0 0.32535714285714284 0.4119047619047619 0.045 0.02
0 0.36964285714285716 0.42428571428571427 0.056428571428571425 0.035238095238095235
0 0.31 0.4061904761904762 0.04285714285714286 0.023809523809523808
0 0.02642857142857143 0.4219047619047619 0.05142857142857143 0.03619047619047619
3 0.8957142857142857 0.4319047619047619 0.03571428571428571 0.021904761904761906
3 0.9107142857142857 0.4247619047619048 0.032857142857142856 0.022857142857142857
0 0.8907142857142857 0.42095238095238097 0.032857142857142856 0.022857142857142857
3 0.8596428571428572 0.41714285714285715 0.03785714285714286 0.02095238095238095
3 0.8257142857142857 0.41095238095238096 0.032857142857142856 0.018095238095238095
0 0.8092857142857143 0.4061904761904762 0.027142857142857142 0.01619047619047619
0 0.8507142857142858 0.4114285714285714 0.02857142857142857 0.017142857142857144
0 0.7921428571428571 0.37714285714285717 0.015714285714285715 0.011428571428571429
0 0.8453571428571428 0.379047619047619 0.016428571428571428 0.011428571428571429
2 0.5264285714285715 0.4014285714285714 0.07 0.039047619047619046
