2 0.1175 0.7506345177664975 0.056428571428571425 0.16624365482233502
2 0.14285714285714285 0.7506345177664975 0.047142857142857146 0.12563451776649745
2 0.15464285714285714 0.9238578680203046 0.056428571428571425 0.14974619289340102
2 0.18428571428571427 0.9041878172588832 0.04857142857142857 0.1281725888324873
2 0.23107142857142857 0.9676395939086294 0.035 0.06218274111675127
2 0.23392857142857143 0.7855329949238579 0.055 0.14720812182741116
0 0.2082142857142857 0.799492385786802 0.02642857142857143 0.06091370558375635
0 0.2714285714285714 0.9746192893401016 0.027142857142857142 0.048223350253807105
0 0.2225 0.6338832487309645 0.030714285714285715 0.06725888324873096
0 0.25 0.6205583756345178 0.02857142857142857 0.06852791878172589
3 0.43392857142857144 0.9454314720812182 0.03642857142857143 0.07614213197969544
