0 0.1095 0.773 0.176 0.11933333333333333
3 0.43075 0.7573333333333333 0.0765 0.176
0 0.42125 0.381 0.0435 0.08333333333333333
0 0.44475 0.304 0.0345 0.06133333333333333
0 0.456 0.23433333333333334 0.032 0.05266666666666667
0 0.46925 0.171 0.0275 0.04733333333333333
0 0.49075 0.5306666666666666 0.0855 0.112
0 0.594 0.3233333333333333 0.059 0.05733333333333333
0 0.54175 0.06266666666666666 0.0345 0.028
0 0.63325 0.057 0.0265 0.027333333333333334
0 0.6245 0.021666666666666667 0.017 0.023333333333333334
0 0.5295 0.042333333333333334 0.016 0.022
0 0.53425 0.024 0.0165 0.024
0 0.53125 0.009 0.0145 0.018
3 0.6995 0.6493333333333333 0.069 0.188
0 0.76175 0.4676666666666667 0.0925 0.059333333333333335
0 0.709 0.36766666666666664 0.091 0.059333333333333335
3 0.76225 0.318 0.0815 0.064
3 0.74825 0.235 0.0665 0.06333333333333334
0 0.70925 0.13566666666666666 0.0535 0.03
0 0.6795 0.07733333333333334 0.035 0.037333333333333336
0 0.68925 0.06833333333333333 0.0355 0.026
0 0.67925 0.055 0.0445 0.020666666666666667
0 0.75175 0.058 0.0475 0.02266666666666667
3 0.61475 0.060333333333333336 0.0145 0.03
0 0.867 0.37366666666666665 0.098 0.058
0 0.9 0.475 0.13 0.06733333333333333
1 0.78075 0.552 0.1785 0.2
