0 0.21214285714285713 0.979047619047619 0.04285714285714286 0.0419047619047619
1 0.05964285714285714 0.6947619047619048 0.11785714285714285 0.14761904761904762
0 0.5039285714285714 0.13 0.007857142857142858 0.012380952380952381
0 0.5978571428571429 0.2714285714285714 0.024285714285714285 0.013333333333333334
0 0.6 0.2633333333333333 0.022857142857142857 0.012380952380952381
0 0.5982142857142857 0.25285714285714284 0.02642857142857143 0.014285714285714285
0 0.5721428571428572 0.2438095238095238 0.017142857142857144 0.011428571428571429
0 0.5739285714285715 0.23857142857142857 0.02214285714285714 0.012380952380952381
3 0.5746428571428571 0.23238095238095238 0.019285714285714285 0.013333333333333334
0 0.575 0.22476190476190477 0.02 0.011428571428571429
0 0.5760714285714286 0.21904761904761905 0.019285714285714285 0.013333333333333334
0 0.5757142857142857 0.21571428571428572 0.018571428571428572 0.012380952380952381
0 0.6007142857142858 0.23333333333333334 0.02142857142857143 0.013333333333333334
0 0.6 0.22285714285714286 0.017142857142857144 0.011428571428571429
0 0.6007142857142858 0.21666666666666667 0.02 0.010476190476190476
1 0.33071428571428574 0.2604761904761905 0.02 0.039047619047619046
1 0.37392857142857144 0.19523809523809524 0.03785714285714286 0.06285714285714286
1 0.45285714285714285 0.15142857142857144 0.032857142857142856 0.02666666666666667
1 0.4642857142857143 0.1376190476190476 0.027142857142857142 0.035238095238095235
1 0.4639285714285714 0.12714285714285714 0.03214285714285714 0.040952380952380955
1 0.45071428571428573 0.11952380952380952 0.015714285714285715 0.029523809523809525
2 0.47214285714285714 0.18142857142857144 0.011428571428571429 0.025714285714285714
0 0.5232142857142857 0.23285714285714285 0.016428571428571428 0.012380952380952381
0 0.5267857142857143 0.22714285714285715 0.017857142857142856 0.012380952380952381
0 0.5275 0.21857142857142858 0.020714285714285713 0.010476190476190476
0 0.5285714285714286 0.20904761904761904 0.017142857142857144 0.014285714285714285
0 0.5332142857142858 0.2 0.019285714285714285 0.011428571428571429
0 0.5421428571428571 0.03142857142857143 0.004285714285714286 0.007619047619047619
3 0.6228571428571429 0.011428571428571429 0.01 0.007619047619047619
