3 0.14035714285714285 0.20809523809523808 0.007857142857142858 0.021904761904761906
0 0.14964285714285713 0.2038095238095238 0.010714285714285714 0.022857142857142857
0 0.16142857142857142 0.20476190476190476 0.01 0.017142857142857144
0 0.1275 0.2123809523809524 0.009285714285714286 0.02095238095238095
0 0.16642857142857143 0.22285714285714286 0.017142857142857144 0.009523809523809525
0 0.16535714285714287 0.23142857142857143 0.019285714285714285 0.009523809523809525
0 0.16535714285714287 0.23857142857142857 0.015 0.008571428571428572
0 0.16428571428571428 0.24619047619047618 0.02142857142857143 0.008571428571428572
3 0.1632142857142857 0.25523809523809526 0.017857142857142856 0.011428571428571429
0 0.16392857142857142 0.2642857142857143 0.016428571428571428 0.012380952380952381
0 0.4992857142857143 0.44857142857142857 0.008571428571428572 0.022857142857142857
0 0.51 0.44857142857142857 0.01 0.024761904761904763
0 0.5221428571428571 0.44761904761904764 0.01 0.022857142857142857
0 0.5389285714285714 0.6357142857142857 0.012142857142857143 0.03333333333333333
0 0.5346428571428572 0.7752380952380953 0.012142857142857143 0.03619047619047619
0 0.5557142857142857 0.8157142857142857 0.011428571428571429 0.03333333333333333
0 0.49464285714285716 0.820952380952381 0.010714285714285714 0.0380952380952381
0 0.4975 0.8985714285714286 0.013571428571428571 0.04285714285714286
0 0.5717857142857142 0.9333333333333333 0.016428571428571428 0.05142857142857143
0 0.19071428571428573 0.33095238095238094 0.01 0.02
