0 0.6239285714285714 0.9352791878172588 0.045 0.1065989847715736
0 0.4942857142857143 0.5736040609137056 0.02142857142857143 0.04568527918781726
0 0.44785714285714284 0.41624365482233505 0.015714285714285715 0.03553299492385787
0 0.39714285714285713 0.29758883248730966 0.011428571428571429 0.024111675126903553
3 0.44142857142857145 0.34073604060913704 0.012857142857142857 0.031725888324873094
3 0.5989285714285715 0.8388324873096447 0.039285714285714285 0.09644670050761421
3 0.5775 0.7620558375634517 0.03357142857142857 0.08756345177664974
3 0.5546428571428571 0.6935279187817259 0.029285714285714286 0.07487309644670051
3 0.5353571428571429 0.6338832487309645 0.02642857142857143 0.06218274111675127
3 0.5221428571428571 0.5894670050761421 0.025714285714285714 0.06218274111675127
3 0.5089285714285714 0.5501269035532995 0.02214285714285714 0.05203045685279188
0 0.5010714285714286 0.5177664974619289 0.013571428571428571 0.03299492385786802
0 0.46714285714285714 0.4130710659898477 0.014285714285714285 0.0266497461928934
1 0.42714285714285716 0.2918781725888325 0.012857142857142857 0.03299492385786802
3 0.4010714285714286 0.19606598984771573 0.017857142857142856 0.01649746192893401
0 0.3775 0.19796954314720813 0.017857142857142856 0.01015228426395939
3 0.6464285714285715 0.983502538071066 0.03428571428571429 0.030456852791878174
