0 0.479 0.4653333333333333 0.064 0.13333333333333333
0 0.34375 0.31033333333333335 0.0535 0.08466666666666667
3 0.45375 0.314 0.0465 0.09466666666666666
0 0.42225 0.275 0.0655 0.046
3 0.416 0.21766666666666667 0.025 0.054
3 0.77525 0.2876666666666667 0.0795 0.07666666666666666
3 0.91875 0.26166666666666666 0.0875 0.06733333333333333
3 0.93975 0.24966666666666668 0.0785 0.06866666666666667
3 0.89575 0.226 0.0655 0.04933333333333333
0 0.203 0.15566666666666668 0.029 0.024666666666666667
0 0.21725 0.14133333333333334 0.0275 0.028
0 0.2355 0.12866666666666668 0.024 0.021333333333333333
0 0.249 0.113 0.022 0.024666666666666667
3 0.258 0.10333333333333333 0.017 0.02266666666666667
3 0.165 0.13766666666666666 0.024 0.03
0 0.1645 0.167 0.045 0.028666666666666667
0 0.15525 0.15133333333333332 0.0285 0.024
0 0.267 0.09866666666666667 0.018 0.017333333333333333
0 0.23225 0.17233333333333334 0.0235 0.03666666666666667
0 0.27475 0.09033333333333333 0.0165 0.019333333333333334
0 0.282 0.08433333333333333 0.015 0.015333333333333332
3 0.2965 0.12333333333333334 0.021 0.024
3 0.27375 0.14433333333333334 0.0235 0.026
0 0.25 0.19433333333333333 0.044 0.03666666666666667
3 0.258 0.219 0.046 0.04466666666666667
3 0.649 0.291 0.087 0.054
3 0.9005 0.181 0.06 0.043333333333333335
3 0.533 0.21066666666666667 0.036 0.04666666666666667
3 0.52075 0.18633333333333332 0.0295 0.04466666666666667
3 0.52025 0.18566666666666667 0.0295 0.04466666666666667
1 0.47775 0.18066666666666667 0.0825 0.044
0 0.5565 0.041666666666666664 0.018 0.01
0 0.5485 0.03766666666666667 0.018 0.01
0 0.48075 0.049666666666666665 0.0175 0.01
0 0.50825 0.04933333333333333 0.0215 0.009333333333333334
0 0.543 0.034666666666666665 0.016 0.010666666666666666
0 0.536 0.03166666666666667 0.016 0.01
0 0.5395 0.03333333333333333 0.016 0.010666666666666666
1 0.52825 0.027 0.0185 0.012666666666666666
1 0.52275 0.023333333333333334 0.0215 0.012
0 0.50725 0.027666666666666666 0.0075 0.007333333333333333
0 0.478 0.047 0.018 0.011333333333333334
0 0.471 0.044 0.015 0.009333333333333334
0 0.468 0.04066666666666666 0.015 0.009333333333333334
0 0.465 0.035 0.016 0.01
0 0.46175 0.033 0.0165 0.01
0 0.46 0.029666666666666668 0.016 0.01
0 0.41925 0.057 0.0195 0.011333333333333334
1 0.49625 0.03333333333333333 0.0235 0.013333333333333334
1 0.4985 0.041666666666666664 0.023 0.016666666666666666
3 0.48775 0.03333333333333333 0.0195 0.010666666666666666
3 0.47875 0.027333333333333334 0.0195 0.010666666666666666
