1 0.5960714285714286 0.45 0.04642857142857143 0.06952380952380953
1 0.38142857142857145 0.13047619047619047 0.04428571428571428 0.06095238095238095
1 0.2892857142857143 0.020476190476190478 0.05142857142857143 0.040952380952380955
0 0.32857142857142857 0.1438095238095238 0.041428571428571426 0.02857142857142857
0 0.9585714285714285 0.28523809523809524 0.03428571428571429 0.039047619047619046
3 0.9317857142857143 0.2642857142857143 0.03214285714285714 0.035238095238095235
0 0.9175 0.24571428571428572 0.03642857142857143 0.03428571428571429
0 0.8960714285714285 0.2219047619047619 0.03357142857142857 0.03428571428571429
0 0.8621428571428571 0.18761904761904763 0.032857142857142856 0.02666666666666667
3 0.8496428571428571 0.1657142857142857 0.035 0.030476190476190476
0 0.8278571428571428 0.15 0.03 0.03333333333333333
0 0.8171428571428572 0.1295238095238095 0.032857142857142856 0.030476190476190476
0 0.7903571428571429 0.10857142857142857 0.02642857142857143 0.030476190476190476
1 0.6860714285714286 0.06714285714285714 0.08357142857142857 0.09047619047619047
1 0.5814285714285714 0.06523809523809523 0.10428571428571429 0.12095238095238095
