0 0.8178571428571428 0.9233333333333333 0.07428571428571429 0.04476190476190476
1 0.8646428571428572 0.7485714285714286 0.04928571428571429 0.03238095238095238
0 0.44535714285714284 0.7590476190476191 0.025 0.05523809523809524
0 0.48714285714285716 0.6823809523809524 0.017142857142857144 0.04285714285714286
0 0.4085714285714286 0.6876190476190476 0.027142857142857142 0.04380952380952381
0 0.42714285714285716 0.6104761904761905 0.02 0.0380952380952381
0 0.4207142857142857 0.47523809523809524 0.012857142857142857 0.024761904761904763
0 0.43107142857142855 0.43952380952380954 0.013571428571428571 0.025714285714285714
1 0.4539285714285714 0.3661904761904762 0.009285714285714286 0.02
0 0.41785714285714287 0.3819047619047619 0.011428571428571429 0.015238095238095238
0 0.41785714285714287 0.36714285714285716 0.011428571428571429 0.01619047619047619
0 0.41714285714285715 0.33904761904761904 0.01 0.01904761904761905
1 0.4471428571428571 0.3180952380952381 0.008571428571428572 0.015238095238095238
0 0.44571428571428573 0.30857142857142855 0.008571428571428572 0.011428571428571429
0 0.44535714285714284 0.29333333333333333 0.010714285714285714 0.015238095238095238
0 0.4164285714285714 0.2947619047619048 0.008571428571428572 0.014285714285714285
0 0.415 0.28095238095238095 0.008571428571428572 0.011428571428571429
1 0.4382142857142857 0.2714285714285714 0.007857142857142858 0.017142857142857144
0 0.44035714285714284 0.2604761904761905 0.009285714285714286 0.014285714285714285
0 0.43964285714285717 0.25047619047619046 0.007857142857142858 0.011428571428571429
1 0.4157142857142857 0.26142857142857145 0.01 0.021904761904761906
0 0.4375 0.23714285714285716 0.0064285714285714285 0.011428571428571429
0 0.43785714285714283 0.23142857142857143 0.007142857142857143 0.007619047619047619
0 0.4357142857142857 0.21571428571428572 0.007142857142857143 0.010476190476190476
0 0.4357142857142857 0.21 0.007142857142857143 0.006666666666666667
0 0.45 0.19857142857142857 0.007142857142857143 0.008571428571428572
0 0.4114285714285714 0.1357142857142857 0.008571428571428572 0.006666666666666667
3 0.44 0.1523809523809524 0.01 0.007619047619047619
0 0.3242857142857143 0.7338095238095238 0.03571428571428571 0.029523809523809525
1 0.26964285714285713 0.700952380952381 0.055 0.045714285714285714
0 0.1025 0.7552380952380953 0.05357142857142857 0.03238095238095238
0 0.12535714285714286 0.6938095238095238 0.04357142857142857 0.029523809523809525
0 0.04285714285714286 0.6942857142857143 0.03428571428571429 0.02857142857142857
0 0.014285714285714285 0.6233333333333333 0.024285714285714285 0.035238095238095235
0 0.0175 0.7671428571428571 0.035 0.03333333333333333
0 0.23285714285714285 0.35428571428571426 0.025714285714285714 0.013333333333333334
0 0.315 0.31142857142857144 0.008571428571428572 0.011428571428571429
0 0.3007142857142857 0.27904761904761904 0.011428571428571429 0.013333333333333334
0 0.30892857142857144 0.2580952380952381 0.009285714285714286 0.011428571428571429
0 0.31107142857142855 0.25 0.009285714285714286 0.010476190476190476
0 0.32071428571428573 0.22142857142857142 0.01 0.010476190476190476
