0 0.45964285714285713 0.8052380952380952 0.029285714285714286 0.04476190476190476
0 0.48714285714285716 0.7609523809523809 0.03 0.04380952380952381
0 0.5157142857142857 0.7209523809523809 0.03 0.0419047619047619
0 0.6264285714285714 0.7347619047619047 0.02857142857142857 0.040952380952380955
0 0.45714285714285713 0.7671428571428571 0.03142857142857143 0.04476190476190476
0 0.44392857142857145 0.8638095238095238 0.030714285714285715 0.045714285714285714
0 0.4407142857142857 0.91 0.03142857142857143 0.04476190476190476
0 0.3939285714285714 0.9138095238095238 0.030714285714285715 0.04857142857142857
0 0.36 0.9523809523809523 0.03571428571428571 0.04380952380952381
0 0.30964285714285716 0.9838095238095238 0.029285714285714286 0.03238095238095238
0 0.3275 0.99 0.02642857142857143 0.02
3 0.42 0.8638095238095238 0.027142857142857142 0.03619047619047619
0 0.9189285714285714 0.7685714285714286 0.03642857142857143 0.045714285714285714
0 0.8439285714285715 0.7185714285714285 0.03214285714285714 0.04285714285714286
0 0.8771428571428571 0.7219047619047619 0.03428571428571429 0.0419047619047619
1 0.8392857142857143 0.7557142857142857 0.041428571428571426 0.05619047619047619
0 0.9167857142857143 0.5561904761904762 0.035 0.04380952380952381
0 0.8314285714285714 0.4166666666666667 0.03 0.040952380952380955
0 0.9225 0.28523809523809524 0.027857142857142858 0.039047619047619046
0 0.7896428571428571 0.31047619047619046 0.03214285714285714 0.04380952380952381
0 0.8160714285714286 0.2714285714285714 0.02642857142857143 0.0380952380952381
0 0.7807142857142857 0.2866666666666667 0.02857142857142857 0.04
0 0.7021428571428572 0.29285714285714287 0.03 0.04285714285714286
0 0.7414285714285714 0.24285714285714285 0.024285714285714285 0.03619047619047619
0 0.7757142857142857 0.19142857142857142 0.03 0.04
0 0.6253571428571428 0.3038095238095238 0.027857142857142858 0.0419047619047619
0 0.6696428571428571 0.3514285714285714 0.029285714285714286 0.04
0 0.6557142857142857 0.3661904761904762 0.03 0.040952380952380955
0 0.6439285714285714 0.38571428571428573 0.03214285714285714 0.0419047619047619
0 0.6196428571428572 0.4142857142857143 0.023571428571428573 0.03238095238095238
0 0.6089285714285714 0.4338095238095238 0.03357142857142857 0.039047619047619046
0 0.5696428571428571 0.3880952380952381 0.029285714285714286 0.039047619047619046
0 0.5196428571428572 0.31857142857142856 0.027857142857142858 0.039047619047619046
0 0.55 0.20952380952380953 0.03 0.0419047619047619
0 0.49214285714285716 0.29095238095238096 0.02857142857142857 0.039047619047619046
0 0.4710714285714286 0.3595238095238095 0.03357142857142857 0.039047619047619046
0 0.39714285714285713 0.3180952380952381 0.03428571428571429 0.0419047619047619
0 0.42714285714285716 0.21142857142857144 0.03 0.04
0 0.45071428571428573 0.2438095238095238 0.03142857142857143 0.04
0 0.4367857142857143 0.2319047619047619 0.029285714285714286 0.040952380952380955
0 0.49964285714285717 0.1457142857142857 0.029285714285714286 0.04
0 0.45607142857142857 0.11238095238095239 0.02642857142857143 0.0419047619047619
0 0.27035714285714285 0.11142857142857143 0.030714285714285715 0.0380952380952381
0 0.3225 0.17476190476190476 0.03357142857142857 0.04476190476190476
0 0.3246428571428571 0.08904761904761904 0.030714285714285715 0.037142857142857144
0 0.31 0.07714285714285714 0.02857142857142857 0.04
0 0.2732142857142857 0.027142857142857142 0.029285714285714286 0.039047619047619046
0 0.22 0.04523809523809524 0.025714285714285714 0.035238095238095235
0 0.42964285714285716 0.08095238095238096 0.029285714285714286 0.0380952380952381
0 0.4432142857142857 0.09476190476190476 0.027857142857142858 0.039047619047619046
3 0.3964285714285714 0.04666666666666667 0.027142857142857142 0.03428571428571429
3 0.3707142857142857 0.020476190476190478 0.03142857142857143 0.040952380952380955
0 0.38785714285714284 0.030952380952380953 0.027142857142857142 0.040952380952380955
3 0.5971428571428572 0.4604761904761905 0.027142857142857142 0.037142857142857144
3 0.5039285714285714 0.4504761904761905 0.030714285714285715 0.0419047619047619
1 0.5521428571428572 0.518095238095238 0.04 0.05333333333333334
0 0.54 0.6819047619047619 0.02857142857142857 0.04
0 0.5282142857142857 0.650952380952381 0.035 0.040952380952380955
0 0.8732142857142857 0.5114285714285715 0.03214285714285714 0.04380952380952381
0 0.8667857142857143 0.4857142857142857 0.02642857142857143 0.0380952380952381
0 0.9221428571428572 0.44571428571428573 0.032857142857142856 0.04380952380952381
0 0.9421428571428572 0.3757142857142857 0.024285714285714285 0.03333333333333333
0 0.9628571428571429 0.3352380952380952 0.03 0.04
3 0.9175 0.41333333333333333 0.03214285714285714 0.045714285714285714
0 0.985 0.2923809523809524 0.02857142857142857 0.045714285714285714
0 0.8414285714285714 0.23333333333333334 0.03 0.0419047619047619
0 0.8057142857142857 0.24285714285714285 0.025714285714285714 0.03428571428571429
0 0.8382142857142857 0.09 0.029285714285714286 0.039047619047619046
0 0.8057142857142857 0.13952380952380952 0.03 0.039047619047619046
0 0.7967857142857143 0.16 0.030714285714285715 0.0380952380952381
0 0.7871428571428571 0.17714285714285713 0.03 0.0380952380952381
0 0.8692857142857143 0.19047619047619047 0.022857142857142857 0.03428571428571429
0 0.8982142857142857 0.14952380952380953 0.029285714285714286 0.04
3 0.9235714285714286 0.11047619047619048 0.03428571428571429 0.045714285714285714
0 0.8632142857142857 0.06 0.027857142857142858 0.0380952380952381
0 0.8721428571428571 0.04619047619047619 0.03 0.039047619047619046
0 0.85 0.0761904761904762 0.025714285714285714 0.03428571428571429
0 0.9739285714285715 0.03571428571428571 0.027857142857142858 0.040952380952380955
0 0.9485714285714286 0.07142857142857142 0.03 0.0419047619047619
0 0.21892857142857142 0.4866666666666667 0.030714285714285715 0.0419047619047619
0 0.1475 0.5204761904761904 0.03357142857142857 0.04285714285714286
0 0.17392857142857143 0.4961904761904762 0.035 0.0380952380952381
3 0.2710714285714286 0.6719047619047619 0.03214285714285714 0.04666666666666667
0 0.22678571428571428 0.6204761904761905 0.03214285714285714 0.040952380952380955
0 0.1957142857142857 0.579047619047619 0.03142857142857143 0.04
0 0.24571428571428572 0.5828571428571429 0.03 0.0380952380952381
0 0.6860714285714286 0.8514285714285714 0.03214285714285714 0.047619047619047616
3 0.9810714285714286 0.7561904761904762 0.03785714285714286 0.024761904761904763
