3 0.4397181628392484 0.35111317254174396 0.027661795407098122 0.026901669758812616
0 0.5668058455114823 0.37755102040816324 0.017745302713987474 0.03339517625231911
0 0.6150835073068893 0.49536178107606677 0.02661795407098121 0.04267161410018553
3 0.5994258872651357 0.5306122448979592 0.0255741127348643 0.04823747680890538
0 0.7116388308977035 0.7105751391465677 0.054801670146137786 0.059369202226345084
0 0.5266179540709812 0.1794990723562152 0.011482254697286013 0.021335807050092765
3 0.4801670146137787 0.1924860853432282 0.009394572025052192 0.021335807050092765
0 0.467901878914405 0.19573283858998144 0.009916492693110648 0.01855287569573284
3 0.4603340292275574 0.08302411873840446 0.011482254697286013 0.013914656771799629
3 0.5033924843423799 0.03896103896103896 0.007828810020876827 0.00927643784786642
3 0.5080897703549061 0.055658627087198514 0.006784968684759917 0.011131725417439703
0 0.8345511482254697 0.28061224489795916 0.020876826722338204 0.021335807050092765
