2 0.35464285714285715 0.47715736040609136 0.19785714285714287 0.12436548223350254
2 0.041428571428571426 0.4416243654822335 0.08285714285714285 0.116751269035533
3 0.7110714285714286 0.7176395939086294 0.08214285714285714 0.0850253807106599
3 0.8332142857142857 0.8470812182741116 0.07357142857142857 0.15609137055837563
3 0.8907142857142857 0.8515228426395939 0.08142857142857143 0.1548223350253807
3 0.9817857142857143 0.8470812182741116 0.03642857142857143 0.13071065989847716
3 0.72 0.028553299492385786 0.037142857142857144 0.05710659898477157
3 0.7560714285714286 0.018401015228426396 0.035 0.03680203045685279
0 0.5267857142857143 0.4282994923857868 0.03357142857142857 0.10025380710659898
0 0.3867857142857143 0.24048223350253808 0.05928571428571429 0.04949238578680203
0 0.27285714285714285 0.1446700507614213 0.03428571428571429 0.06852791878172589
2 0.5392857142857143 0.08248730964467005 0.03571428571428571 0.1649746192893401
