0 0.17575 0.8996666666666666 0.0655 0.126
0 0.23025 0.7343333333333333 0.0515 0.09533333333333334
0 0.51775 0.6103333333333333 0.0315 0.06333333333333334
0 0.58075 0.6 0.0355 0.058666666666666666
0 0.2805 0.5686666666666667 0.036 0.06933333333333333
0 0.55175 0.476 0.0255 0.044
0 0.306 0.44666666666666666 0.026 0.04533333333333334
0 0.3345 0.36033333333333334 0.042 0.028666666666666667
0 0.24025 0.31466666666666665 0.0255 0.029333333333333333
3 0.2595 0.281 0.019 0.028666666666666667
3 0.24025 0.24066666666666667 0.0325 0.029333333333333333
3 0.27525 0.227 0.0335 0.027333333333333334
0 0.32275 0.21566666666666667 0.0285 0.019333333333333334
3 0.357 0.20066666666666666 0.02 0.021333333333333333
3 0.668 0.3436666666666667 0.034 0.03133333333333333
0 0.62075 0.23633333333333334 0.0305 0.018
0 0.59 0.22666666666666666 0.027 0.017333333333333333
0 0.56325 0.219 0.0285 0.016666666666666666
0 0.49925 0.206 0.0245 0.016
0 0.472 0.18566666666666667 0.014 0.015333333333333332
0 0.467 0.17533333333333334 0.012 0.012
0 0.1155 0.151 0.015 0.016666666666666666
3 0.144 0.129 0.015 0.015333333333333332
0 0.25925 0.14133333333333334 0.0095 0.013333333333333334
3 0.27275 0.13966666666666666 0.0095 0.014
3 0.06425 0.14066666666666666 0.0225 0.013333333333333334
0 0.28825 0.07966666666666666 0.0085 0.008666666666666666
0 0.278 0.08366666666666667 0.009 0.007333333333333333
