0 0.29892857142857143 0.8295238095238096 0.15071428571428572 0.34095238095238095
0 0.5453571428571429 0.8580952380952381 0.14357142857142857 0.2838095238095238
0 0.8878571428571429 0.6676190476190477 0.16714285714285715 0.21142857142857144
0 0.78 0.4480952380952381 0.11285714285714285 0.13047619047619047
0 0.7128571428571429 0.3304761904761905 0.07714285714285714 0.08761904761904762
3 0.38535714285714284 0.22523809523809524 0.07071428571428572 0.07333333333333333
0 0.3939285714285714 0.1980952380952381 0.07928571428571428 0.05523809523809524
0 0.42392857142857143 0.1538095238095238 0.035 0.05047619047619047
0 0.4257142857142857 0.11238095238095239 0.03142857142857143 0.045714285714285714
0 0.5121428571428571 0.04523809523809524 0.025714285714285714 0.029523809523809525
0 0.46535714285714286 0.014761904761904763 0.023571428571428573 0.029523809523809525
0 0.5021428571428571 0.011428571428571429 0.02 0.02095238095238095
0 0.5392857142857143 0.020476190476190478 0.018571428571428572 0.03142857142857143
3 0.6775 0.2519047619047619 0.065 0.08285714285714285
0 0.6460714285714285 0.2 0.052142857142857144 0.05523809523809524
0 0.6239285714285714 0.15666666666666668 0.04357142857142857 0.05238095238095238
0 0.6064285714285714 0.1219047619047619 0.037142857142857144 0.04
0 0.5853571428571429 0.07476190476190477 0.029285714285714286 0.03142857142857143
0 0.575 0.05523809523809524 0.025714285714285714 0.030476190476190476
0 0.5653571428571429 0.03619047619047619 0.023571428571428573 0.02857142857142857
0 0.5585714285714286 0.023809523809523808 0.018571428571428572 0.022857142857142857
0 0.5496428571428571 0.011428571428571429 0.020714285714285713 0.022857142857142857
0 0.8196428571428571 0.2623809523809524 0.08357142857142857 0.08095238095238096
1 0.78 0.1738095238095238 0.07285714285714286 0.09238095238095238
0 0.8825 0.3252380952380952 0.062142857142857146 0.07714285714285714
3 0.9175 0.44 0.165 0.16952380952380952
