1 0.08357142857142857 0.12428571428571429 0.05142857142857143 0.035238095238095235
1 0.21607142857142858 0.10952380952380952 0.02642857142857143 0.05714285714285714
2 0.45357142857142857 0.15761904761904763 0.022857142857142857 0.10571428571428572
0 0.4275 0.23285714285714285 0.012142857142857143 0.037142857142857144
0 0.43642857142857144 0.6261904761904762 0.014285714285714285 0.035238095238095235
0 0.12571428571428572 0.44142857142857145 0.02857142857142857 0.02
3 0.24714285714285714 0.4533333333333333 0.03142857142857143 0.022857142857142857
0 0.36964285714285716 0.5380952380952381 0.029285714285714286 0.02095238095238095
3 0.47464285714285714 0.5671428571428572 0.015 0.035238095238095235
3 0.445 0.6980952380952381 0.014285714285714285 0.03428571428571429
0 0.47928571428571426 0.7142857142857143 0.014285714285714285 0.0380952380952381
0 0.44892857142857145 0.7504761904761905 0.013571428571428571 0.0380952380952381
2 0.4828571428571429 0.9138095238095238 0.02142857142857143 0.11333333333333333
0 0.18357142857142858 0.9814285714285714 0.03142857142857143 0.025714285714285714
3 0.1632142857142857 0.9361904761904762 0.02214285714285714 0.045714285714285714
0 0.9535714285714286 0.9842857142857143 0.03142857142857143 0.029523809523809525
3 0.8978571428571429 0.7928571428571428 0.025714285714285714 0.040952380952380955
