1 0.11642857142857142 0.5961904761904762 0.11714285714285715 0.22476190476190477
0 0.18142857142857144 0.4419047619047619 0.06714285714285714 0.08761904761904762
0 0.14285714285714285 0.35523809523809524 0.09428571428571429 0.06857142857142857
0 0.25214285714285717 0.3333333333333333 0.06428571428571428 0.05714285714285714
0 0.48035714285714287 0.5071428571428571 0.11214285714285714 0.07333333333333333
3 0.2275 0.2319047619047619 0.05357142857142857 0.05619047619047619
3 0.26857142857142857 0.21333333333333335 0.037142857142857144 0.04380952380952381
0 0.2978571428571429 0.20095238095238097 0.032857142857142856 0.030476190476190476
0 0.3457142857142857 0.16476190476190475 0.027142857142857142 0.02666666666666667
0 0.36607142857142855 0.1523809523809524 0.02214285714285714 0.02666666666666667
3 0.38142857142857145 0.14 0.018571428571428572 0.02857142857142857
3 0.4 0.12666666666666668 0.025714285714285714 0.03619047619047619
0 0.45607142857142857 0.24571428571428572 0.025 0.03238095238095238
1 0.3360714285714286 0.25 0.055 0.06952380952380953
0 0.4164285714285714 0.18142857142857144 0.025714285714285714 0.029523809523809525
0 0.4932142857142857 0.28904761904761905 0.02214285714285714 0.02761904761904762
0 0.4785714285714286 0.15285714285714286 0.02 0.02
0 0.8492857142857143 0.7833333333333333 0.18857142857142858 0.11904761904761904
3 0.85 0.6771428571428572 0.15 0.11238095238095239
0 0.4417857142857143 0.11571428571428571 0.013571428571428571 0.01619047619047619
0 0.4564285714285714 0.10666666666666667 0.015714285714285715 0.01904761904761905
