3 0.5557142857142857 0.35279187817258884 0.022857142857142857 0.04060913705583756
3 0.32321428571428573 0.5139593908629442 0.016428571428571428 0.04568527918781726
0 0.6964285714285714 0.5342639593908629 0.018571428571428572 0.050761421319796954
0 0.32535714285714284 0.625 0.017857142857142856 0.05456852791878172
0 0.3585714285714286 0.17576142131979697 0.017142857142857144 0.03426395939086294
0 0.32357142857142857 0.4727157360406091 0.012857142857142857 0.031725888324873094
0 0.02107142857142857 0.3769035532994924 0.019285714285714285 0.03299492385786802
3 0.09214285714285714 0.4029187817258883 0.03428571428571429 0.02918781725888325
0 0.13035714285714287 0.38388324873096447 0.03214285714285714 0.03680203045685279
3 0.1742857142857143 0.3616751269035533 0.03857142857142857 0.030456852791878174
2 0.44035714285714284 0.5361675126903553 0.052142857142857144 0.13578680203045684
2 0.3914285714285714 0.5285532994923858 0.032857142857142856 0.14086294416243655
2 0.5796428571428571 0.2430203045685279 0.045 0.0799492385786802
2 0.6407142857142857 0.17385786802030456 0.04428571428571428 0.06852791878172589
1 0.5989285714285715 0.16434010152284265 0.04214285714285714 0.04949238578680203
2 0.2517857142857143 0.5767766497461929 0.02642857142857143 0.10025380710659898
2 0.24 0.6472081218274112 0.02 0.08629441624365482
2 0.2735714285714286 0.5926395939086294 0.024285714285714285 0.08121827411167512
2 0.2767857142857143 0.5171319796954315 0.020714285714285713 0.06979695431472081
2 0.235 0.7633248730964467 0.025714285714285714 0.10532994923857868
2 0.32535714285714284 0.7068527918781726 0.023571428571428573 0.116751269035533
2 0.27214285714285713 0.6846446700507615 0.024285714285714285 0.10279187817258884
2 0.27464285714285713 0.4403553299492386 0.019285714285714285 0.08629441624365482
2 0.8678571428571429 0.03299492385786802 0.05 0.04568527918781726
2 0.485 0.43210659898477155 0.04285714285714286 0.12309644670050761
2 0.3775 0.42258883248730966 0.029285714285714286 0.1218274111675127
