0 0.5135714285714286 0.7604761904761905 0.12428571428571429 0.18571428571428572
0 0.9442857142857143 0.7923809523809524 0.11142857142857143 0.1219047619047619
0 0.061785714285714284 0.9414285714285714 0.12071428571428572 0.11714285714285715
0 0.10464285714285715 0.24714285714285714 0.039285714285714285 0.054285714285714284
0 0.7232142857142857 0.34714285714285714 0.09785714285714285 0.054285714285714284
0 0.6782142857142858 0.29619047619047617 0.08357142857142857 0.049523809523809526
0 0.7482142857142857 0.2776190476190476 0.085 0.05238095238095238
0 0.8867857142857143 0.30238095238095236 0.10071428571428571 0.04666666666666667
0 0.9110714285714285 0.3476190476190476 0.09785714285714285 0.05142857142857143
0 0.9042857142857142 0.3842857142857143 0.11428571428571428 0.06190476190476191
0 0.8857142857142857 0.18619047619047618 0.06 0.04285714285714286
0 0.7678571428571429 0.1661904761904762 0.06285714285714286 0.04285714285714286
0 0.26142857142857145 0.09761904761904762 0.05285714285714286 0.035238095238095235
0 0.2957142857142857 0.06190476190476191 0.03428571428571429 0.02666666666666667
0 0.315 0.05476190476190476 0.03142857142857143 0.025714285714285714
0 0.33285714285714285 0.05095238095238095 0.03 0.025714285714285714
0 0.42214285714285715 0.062380952380952384 0.02857142857142857 0.029523809523809525
0 0.44642857142857145 0.037142857142857144 0.018571428571428572 0.024761904761904763
0 0.47785714285714287 0.017619047619047618 0.018571428571428572 0.023809523809523808
0 0.5414285714285715 0.03666666666666667 0.03 0.025714285714285714
0 0.4757142857142857 0.060476190476190475 0.02857142857142857 0.023809523809523808
0 0.6 0.04476190476190476 0.018571428571428572 0.024761904761904763
3 0.20107142857142857 0.8128571428571428 0.145 0.1742857142857143
1 0.6675 0.6780952380952381 0.2007142857142857 0.1619047619047619
0 0.7817857142857143 0.9114285714285715 0.21785714285714286 0.17714285714285713
3 0.2 0.07142857142857142 0.02857142857142857 0.02666666666666667
0 0.265 0.07142857142857142 0.017142857142857144 0.02666666666666667
0 0.2375 0.08285714285714285 0.019285714285714285 0.02666666666666667
1 0.13428571428571429 0.10571428571428572 0.06285714285714286 0.04
0 0.17464285714285716 0.0919047619047619 0.035 0.023809523809523808
0 0.6635714285714286 0.06333333333333334 0.027142857142857142 0.025714285714285714
0 0.7260714285714286 0.03333333333333333 0.027857142857142858 0.024761904761904763
0 0.5210714285714285 0.10333333333333333 0.03357142857142857 0.023809523809523808
0 0.5 0.06904761904761905 0.032857142857142856 0.02761904761904762
