0 0.06 0.10476190476190476 0.045714285714285714 0.05333333333333334
0 0.25 0.02095238095238095 0.047142857142857146 0.04
0 0.2375 0.03333333333333333 0.04928571428571429 0.04380952380952381
0 0.22464285714285714 0.048095238095238094 0.04642857142857143 0.04666666666666667
0 0.2082142857142857 0.06190476190476191 0.056428571428571425 0.05142857142857143
0 0.18785714285714286 0.08428571428571428 0.047142857142857146 0.04857142857142857
0 0.17 0.10714285714285714 0.055714285714285716 0.05238095238095238
0 0.14964285714285713 0.12904761904761905 0.06642857142857143 0.05619047619047619
0 0.12464285714285714 0.15857142857142856 0.06357142857142857 0.05619047619047619
0 0.10642857142857143 0.1919047619047619 0.07428571428571429 0.06380952380952382
0 0.28464285714285714 0.0380952380952381 0.03214285714285714 0.05142857142857143
0 0.2592857142857143 0.06952380952380953 0.045714285714285714 0.05523809523809524
0 0.2307142857142857 0.11095238095238096 0.04285714285714286 0.05238095238095238
0 0.31642857142857145 0.04523809523809524 0.03571428571428571 0.04285714285714286
0 0.07178571428571429 0.23 0.07357142857142857 0.06952380952380953
0 0.03535714285714286 0.26857142857142857 0.07071428571428572 0.08
0 0.11035714285714286 0.2804761904761905 0.08071428571428571 0.0980952380952381
2 0.3289285714285714 0.13666666666666666 0.09928571428571428 0.16666666666666666
0 0.39357142857142857 0.020476190476190478 0.03142857142857143 0.040952380952380955
0 0.4357142857142857 0.022857142857142857 0.03428571428571429 0.045714285714285714
0 0.4210714285714286 0.058095238095238096 0.03357142857142857 0.0419047619047619
0 0.41 0.10047619047619048 0.04285714285714286 0.05238095238095238
0 0.37535714285714283 0.2123809523809524 0.03785714285714286 0.06095238095238095
0 0.41785714285714287 0.23761904761904762 0.03857142857142857 0.08285714285714285
0 0.4546428571428571 0.07428571428571429 0.03214285714285714 0.04
0 0.44857142857142857 0.10952380952380952 0.032857142857142856 0.05523809523809524
0 0.46785714285714286 0.020476190476190478 0.024285714285714285 0.039047619047619046
0 0.5146428571428572 0.02095238095238095 0.056428571428571425 0.030476190476190476
0 0.5185714285714286 0.04047619047619048 0.055714285714285716 0.03142857142857143
0 0.5182142857142857 0.058095238095238096 0.05785714285714286 0.03619047619047619
0 0.52 0.08 0.06571428571428571 0.04380952380952381
0 0.52 0.10285714285714286 0.06285714285714286 0.05142857142857143
0 0.5028571428571429 0.12142857142857143 0.06571428571428571 0.058095238095238096
0 0.5760714285714286 0.07142857142857142 0.03357142857142857 0.045714285714285714
0 0.62 0.08238095238095237 0.03142857142857143 0.04285714285714286
0 0.5314285714285715 0.18523809523809523 0.08428571428571428 0.06
0 0.5082142857142857 0.2061904761904762 0.08071428571428571 0.054285714285714284
3 0.5039285714285714 0.2361904761904762 0.095 0.06666666666666667
0 0.49892857142857144 0.2785714285714286 0.10214285714285715 0.08285714285714285
0 0.49214285714285716 0.32857142857142857 0.09 0.08
0 0.4925 0.3923809523809524 0.10785714285714286 0.10285714285714286
0 0.48964285714285716 0.4623809523809524 0.11928571428571429 0.10380952380952381
0 0.47928571428571426 0.55 0.14714285714285713 0.1419047619047619
0 0.3967857142857143 0.3385714285714286 0.05071428571428571 0.08666666666666667
0 0.3382142857142857 0.33285714285714285 0.055 0.09047619047619047
0 0.37892857142857145 0.45285714285714285 0.065 0.10952380952380952
0 0.30464285714285716 0.4585714285714286 0.07642857142857143 0.13428571428571429
0 0.7378571428571429 0.7671428571428571 0.09714285714285714 0.21619047619047618
3 0.5832142857142857 0.7766666666666666 0.08785714285714286 0.24857142857142858
0 0.37857142857142856 0.9442857142857143 0.21 0.11142857142857143
0 0.31464285714285717 0.7685714285714286 0.08785714285714286 0.20952380952380953
0 0.2 0.5514285714285714 0.08428571428571428 0.14476190476190476
0 0.07285714285714286 0.6342857142857142 0.11714285714285715 0.18285714285714286
0 0.04964285714285714 0.37333333333333335 0.09928571428571428 0.11238095238095239
