0 0.453 0.34 0.006 0.006666666666666667
0 0.431 0.3436666666666667 0.005 0.006
0 0.431 0.347 0.011 0.007333333333333333
3 0.465 0.3413333333333333 0.006 0.005333333333333333
0 0.46775 0.345 0.0105 0.006
0 0.46675 0.3466666666666667 0.0125 0.006666666666666667
0 0.46325 0.3443333333333333 0.0095 0.006
0 0.46775 0.35433333333333333 0.0145 0.008666666666666666
3 0.463 0.356 0.013 0.009333333333333334
3 0.445 0.345 0.005 0.008666666666666666
0 0.47475 0.359 0.0055 0.007333333333333333
0 0.4725 0.362 0.016 0.006666666666666667
0 0.472 0.3636666666666667 0.014 0.01
0 0.4755 0.36833333333333335 0.017 0.008666666666666666
0 0.47525 0.37366666666666665 0.0165 0.008666666666666666
0 0.479 0.37633333333333335 0.017 0.01
0 0.48125 0.38133333333333336 0.0165 0.010666666666666666
0 0.473 0.385 0.019 0.01
0 0.4795 0.387 0.017 0.01
0 0.4825 0.39 0.018 0.010666666666666666
0 0.42675 0.3566666666666667 0.0065 0.009333333333333334
0 0.425 0.36033333333333334 0.006 0.007333333333333333
0 0.445 0.379 0.008 0.01
0 0.48875 0.40066666666666667 0.0115 0.012
0 0.42325 0.369 0.0075 0.008666666666666666
1 0.4205 0.37666666666666665 0.009 0.017333333333333333
0 0.4825 0.4146666666666667 0.01 0.012
0 0.48775 0.4246666666666667 0.0145 0.014666666666666666
0 0.42 0.39 0.009 0.010666666666666666
0 0.421 0.39666666666666667 0.01 0.010666666666666666
1 0.42 0.402 0.01 0.013333333333333334
1 0.41825 0.413 0.0105 0.016666666666666666
0 0.41475 0.43233333333333335 0.0115 0.015333333333333332
0 0.412 0.44433333333333336 0.012 0.014
0 0.411 0.46 0.013 0.017333333333333333
0 0.41025 0.475 0.0185 0.018
0 0.46 0.45966666666666667 0.014 0.016666666666666666
0 0.53375 0.4876666666666667 0.0355 0.022
0 0.44425 0.524 0.0185 0.028
0 0.47025 0.5376666666666666 0.0185 0.027333333333333334
0 0.40325 0.5033333333333333 0.0175 0.024
0 0.402 0.549 0.021 0.03266666666666666
0 0.39975 0.5866666666666667 0.0265 0.036
0 0.5225 0.591 0.046 0.043333333333333335
0 0.56175 0.5363333333333333 0.0465 0.027333333333333334
0 0.55475 0.529 0.0445 0.024666666666666667
3 0.5665 0.5503333333333333 0.045 0.03133333333333333
3 0.5895 0.5943333333333334 0.049 0.03666666666666667
0 0.47775 0.672 0.0325 0.04933333333333333
0 0.6275 0.6336666666666667 0.06 0.03266666666666666
0 0.625 0.66 0.064 0.034666666666666665
0 0.62425 0.6903333333333334 0.0755 0.04466666666666667
0 0.57775 0.7603333333333333 0.0405 0.07
0 0.516 0.816 0.048 0.08666666666666667
0 0.342 0.9333333333333333 0.057 0.13333333333333333
3 0.3025 0.7573333333333333 0.04 0.06533333333333333
0 0.0375 0.6243333333333333 0.056 0.048666666666666664
1 0.36025 0.5373333333333333 0.0275 0.058666666666666666
