0 0.5507142857142857 0.7590476190476191 0.04285714285714286 0.11428571428571428
0 0.6142857142857143 0.5495238095238095 0.03428571428571429 0.06285714285714286
0 0.5992857142857143 0.49476190476190474 0.03142857142857143 0.05238095238095238
0 0.6525 0.49 0.03214285714285714 0.04666666666666667
0 0.7114285714285714 0.6066666666666667 0.05 0.07047619047619047
0 0.6185714285714285 0.3576190476190476 0.02142857142857143 0.03142857142857143
0 0.5828571428571429 0.3252380952380952 0.02142857142857143 0.03142857142857143
0 0.6135714285714285 0.42333333333333334 0.02857142857142857 0.039047619047619046
0 0.5653571428571429 0.2833333333333333 0.017857142857142856 0.023809523809523808
3 0.585 0.43714285714285717 0.025714285714285714 0.047619047619047616
0 0.5532142857142858 0.31952380952380954 0.017857142857142856 0.021904761904761906
0 0.5742857142857143 0.4057142857142857 0.02142857142857143 0.04
0 0.5110714285714286 0.1380952380952381 0.009285714285714286 0.013333333333333334
0 0.4982142857142857 0.11095238095238096 0.0064285714285714285 0.008571428571428572
0 0.5146428571428572 0.09523809523809523 0.007857142857142858 0.009523809523809525
0 0.505 0.1 0.007142857142857143 0.009523809523809525
0 0.4932142857142857 0.08666666666666667 0.0064285714285714285 0.007619047619047619
0 0.4832142857142857 0.09571428571428571 0.009285714285714286 0.012380952380952381
0 0.49142857142857144 0.05619047619047619 0.005714285714285714 0.007619047619047619
0 0.4860714285714286 0.04 0.005 0.005714285714285714
0 0.4807142857142857 0.025238095238095237 0.004285714285714286 0.006666666666666667
0 0.4717857142857143 0.006190476190476191 0.0035714285714285713 0.004761904761904762
0 0.46714285714285714 0.02666666666666667 0.005714285714285714 0.007619047619047619
0 0.4732142857142857 0.03333333333333333 0.0064285714285714285 0.005714285714285714
0 0.5017857142857143 0.09047619047619047 0.0064285714285714285 0.007619047619047619
0 0.43357142857142855 0.06904761904761905 0.005714285714285714 0.008571428571428572
0 0.38321428571428573 0.0761904761904762 0.013571428571428571 0.007619047619047619
0 0.42642857142857143 0.09619047619047619 0.008571428571428572 0.009523809523809525
0 0.5517857142857143 0.10285714285714286 0.0064285714285714285 0.007619047619047619
0 0.5339285714285714 0.07714285714285714 0.005 0.005714285714285714
0 0.5482142857142858 0.09952380952380953 0.0064285714285714285 0.006666666666666667
0 0.5239285714285714 0.06 0.005 0.005714285714285714
0 0.5239285714285714 0.056666666666666664 0.0064285714285714285 0.006666666666666667
0 0.5339285714285714 0.0719047619047619 0.0064285714285714285 0.006666666666666667
0 0.5207142857142857 0.05380952380952381 0.004285714285714286 0.004761904761904762
0 0.5192857142857142 0.05047619047619047 0.007142857142857143 0.005714285714285714
0 0.5096428571428572 0.03571428571428571 0.005 0.004761904761904762
0 0.5010714285714286 0.023809523809523808 0.0035714285714285713 0.0038095238095238095
2 0.6042857142857143 0.18142857142857144 0.02142857142857143 0.03142857142857143
0 0.5575 0.3433333333333333 0.020714285714285713 0.02761904761904762
3 0.5664285714285714 0.370952380952381 0.022857142857142857 0.037142857142857144
