3 0.3182142857142857 0.04523809523809524 0.03214285714285714 0.08666666666666667
0 0.4575 0.08142857142857143 0.029285714285714286 0.08666666666666667
0 0.32 0.24761904761904763 0.03 0.09714285714285714
0 0.4692857142857143 0.3314285714285714 0.03428571428571429 0.10666666666666667
0 0.47285714285714286 0.4519047619047619 0.03142857142857143 0.1019047619047619
3 0.4764285714285714 0.569047619047619 0.03857142857142857 0.10571428571428572
3 0.47928571428571426 0.7004761904761905 0.03428571428571429 0.10952380952380952
3 0.4853571428571429 0.8671428571428571 0.03357142857142857 0.11142857142857143
0 0.4907142857142857 0.9661904761904762 0.03571428571428571 0.06380952380952382
3 0.32785714285714285 0.7542857142857143 0.04428571428571428 0.12380952380952381
0 0.325 0.6285714285714286 0.02857142857142857 0.08
0 0.2789285714285714 0.6619047619047619 0.03785714285714286 0.10857142857142857
