1 0.5762004175365344 0.7583487940630798 0.12526096033402923 0.10667903525046382
3 0.5613256784968684 0.9526901669758813 0.07150313152400835 0.07977736549165121
0 0.5910751565762005 0.5969387755102041 0.07359081419624217 0.075139146567718
3 0.6116910229645094 0.5269016697588126 0.07306889352818371 0.07792207792207792
0 0.6163883089770354 0.4550092764378479 0.0720250521920668 0.06771799628942486
0 0.6223903966597077 0.35018552875695735 0.06941544885177453 0.05473098330241188
0 0.6242171189979123 0.28061224489795916 0.06576200417536535 0.06771799628942486
3 0.7972338204592901 0.5231910946196661 0.038100208768267224 0.14656771799628943
1 0.7633089770354906 0.10899814471243043 0.027661795407098122 0.11224489795918367
0 0.7570459290187892 0.02411873840445269 0.027661795407098122 0.04823747680890538
0 0.8181106471816284 0.03432282003710575 0.031837160751565764 0.0686456400742115
3 0.8551670146137788 0.04452690166975881 0.030793319415448852 0.08905380333951762
0 0.6531837160751566 0.016697588126159554 0.061064718162839246 0.03339517625231911
