3 0.12212943632567849 0.12152133580705009 0.033402922755741124 0.05380333951762523
0 0.11638830897703549 0.24072356215213359 0.04279749478079332 0.039888682745825604
0 0.23225469728601253 0.1702226345083488 0.03444676409185804 0.05287569573283859
0 0.2896659707724426 0.2012987012987013 0.031315240083507306 0.05380333951762523
0 0.2272964509394572 0.2662337662337662 0.04645093945720251 0.04638218923933209
0 0.30167014613778703 0.5542671614100185 0.05010438413361169 0.06957328385899815
0 0.36143006263048016 0.32884972170686455 0.044363256784968684 0.0640074211502783
0 0.3718684759916493 0.5199443413729128 0.048538622129436326 0.06586270871985157
0 0.4723382045929019 0.4424860853432282 0.038622129436325675 0.0686456400742115
0 0.4963465553235908 0.45964749536178107 0.037578288100208766 0.06957328385899815
0 0.4846033402922756 0.6386827458256029 0.05271398747390397 0.07699443413729128
0 0.5788100208768268 0.5598330241187384 0.05219206680584551 0.05844155844155844
0 0.39196242171189977 0.7388682745825603 0.06263048016701461 0.08812615955473098
0 0.7048538622129437 0.6590909090909091 0.038100208768267224 0.08070500927643785
0 0.8220250521920668 0.7787569573283859 0.038622129436325675 0.08812615955473098
0 0.8567327766179541 0.8186456400742115 0.04645093945720251 0.09925788497217068
0 0.6440501043841336 0.963821892393321 0.055323590814196244 0.07050092764378478
3 0.36873695198329853 0.15306122448979592 0.04540709812108559 0.08534322820037106
