0 0.5560714285714285 0.2557142857142857 0.023571428571428573 0.018095238095238095
0 0.5542857142857143 0.2419047619047619 0.02142857142857143 0.015238095238095238
0 0.5632142857142857 0.22714285714285715 0.020714285714285713 0.012380952380952381
0 0.5692857142857143 0.21428571428571427 0.02142857142857143 0.013333333333333334
0 0.5782142857142857 0.19666666666666666 0.020714285714285713 0.014285714285714285
0 0.5857142857142857 0.1676190476190476 0.02142857142857143 0.015238095238095238
0 0.5907142857142857 0.15428571428571428 0.02142857142857143 0.015238095238095238
0 0.5964285714285714 0.14095238095238094 0.015714285714285715 0.013333333333333334
0 0.5946428571428571 0.12761904761904763 0.020714285714285713 0.015238095238095238
0 0.6 0.11285714285714285 0.02 0.014285714285714285
0 0.5982142857142857 0.07857142857142857 0.009285714285714286 0.023809523809523808
0 0.5846428571428571 0.07666666666666666 0.009285714285714286 0.021904761904761906
0 0.5675 0.056666666666666664 0.020714285714285713 0.01619047619047619
0 0.49785714285714283 0.027142857142857142 0.02 0.014285714285714285
0 0.4789285714285714 0.05333333333333334 0.02214285714285714 0.015238095238095238
0 0.45321428571428574 0.054285714285714284 0.02214285714285714 0.015238095238095238
0 0.4275 0.05333333333333334 0.019285714285714285 0.015238095238095238
0 0.4035714285714286 0.051904761904761905 0.02 0.014285714285714285
0 0.4142857142857143 0.025238095238095237 0.018571428571428572 0.014285714285714285
0 0.32392857142857145 0.05095238095238095 0.019285714285714285 0.012380952380952381
0 0.3432142857142857 0.05 0.017857142857142856 0.014285714285714285
0 0.3610714285714286 0.05142857142857143 0.016428571428571428 0.013333333333333334
0 0.38142857142857145 0.05095238095238095 0.018571428571428572 0.014285714285714285
0 0.29642857142857143 0.049523809523809526 0.02142857142857143 0.011428571428571429
0 0.29928571428571427 0.02142857142857143 0.02 0.012380952380952381
0 0.27535714285714286 0.02095238095238095 0.019285714285714285 0.013333333333333334
0 0.24607142857142858 0.04857142857142857 0.017857142857142856 0.013333333333333334
0 0.2717857142857143 0.049523809523809526 0.020714285714285713 0.013333333333333334
1 0.22357142857142856 0.04238095238095238 0.027142857142857142 0.023809523809523808
0 0.6660714285714285 0.03380952380952381 0.020714285714285713 0.012380952380952381
0 0.6903571428571429 0.035238095238095235 0.019285714285714285 0.013333333333333334
