3 0.3482142857142857 0.010952380952380953 0.027857142857142858 0.02
3 0.3535714285714286 0.05285714285714286 0.024285714285714285 0.02
1 0.4092857142857143 0.11904761904761904 0.017142857142857144 0.05333333333333334
1 0.3535714285714286 0.07285714285714286 0.02857142857142857 0.021904761904761906
1 0.35642857142857143 0.1138095238095238 0.025714285714285714 0.023809523809523808
0 0.4089285714285714 0.03333333333333333 0.013571428571428571 0.03619047619047619
1 0.4075 0.06523809523809523 0.013571428571428571 0.03333333333333333
1 0.4160714285714286 0.3361904761904762 0.015 0.04380952380952381
1 0.4614285714285714 0.5485714285714286 0.03571428571428571 0.01904761904761905
1 0.5507142857142857 0.5361904761904762 0.04 0.01904761904761905
1 0.4707142857142857 0.8690476190476191 0.012857142857142857 0.039047619047619046
0 0.3264285714285714 0.22857142857142856 0.03 0.02095238095238095
0 0.37214285714285716 0.2642857142857143 0.027142857142857142 0.018095238095238095
0 0.4139285714285714 0.23523809523809525 0.012142857142857143 0.03428571428571429
0 0.41464285714285715 0.28523809523809524 0.012142857142857143 0.039047619047619046
0 0.41964285714285715 0.38857142857142857 0.012142857142857143 0.03428571428571429
0 0.4225 0.43523809523809526 0.010714285714285714 0.03238095238095238
0 0.4232142857142857 0.4785714285714286 0.012142857142857143 0.03333333333333333
0 0.42464285714285716 0.5190476190476191 0.012142857142857143 0.03428571428571429
0 0.3357142857142857 0.5185714285714286 0.02857142857142857 0.021904761904761906
0 0.36714285714285716 0.44095238095238093 0.03 0.02095238095238095
0 0.34535714285714286 0.5576190476190476 0.027857142857142858 0.02
0 0.3507142857142857 0.5747619047619048 0.027142857142857142 0.023809523809523808
0 0.35 0.6357142857142857 0.025714285714285714 0.025714285714285714
0 0.37 0.6442857142857142 0.025714285714285714 0.029523809523809525
0 0.3896428571428571 0.6528571428571428 0.023571428571428573 0.018095238095238095
0 0.37535714285714283 0.6757142857142857 0.02642857142857143 0.02
0 0.37607142857142856 0.6938095238095238 0.023571428571428573 0.02
0 0.36142857142857143 0.7761904761904762 0.02142857142857143 0.02095238095238095
0 0.36678571428571427 0.8033333333333333 0.027857142857142858 0.025714285714285714
0 0.36142857142857143 0.8938095238095238 0.017142857142857144 0.035238095238095235
0 0.4682142857142857 0.5685714285714286 0.027857142857142858 0.01904761904761905
0 0.4953571428571429 0.5476190476190477 0.010714285714285714 0.02857142857142857
0 0.5096428571428572 0.5485714285714286 0.015 0.03619047619047619
0 0.525 0.5438095238095239 0.014285714285714285 0.03619047619047619
0 0.4475 0.6628571428571428 0.013571428571428571 0.03619047619047619
0 0.46214285714285713 0.6490476190476191 0.012857142857142857 0.03333333333333333
0 0.47964285714285715 0.6619047619047619 0.016428571428571428 0.049523809523809526
0 0.4953571428571429 0.6433333333333333 0.015 0.037142857142857144
0 0.5107142857142857 0.6409523809523809 0.012857142857142857 0.03619047619047619
0 0.53 0.6328571428571429 0.015714285714285715 0.039047619047619046
0 0.5517857142857143 0.6333333333333333 0.012142857142857143 0.03619047619047619
0 0.5728571428571428 0.4785714285714286 0.012857142857142857 0.037142857142857144
0 0.6221428571428571 0.06714285714285714 0.011428571428571429 0.040952380952380955
3 0.5725 0.07666666666666666 0.013571428571428571 0.05047619047619047
0 0.5914285714285714 0.15428571428571428 0.011428571428571429 0.0380952380952381
0 0.6042857142857143 0.2276190476190476 0.011428571428571429 0.03619047619047619
0 0.6035714285714285 0.2976190476190476 0.011428571428571429 0.03142857142857143
0 0.6282142857142857 0.3280952380952381 0.013571428571428571 0.039047619047619046
0 0.6278571428571429 0.2895238095238095 0.011428571428571429 0.03428571428571429
3 0.6335714285714286 0.41095238095238096 0.014285714285714285 0.03333333333333333
3 0.44535714285714284 0.7371428571428571 0.015 0.024761904761904763
0 0.455 0.7747619047619048 0.017142857142857144 0.035238095238095235
0 0.46214285714285713 0.8204761904761905 0.015714285714285715 0.037142857142857144
1 0.6235714285714286 0.840952380952381 0.012857142857142857 0.0380952380952381
0 0.6375 0.9361904761904762 0.015 0.0380952380952381
0 0.8182142857142857 0.5352380952380953 0.027857142857142858 0.017142857142857144
0 0.7903571428571429 0.55 0.023571428571428573 0.01619047619047619
0 0.8657142857142858 0.5438095238095239 0.02857142857142857 0.017142857142857144
0 0.8925 0.6052380952380952 0.030714285714285715 0.02
0 0.8635714285714285 0.6238095238095238 0.025714285714285714 0.02095238095238095
0 0.7860714285714285 0.6166666666666667 0.035 0.023809523809523808
