0 0.49142857142857144 0.8095238095238095 0.04857142857142857 0.05904761904761905
0 0.5085714285714286 0.7685714285714286 0.047142857142857146 0.06095238095238095
1 0.535 0.6961904761904761 0.04428571428571428 0.06476190476190476
1 0.5621428571428572 0.6538095238095238 0.05285714285714286 0.09619047619047619
0 0.7585714285714286 0.7380952380952381 0.04857142857142857 0.05904761904761905
1 0.7278571428571429 0.638095238095238 0.04857142857142857 0.05333333333333334
1 0.6607142857142857 0.5595238095238095 0.05285714285714286 0.06190476190476191
1 0.5867857142857142 0.4080952380952381 0.020714285714285713 0.035238095238095235
1 0.5428571428571428 0.36047619047619045 0.018571428571428572 0.04476190476190476
0 0.4860714285714286 0.2704761904761905 0.020714285714285713 0.0419047619047619
0 0.5271428571428571 0.1280952380952381 0.018571428571428572 0.03333333333333333
