0 0.5578571428571428 0.9225888324873096 0.03428571428571429 0.11421319796954314
0 0.4332142857142857 0.46573604060913704 0.02642857142857143 0.06598984771573604
2 0.3842857142857143 0.6046954314720813 0.045714285714285714 0.22715736040609136
0 0.36714285714285716 0.3217005076142132 0.02 0.05203045685279188
0 0.51 0.26015228426395937 0.02142857142857143 0.0583756345177665
0 0.4732142857142857 0.13324873096446702 0.016428571428571428 0.050761421319796954
0 0.4303571428571429 0.12246192893401016 0.017857142857142856 0.04187817258883249
2 0.5296428571428572 0.11611675126903553 0.03357142857142857 0.1383248730964467
3 0.6953571428571429 0.35596446700507617 0.023571428571428573 0.05964467005076142
3 0.7178571428571429 0.35215736040609136 0.025714285714285714 0.06472081218274112
2 0.6246428571428572 0.0717005076142132 0.020714285714285713 0.09517766497461928
3 0.6721428571428572 0.125 0.014285714285714285 0.04187817258883249
