0 0.4878571428571429 0.42238095238095236 0.03571428571428571 0.04476190476190476
3 0.4010714285714286 0.46190476190476193 0.05785714285714286 0.06476190476190476
0 0.24678571428571427 0.4795238095238095 0.08214285714285714 0.06
0 0.5221428571428571 0.36952380952380953 0.012857142857142857 0.017142857142857144
0 0.4610714285714286 0.37142857142857144 0.016428571428571428 0.017142857142857144
0 0.48678571428571427 0.35333333333333333 0.012142857142857143 0.013333333333333334
2 0.38392857142857145 0.38571428571428573 0.060714285714285714 0.05333333333333334
0 0.45571428571428574 0.3628571428571429 0.015714285714285715 0.017142857142857144
0 0.5025 0.3504761904761905 0.010714285714285714 0.011428571428571429
0 0.5225 0.34285714285714286 0.007857142857142858 0.009523809523809525
0 0.4471428571428571 0.3519047619047619 0.012857142857142857 0.010476190476190476
0 0.5857142857142857 0.39476190476190476 0.015714285714285715 0.01619047619047619
0 0.6396428571428572 0.36 0.015 0.017142857142857144
0 0.6485714285714286 0.3657142857142857 0.012857142857142857 0.015238095238095238
0 0.5817857142857142 0.3538095238095238 0.010714285714285714 0.014285714285714285
0 0.5925 0.3757142857142857 0.010714285714285714 0.010476190476190476
0 0.4085714285714286 0.37523809523809526 0.02857142857142857 0.01904761904761905
0 0.5267857142857143 0.3376190476190476 0.0064285714285714285 0.008571428571428572
0 0.5246428571428572 0.3638095238095238 0.015 0.017142857142857144
