0 0.09159707724425888 0.4466604823747681 0.07985386221294363 0.07699443413729128
0 0.06184759916492693 0.5166975881261595 0.07359081419624217 0.061224489795918366
0 0.027661795407098122 0.7291280148423006 0.05219206680584551 0.14100185528756956
0 0.2536534446764092 0.24304267161410018 0.04279749478079332 0.1150278293135436
0 0.30741127348643005 0.4907235621521336 0.06471816283924843 0.06493506493506493
0 0.4869519832985386 0.33812615955473097 0.0407098121085595 0.12523191094619665
0 0.7766179540709812 0.46382189239332094 0.04175365344467641 0.11317254174397032
0 0.8543841336116911 0.5069573283858998 0.038622129436325675 0.11410018552875696
0 0.6769311064718163 0.6948051948051948 0.04488517745302714 0.137291280148423
0 0.7202505219206681 0.7203153988868275 0.04175365344467641 0.1345083487940631
0 0.7586116910229646 0.7551020408163265 0.042275574112734866 0.13543599257884972
0 0.7985386221294363 0.7847866419294991 0.04488517745302714 0.13543599257884972
0 0.8549060542797495 0.8232838589981447 0.04384133611691023 0.13079777365491652
0 0.8987473903966597 0.8260667903525046 0.04697286012526096 0.1345083487940631
