0 0.36875 0.8663333333333333 0.0395 0.05266666666666667
0 0.0465 0.6166666666666667 0.022 0.030666666666666665
0 0.01025 0.5873333333333334 0.0205 0.016
0 0.0185 0.5736666666666667 0.034 0.020666666666666667
0 0.025 0.558 0.022 0.02
0 0.056 0.30933333333333335 0.015 0.012
0 0.337 0.41633333333333333 0.022 0.012666666666666666
0 0.3995 0.42 0.02 0.012
0 0.42875 0.421 0.0225 0.015333333333333332
3 0.37 0.417 0.019 0.012666666666666666
3 0.51375 0.42766666666666664 0.0235 0.014
0 0.74125 0.4816666666666667 0.0135 0.018
0 0.97325 0.6303333333333333 0.0275 0.03133333333333333
