0 0.20392857142857143 0.022857142857142857 0.04928571428571429 0.045714285714285714
0 0.2710714285714286 0.01904761904761905 0.047857142857142855 0.03428571428571429
0 0.25607142857142856 0.10714285714285714 0.056428571428571425 0.10952380952380952
0 0.30392857142857144 0.16047619047619047 0.04928571428571429 0.13428571428571429
0 0.1875 0.10904761904761905 0.06785714285714285 0.09238095238095238
3 0.16 0.21285714285714286 0.11285714285714285 0.10571428571428572
3 0.2342857142857143 0.31666666666666665 0.07857142857142857 0.20666666666666667
0 0.375 0.3376190476190476 0.05 0.14952380952380953
0 0.1925 0.5604761904761905 0.085 0.18
0 0.15107142857142858 0.8014285714285714 0.095 0.22380952380952382
0 0.06357142857142857 0.7157142857142857 0.09428571428571429 0.20095238095238097
0 0.033928571428571426 0.9404761904761905 0.06785714285714285 0.10380952380952381
0 0.6914285714285714 0.024285714285714285 0.047142857142857146 0.04857142857142857
0 0.7657142857142857 0.05 0.05857142857142857 0.1
0 0.7110714285714286 0.11619047619047619 0.06357142857142857 0.11428571428571428
3 0.6671428571428571 0.17238095238095238 0.05714285714285714 0.1295238095238095
3 0.7339285714285714 0.2719047619047619 0.05785714285714286 0.10952380952380952
3 0.6035714285714285 0.22428571428571428 0.05857142857142857 0.12476190476190477
0 0.9075 0.039523809523809524 0.09642857142857143 0.06190476190476191
0 0.9310714285714285 0.09047619047619047 0.10071428571428571 0.06285714285714286
0 0.945 0.14666666666666667 0.11 0.06857142857142857
0 0.9539285714285715 0.20714285714285716 0.09214285714285714 0.07142857142857142
0 0.7889285714285714 0.15523809523809523 0.06642857142857143 0.12571428571428572
0 0.8228571428571428 0.44333333333333336 0.07428571428571429 0.15904761904761905
0 0.7614285714285715 0.4676190476190476 0.07428571428571429 0.14095238095238094
0 0.8635714285714285 0.6480952380952381 0.08571428571428572 0.18571428571428572
0 0.7932142857142858 0.6642857142857143 0.08357142857142857 0.17809523809523808
0 0.7228571428571429 0.6423809523809524 0.08142857142857143 0.19714285714285715
0 0.9457142857142857 0.559047619047619 0.10285714285714286 0.12380952380952381
0 0.915 0.9047619047619048 0.10714285714285714 0.18285714285714286
