0 0.68025 0.953 0.0615 0.094
0 0.59525 0.836 0.0515 0.12933333333333333
0 0.654 0.8163333333333334 0.061 0.12866666666666668
0 0.66525 0.7126666666666667 0.0835 0.08
0 0.66225 0.6613333333333333 0.0775 0.07066666666666667
0 0.556 0.6663333333333333 0.038 0.08333333333333333
1 0.479 0.857 0.064 0.186
0 0.44925 0.643 0.0875 0.059333333333333335
0 0.47075 0.61 0.0725 0.044
0 0.6365 0.5356666666666666 0.032 0.051333333333333335
0 0.5465 0.5283333333333333 0.029 0.051333333333333335
0 0.55575 0.486 0.0295 0.044
0 0.55275 0.44466666666666665 0.0195 0.037333333333333336
0 0.61775 0.4013333333333333 0.0165 0.030666666666666665
0 0.6175 0.37166666666666665 0.018 0.024666666666666667
0 0.55425 0.39466666666666667 0.0125 0.025333333333333333
0 0.6155 0.357 0.015 0.016666666666666666
0 0.5595 0.366 0.016 0.024
0 0.56475 0.3403333333333333 0.0165 0.019333333333333334
0 0.59075 0.3263333333333333 0.0125 0.018
0 0.568 0.317 0.014 0.018
0 0.48725 0.517 0.0325 0.051333333333333335
0 0.60825 0.30333333333333334 0.0135 0.017333333333333333
0 0.62525 0.30133333333333334 0.0095 0.016
0 0.582 0.30366666666666664 0.014 0.016666666666666666
1 0.14925 0.6386666666666667 0.0765 0.10533333333333333
0 0.52225 0.30233333333333334 0.0215 0.014
0 0.5225 0.2843333333333333 0.022 0.016666666666666666
0 0.59775 0.2926666666666667 0.0275 0.017333333333333333
0 0.58175 0.276 0.0145 0.010666666666666666
0 0.57075 0.294 0.0155 0.013333333333333334
0 0.569 0.2826666666666667 0.016 0.014666666666666666
0 0.542 0.276 0.015 0.010666666666666666
0 0.551 0.2723333333333333 0.018 0.015333333333333332
0 0.613 0.333 0.014 0.019333333333333334
0 0.621 0.2836666666666667 0.01 0.015333333333333332
0 0.635 0.488 0.047 0.034666666666666665
0 0.7645 0.31466666666666665 0.024 0.021333333333333333
0 0.84075 0.40166666666666667 0.0235 0.03266666666666666
0 0.84975 0.375 0.0195 0.03266666666666666
0 0.83275 0.219 0.0185 0.01
0 0.87625 0.221 0.0205 0.008666666666666666
0 0.79225 0.21566666666666667 0.0185 0.008666666666666666
3 0.14625 0.489 0.0515 0.03666666666666667
