3 0.515 0.8654822335025381 0.08428571428571428 0.09644670050761421
3 0.37642857142857145 0.7480964467005076 0.07857142857142857 0.08248730964467005
3 0.12964285714285714 0.7049492385786802 0.07928571428571428 0.06218274111675127
3 0.8592857142857143 0.4352791878172589 0.017142857142857144 0.04060913705583756
3 0.3982142857142857 0.40926395939086296 0.02214285714285714 0.04949238578680203
3 0.21428571428571427 0.7189086294416244 0.07571428571428572 0.06472081218274112
0 0.30178571428571427 0.7373096446700508 0.07642857142857143 0.06091370558375635
0 0.11857142857142858 0.7639593908629442 0.08285714285714285 0.06345177664974619
3 0.04392857142857143 0.6865482233502538 0.08071428571428571 0.07106598984771574
2 0.7785714285714286 0.8375634517766497 0.14142857142857143 0.11928934010152284
2 0.9521428571428572 0.8800761421319797 0.09571428571428571 0.14593908629441624
0 0.8557142857142858 0.549492385786802 0.024285714285714285 0.048223350253807105
0 0.8178571428571428 0.07106598984771574 0.011428571428571429 0.017766497461928935
0 0.8271428571428572 0.06916243654822335 0.011428571428571429 0.013959390862944163
0 0.8510714285714286 0.09708121827411167 0.012142857142857143 0.01649746192893401
0 0.9946428571428572 0.3870558375634518 0.010714285714285714 0.027918781725888325
1 0.9646428571428571 0.2836294416243655 0.025 0.046954314720812185
1 0.9482142857142857 0.24746192893401014 0.029285714285714286 0.04568527918781726
3 0.9835714285714285 0.3236040609137056 0.032857142857142856 0.03807106598984772
0 0.7989285714285714 0.03934010152284264 0.012142857142857143 0.01015228426395939
3 0.775 0.024111675126903553 0.008571428571428572 0.012690355329949238
1 0.7539285714285714 0.01015228426395939 0.010714285714285714 0.02030456852791878
0 0.7403571428571428 0.005710659898477157 0.0064285714285714285 0.008883248730964468
0 0.7417857142857143 0.0031725888324873096 0.0064285714285714285 0.006345177664974619
3 0.6353571428571428 0.1782994923857868 0.010714285714285714 0.031725888324873094
0 0.6364285714285715 0.2506345177664975 0.03 0.021573604060913704
0 0.6364285714285715 0.23477157360406092 0.03142857142857143 0.012690355329949238
0 0.6875 0.2430203045685279 0.013571428571428571 0.0266497461928934
0 0.6957142857142857 0.22842639593908629 0.025714285714285714 0.017766497461928935
3 0.6935714285714286 0.21890862944162437 0.03 0.01903553299492386
3 0.6907142857142857 0.20875634517766498 0.03 0.01649746192893401
0 0.44571428571428573 0.32741116751269034 0.02142857142857143 0.04060913705583756
0 0.48428571428571426 0.33121827411167515 0.015714285714285715 0.03553299492385787
0 0.4207142857142857 0.41751269035532995 0.024285714285714285 0.048223350253807105
0 0.4107142857142857 0.37880710659898476 0.02142857142857143 0.04187817258883249
0 0.43107142857142855 0.39276649746192893 0.02214285714285714 0.044416243654822336
0 0.455 0.3870558375634518 0.02 0.03807106598984772
0 0.4757142857142857 0.39403553299492383 0.02142857142857143 0.044416243654822336
0 0.49964285714285717 0.39784263959390864 0.02214285714285714 0.044416243654822336
0 0.3489285714285714 0.36548223350253806 0.02214285714285714 0.04568527918781726
0 0.3367857142857143 0.39847715736040606 0.02642857142857143 0.0532994923857868
3 0.34214285714285714 0.3293147208121827 0.027142857142857142 0.031725888324873094
