0 0.5039285714285714 0.055714285714285716 0.027857142857142858 0.05047619047619047
3 0.45571428571428574 0.22047619047619046 0.03142857142857143 0.05619047619047619
3 0.9660714285714286 0.4238095238095238 0.06785714285714285 0.05333333333333334
0 0.8832142857142857 0.4080952380952381 0.06785714285714285 0.04476190476190476
0 0.7617857142857143 0.29714285714285715 0.060714285714285714 0.0419047619047619
3 0.6957142857142857 0.2757142857142857 0.06285714285714286 0.054285714285714284
0 0.41964285714285715 0.48095238095238096 0.04214285714285714 0.08761904761904762
0 0.3442857142857143 0.7657142857142857 0.047142857142857146 0.10095238095238095
0 0.32107142857142856 0.8895238095238095 0.05071428571428571 0.11047619047619048
3 0.25892857142857145 0.9061904761904762 0.056428571428571425 0.11142857142857143
1 0.33714285714285713 0.6104761904761905 0.06857142857142857 0.1219047619047619
