0 0.5114285714285715 0.01 0.04857142857142857 0.02
0 0.4475 0.01380952380952381 0.019285714285714285 0.02761904761904762
0 0.5146428571428572 0.025714285714285714 0.04928571428571429 0.02666666666666667
0 0.5207142857142857 0.05 0.04428571428571428 0.029523809523809525
0 0.5185714285714286 0.18523809523809523 0.054285714285714284 0.04285714285714286
1 0.6178571428571429 0.20095238095238097 0.027142857142857142 0.07047619047619047
0 0.5257142857142857 0.25333333333333335 0.06142857142857143 0.03619047619047619
0 0.5282142857142857 0.28904761904761905 0.060714285714285714 0.037142857142857144
0 0.5339285714285714 0.3514285714285714 0.060714285714285714 0.0419047619047619
0 0.5353571428571429 0.43857142857142856 0.06642857142857143 0.040952380952380955
0 0.5378571428571428 0.48 0.05142857142857143 0.0380952380952381
0 0.5410714285714285 0.5185714285714286 0.06928571428571428 0.04285714285714286
0 0.6314285714285715 0.2642857142857143 0.04 0.06761904761904762
0 0.6425 0.32142857142857145 0.03214285714285714 0.06761904761904762
0 0.6528571428571428 0.40714285714285714 0.037142857142857144 0.08095238095238096
0 0.6771428571428572 0.5333333333333333 0.04 0.08952380952380952
0 0.5475 0.5733333333333334 0.07214285714285715 0.0419047619047619
0 0.5453571428571429 0.6233333333333333 0.06928571428571428 0.04857142857142857
0 0.5471428571428572 0.6676190476190477 0.07571428571428572 0.049523809523809526
0 0.6935714285714286 0.6623809523809524 0.03857142857142857 0.1
3 0.5475 0.7252380952380952 0.07785714285714286 0.04857142857142857
0 0.545 0.7966666666666666 0.08285714285714285 0.05047619047619047
0 0.16642857142857143 0.8966666666666666 0.08571428571428572 0.04857142857142857
3 0.7957142857142857 0.8838095238095238 0.06857142857142857 0.10857142857142857
0 0.9110714285714285 0.89 0.047857142857142855 0.12095238095238095
0 0.9053571428571429 0.9871428571428571 0.095 0.025714285714285714
0 0.7742857142857142 0.9747619047619047 0.08714285714285715 0.05047619047619047
