0 0.31941544885177453 0.4109461966604824 0.030271398747390398 0.1150278293135436
3 0.4091858037578288 0.4072356215213358 0.027139874739039668 0.1261595547309833
0 0.44650313152400833 0.4141929499072356 0.029749478079331943 0.10111317254174397
0 0.4906054279749478 0.4137291280148423 0.028183716075156576 0.11873840445269017
0 0.6356993736951984 0.38404452690166974 0.04592901878914405 0.12430426716141002
0 0.761482254697286 0.4109461966604824 0.06889352818371608 0.07977736549165121
0 0.8254175365344467 0.48144712430426717 0.07150313152400835 0.08163265306122448
0 0.9864300626304802 0.6187384044526901 0.026096033402922755 0.1038961038961039
0 0.4825156576200417 0.6915584415584416 0.06315240083507306 0.08812615955473098
0 0.44467640918580376 0.8293135435992579 0.07306889352818371 0.07606679035250463
