3 0.7675 0.809047619047619 0.08071428571428571 0.06380952380952382
0 0.9107142857142857 0.7104761904761905 0.032857142857142856 0.03428571428571429
0 0.6178571428571429 0.7761904761904762 0.03142857142857143 0.05714285714285714
0 0.4932142857142857 0.7233333333333334 0.039285714285714285 0.037142857142857144
0 0.5346428571428572 0.5876190476190476 0.015 0.009523809523809525
0 0.5646428571428571 0.5904761904761905 0.020714285714285713 0.011428571428571429
0 0.6035714285714285 0.5866666666666667 0.015714285714285715 0.009523809523809525
0 0.5946428571428571 0.5780952380952381 0.009285714285714286 0.007619047619047619
0 0.6317857142857143 0.5852380952380952 0.010714285714285714 0.008571428571428572
0 0.6389285714285714 0.5819047619047619 0.010714285714285714 0.009523809523809525
0 0.6517857142857143 0.5785714285714286 0.009285714285714286 0.008571428571428572
0 0.6428571428571429 0.5780952380952381 0.008571428571428572 0.009523809523809525
0 0.6442857142857142 0.570952380952381 0.014285714285714285 0.006666666666666667
3 0.6471428571428571 0.569047619047619 0.01 0.006666666666666667
0 0.6475 0.5685714285714286 0.010714285714285714 0.007619047619047619
0 0.6657142857142857 0.5714285714285714 0.007142857142857143 0.007619047619047619
0 0.6764285714285714 0.5647619047619048 0.007142857142857143 0.007619047619047619
0 0.6946428571428571 0.5676190476190476 0.0064285714285714285 0.005714285714285714
0 0.6464285714285715 0.7019047619047619 0.02857142857142857 0.030476190476190476
0 0.6667857142857143 0.670952380952381 0.02214285714285714 0.025714285714285714
0 0.6771428571428572 0.6528571428571428 0.02 0.021904761904761906
0 0.7242857142857143 0.5561904761904762 0.005714285714285714 0.005714285714285714
0 0.7114285714285714 0.5557142857142857 0.004285714285714286 0.004761904761904762
0 0.7292857142857143 0.5433333333333333 0.002857142857142857 0.002857142857142857
0 0.7321428571428571 0.5419047619047619 0.002857142857142857 0.0019047619047619048
0 0.9257142857142857 0.9647619047619047 0.07428571428571429 0.07047619047619047
0 0.7803571428571429 0.6180952380952381 0.012142857142857143 0.013333333333333334
0 0.7782142857142857 0.6104761904761905 0.012142857142857143 0.011428571428571429
0 0.7542857142857143 0.6042857142857143 0.011428571428571429 0.012380952380952381
0 0.7678571428571429 0.5842857142857143 0.008571428571428572 0.008571428571428572
0 0.7846428571428572 0.5771428571428572 0.0064285714285714285 0.007619047619047619
0 0.8114285714285714 0.58 0.007142857142857143 0.007619047619047619
0 0.7803571428571429 0.5719047619047619 0.0064285714285714285 0.006666666666666667
0 0.7785714285714286 0.5676190476190476 0.005714285714285714 0.005714285714285714
0 0.7771428571428571 0.5666666666666667 0.005714285714285714 0.007619047619047619
0 0.7732142857142857 0.5619047619047619 0.005 0.005714285714285714
0 0.7639285714285714 0.5714285714285714 0.005 0.005714285714285714
0 0.765 0.5657142857142857 0.005714285714285714 0.005714285714285714
0 0.7614285714285715 0.5619047619047619 0.004285714285714286 0.005714285714285714
0 0.7617857142857143 0.5576190476190476 0.005 0.004761904761904762
0 0.7707142857142857 0.559047619047619 0.004285714285714286 0.0038095238095238095
0 0.7707142857142857 0.5566666666666666 0.004285714285714286 0.002857142857142857
0 0.7696428571428572 0.5547619047619048 0.0035714285714285713 0.002857142857142857
0 0.7689285714285714 0.5533333333333333 0.0035714285714285713 0.0038095238095238095
0 0.7675 0.5514285714285714 0.0035714285714285713 0.0038095238095238095
0 0.7596428571428572 0.55 0.0035714285714285713 0.002857142857142857
0 0.7767857142857143 0.5533333333333333 0.0035714285714285713 0.0038095238095238095
0 0.7657142857142857 0.5476190476190477 0.002857142857142857 0.0038095238095238095
0 0.7582142857142857 0.5480952380952381 0.0035714285714285713 0.002857142857142857
0 0.76 0.5461904761904762 0.002857142857142857 0.002857142857142857
0 0.7539285714285714 0.5447619047619048 0.002142857142857143 0.0019047619047619048
0 0.7532142857142857 0.5433333333333333 0.002142857142857143 0.002857142857142857
0 0.7635714285714286 0.5447619047619048 0.002857142857142857 0.0019047619047619048
1 0.7685714285714286 0.5719047619047619 0.008571428571428572 0.014285714285714285
0 0.7939285714285714 0.5557142857142857 0.007857142857142858 0.004761904761904762
0 0.7892857142857143 0.5547619047619048 0.008571428571428572 0.004761904761904762
