0 0.477035490605428 0.011131725417439703 0.005219206680584551 0.00927643784786642
0 0.4835594989561587 0.029684601113172542 0.006784968684759917 0.014842300556586271
1 0.4812108559498956 0.050556586270871985 0.008350730688935281 0.01948051948051948
1 0.5101774530271399 0.09554730983302412 0.016179540709812108 0.05194805194805195
0 0.5086116910229646 0.14749536178107606 0.009916492693110648 0.016697588126159554
0 0.4545929018789144 0.2750463821892393 0.015657620041753653 0.032467532467532464
0 0.4485908141962422 0.3140074211502783 0.01826722338204593 0.032467532467532464
0 0.4470250521920668 0.4067717996289425 0.02035490605427975 0.04916512059369202
3 0.5407098121085595 0.4461966604823748 0.021920668058455117 0.05009276437847866
0 0.5501043841336117 0.5190166975881262 0.022964509394572025 0.04916512059369202
0 0.4373695198329854 0.4837662337662338 0.020876826722338204 0.04359925788497217
3 0.43241127348643005 0.5853432282003711 0.02244258872651357 0.07235621521335807
0 0.42379958246346555 0.6437847866419295 0.024008350730688934 0.061224489795918366
0 0.5594989561586639 0.6920222634508348 0.028183716075156576 0.07235621521335807
0 0.42275574112734865 0.7300556586270872 0.027139874739039668 0.08348794063079777
3 0.4251043841336117 0.22031539888682747 0.016179540709812108 0.04359925788497217
3 0.4618997912317328 0.150278293135436 0.009394572025052192 0.02040816326530612
3 0.656054279749478 0.07096474953617811 0.021920668058455117 0.021335807050092765
0 0.6704070981210856 0.09647495361781076 0.01826722338204593 0.014842300556586271
0 0.6677974947807933 0.09276437847866419 0.016179540709812108 0.016697588126159554
0 0.8212421711899791 0.30241187384044527 0.02870563674321503 0.03710575139146568
0 0.7805323590814196 0.3752319109461967 0.02244258872651357 0.039888682745825604
0 0.8637787056367432 0.3529684601113173 0.029227557411273485 0.038033395176252316
0 0.8397703549060542 0.35528756957328383 0.027139874739039668 0.03710575139146568
0 0.8186325678496869 0.35528756957328383 0.02139874739039666 0.03525046382189239
0 0.8585594989561587 0.5236549165120594 0.0407098121085595 0.04359925788497217
0 0.8982254697286013 0.6057513914656771 0.05010438413361169 0.04081632653061224
0 0.9626826722338204 0.49257884972170685 0.04540709812108559 0.03710575139146568
0 0.8830897703549061 0.577922077922078 0.054279749478079335 0.04638218923933209
0 0.9566805845511482 0.7175324675324676 0.07306889352818371 0.05287569573283859
0 0.9772964509394572 0.7694805194805194 0.044363256784968684 0.04916512059369202
