0 0.2675 0.8609523809523809 0.055 0.14285714285714285
0 0.2767857142857143 0.7133333333333334 0.05357142857142857 0.1219047619047619
1 0.14964285714285713 0.6566666666666666 0.09928571428571428 0.15714285714285714
3 0.1125 0.3638095238095238 0.08357142857142857 0.05333333333333334
3 0.17214285714285715 0.19238095238095237 0.08 0.05904761904761905
0 0.1757142857142857 0.13333333333333333 0.08142857142857143 0.049523809523809526
0 0.05607142857142857 0.13142857142857142 0.055 0.08761904761904762
0 0.1975 0.019523809523809523 0.08214285714285714 0.039047619047619046
0 0.1792857142857143 0.08952380952380952 0.06142857142857143 0.047619047619047616
3 0.465 0.33285714285714285 0.037142857142857144 0.10571428571428572
0 0.8010714285714285 0.7119047619047619 0.052142857142857144 0.13428571428571429
0 0.9010714285714285 0.2966666666666667 0.08928571428571429 0.058095238095238096
0 0.92 0.23666666666666666 0.08428571428571428 0.05619047619047619
0 0.9382142857142857 0.11857142857142858 0.085 0.05047619047619047
