1 0.5182142857142857 0.8540609137055838 0.085 0.1700507614213198
0 0.6335714285714286 0.9568527918781726 0.054285714285714284 0.08375634517766498
0 0.615 0.699238578680203 0.045714285714285714 0.09644670050761421
0 0.6625 0.6288071065989848 0.062142857142857146 0.06218274111675127
1 0.7839285714285714 0.5615482233502538 0.12071428571428572 0.11040609137055837
3 0.9092857142857143 0.5057106598984772 0.054285714285714284 0.05964467005076142
0 0.9617857142857142 0.4815989847715736 0.05785714285714286 0.05456852791878172
3 0.32 0.7842639593908629 0.08 0.09137055837563451
1 0.16642857142857143 0.8559644670050761 0.1657142857142857 0.1383248730964467
1 0.2932142857142857 0.6243654822335025 0.11214285714285714 0.13451776649746192
0 0.36464285714285716 0.5463197969543148 0.030714285714285715 0.0799492385786802
3 0.3775 0.4130710659898477 0.030714285714285715 0.0850253807106599
3 0.3725 0.24746192893401014 0.02214285714285714 0.04568527918781726
0 0.28464285714285714 0.3629441624365482 0.027857142857142858 0.07360406091370558
3 0.5175 0.2639593908629442 0.05357142857142857 0.03807106598984772
