3 0.4455 0.717 0.071 0.16466666666666666
0 0.32675 0.364 0.0685 0.04
0 0.3215 0.31466666666666665 0.061 0.037333333333333336
0 0.33625 0.267 0.0245 0.026
0 0.36075 0.24933333333333332 0.0215 0.025333333333333333
0 0.37225 0.2826666666666667 0.0255 0.030666666666666665
0 0.343 0.19866666666666666 0.016 0.02
0 0.39175 0.17966666666666667 0.0175 0.016666666666666666
3 0.41925 0.21033333333333334 0.0185 0.028666666666666667
0 0.333 0.17533333333333334 0.015 0.014666666666666666
3 0.33125 0.164 0.0135 0.02
3 0.30075 0.11833333333333333 0.0085 0.011333333333333334
0 0.31425 0.11966666666666667 0.0085 0.01
2 0.3275 0.08566666666666667 0.008 0.012666666666666666
0 0.32725 0.09266666666666666 0.0065 0.009333333333333334
0 0.3995 0.12066666666666667 0.01 0.012
0 0.39675 0.10866666666666666 0.0095 0.009333333333333334
3 0.3595 0.08366666666666667 0.006 0.008666666666666666
0 0.37175 0.09233333333333334 0.0055 0.008666666666666666
0 0.3865 0.09966666666666667 0.007 0.007333333333333333
0 0.4035 0.10366666666666667 0.008 0.008666666666666666
0 0.42125 0.106 0.0075 0.008
0 0.43325 0.105 0.0075 0.008666666666666666
0 0.431 0.11066666666666666 0.009 0.009333333333333334
0 0.437 0.11466666666666667 0.009 0.009333333333333334
0 0.60875 0.47333333333333333 0.0695 0.07333333333333333
0 0.53425 0.29533333333333334 0.0375 0.04
0 0.45775 0.25833333333333336 0.0265 0.028666666666666667
0 0.953 0.39166666666666666 0.083 0.046
0 0.9425 0.31866666666666665 0.076 0.03333333333333333
0 0.7205 0.26666666666666666 0.038 0.025333333333333333
1 0.58675 0.22633333333333333 0.0425 0.046
0 0.60775 0.20766666666666667 0.0265 0.019333333333333334
0 0.59475 0.20033333333333334 0.0215 0.015333333333333332
0 0.549 0.178 0.024 0.014666666666666666
3 0.53225 0.16733333333333333 0.0265 0.017333333333333333
1 0.4635 0.148 0.021 0.02666666666666667
3 0.47275 0.13333333333333333 0.0125 0.014666666666666666
0 0.4625 0.12833333333333333 0.01 0.01
0 0.43825 0.13533333333333333 0.0125 0.016
0 0.449 0.12366666666666666 0.016 0.011333333333333334
