0 0.09071428571428572 0.19476190476190477 0.08285714285714285 0.04285714285714286
3 0.1717857142857143 0.2057142857142857 0.04928571428571429 0.08571428571428572
3 0.2317857142857143 0.21 0.04214285714285714 0.06952380952380953
3 0.2814285714285714 0.22 0.037142857142857144 0.05904761904761905
0 0.0975 0.15761904761904763 0.05071428571428571 0.03142857142857143
0 0.3342857142857143 0.32476190476190475 0.05142857142857143 0.07047619047619047
0 0.2625 0.40904761904761905 0.06785714285714285 0.10952380952380952
0 0.26607142857142857 0.3304761904761905 0.052142857142857144 0.06666666666666667
0 0.20535714285714285 0.3385714285714286 0.062142857142857146 0.07523809523809524
0 0.13071428571428573 0.3380952380952381 0.07 0.0761904761904762
0 0.05071428571428571 0.3395238095238095 0.08571428571428572 0.09619047619047619
0 0.021785714285714287 0.4228571428571429 0.04357142857142857 0.10666666666666667
0 0.09214285714285714 0.4104761904761905 0.09857142857142857 0.13523809523809524
0 0.15928571428571428 0.0919047619047619 0.03142857142857143 0.018095238095238095
0 0.1732142857142857 0.0880952380952381 0.030714285714285715 0.01619047619047619
0 0.17107142857142857 0.0761904761904762 0.030714285714285715 0.017142857142857144
0 0.1825 0.07714285714285714 0.025 0.01904761904761905
0 0.18428571428571427 0.07047619047619047 0.027142857142857142 0.02095238095238095
0 0.1875 0.06714285714285714 0.025 0.02
0 0.18714285714285714 0.05619047619047619 0.017142857142857144 0.013333333333333334
0 0.18571428571428572 0.04523809523809524 0.017142857142857144 0.01619047619047619
0 0.1367857142857143 0.06904761904761905 0.02214285714285714 0.018095238095238095
0 0.15964285714285714 0.06 0.019285714285714285 0.013333333333333334
0 0.45964285714285713 0.03666666666666667 0.010714285714285714 0.008571428571428572
2 0.435 0.05714285714285714 0.02142857142857143 0.030476190476190476
1 0.44642857142857145 0.051904761904761905 0.015714285714285715 0.029523809523809525
0 0.44285714285714284 0.0838095238095238 0.018571428571428572 0.02095238095238095
2 0.5046428571428572 0.04666666666666667 0.023571428571428573 0.02095238095238095
0 0.4735714285714286 0.03571428571428571 0.01 0.008571428571428572
0 0.5678571428571428 0.05 0.014285714285714285 0.018095238095238095
3 0.07928571428571428 0.7185714285714285 0.15857142857142856 0.32095238095238093
0 0.37357142857142855 0.6785714285714286 0.10714285714285714 0.22380952380952382
0 0.34714285714285714 0.8995238095238095 0.1442857142857143 0.20095238095238097
3 0.5364285714285715 0.6204761904761905 0.19142857142857142 0.2638095238095238
0 0.6503571428571429 0.2633333333333333 0.06785714285714285 0.05047619047619047
0 0.8385714285714285 0.3361904761904762 0.1757142857142857 0.1295238095238095
0 0.7535714285714286 0.15142857142857144 0.037142857142857144 0.02666666666666667
0 0.7367857142857143 0.10904761904761905 0.03214285714285714 0.018095238095238095
3 0.4007142857142857 0.22095238095238096 0.05857142857142857 0.06857142857142857
