0 0.04607142857142857 0.3585714285714286 0.07357142857142857 0.09047619047619047
0 0.35642857142857143 0.7557142857142857 0.09571428571428571 0.11714285714285715
0 0.5310714285714285 0.9071428571428571 0.065 0.1742857142857143
0 0.5367857142857143 0.5142857142857142 0.07357142857142857 0.08761904761904762
0 0.6007142857142858 0.5947619047619047 0.05857142857142857 0.11333333333333333
0 0.7453571428571428 0.46095238095238095 0.062142857142857146 0.09523809523809523
0 0.6428571428571429 0.39666666666666667 0.055714285714285716 0.08285714285714285
0 0.67 0.4523809523809524 0.06285714285714286 0.09333333333333334
0 0.8664285714285714 0.06619047619047619 0.06 0.08095238095238096
0 0.8360714285714286 0.30238095238095236 0.056428571428571425 0.08285714285714285
1 0.16642857142857143 0.9461904761904761 0.1442857142857143 0.10761904761904761
3 0.3703571428571429 0.027142857142857142 0.06785714285714285 0.05047619047619047
3 0.5053571428571428 0.01904761904761905 0.056428571428571425 0.03238095238095238
