0 0.3212421711899791 0.7625231910946196 0.04645093945720251 0.1261595547309833
0 0.45407098121085593 0.6066790352504638 0.033402922755741124 0.09833024118738404
0 0.47886221294363257 0.39517625231910947 0.02661795407098121 0.07421150278293136
0 0.4835594989561587 0.2852504638218924 0.02139874739039666 0.05473098330241188
3 0.49765135699373697 0.18923933209647495 0.019311064718162838 0.0575139146567718
1 0.5067849686847599 0.1590909090909091 0.016701461377870562 0.04730983302411874
3 0.5806367432150313 0.3891465677179963 0.027661795407098122 0.0862708719851577
0 0.453027139874739 0.7717996289424861 0.0407098121085595 0.15213358070500926
3 0.5704592901878914 0.212430426716141 0.020876826722338204 0.055658627087198514
0 0.5555845511482255 0.09647495361781076 0.02035490605427975 0.03339517625231911
0 0.4986951983298539 0.013450834879406308 0.016179540709812108 0.026901669758812616
