0 0.4110714285714286 0.28109137055837563 0.029285714285714286 0.11548223350253807
0 0.3417857142857143 0.2684010152284264 0.065 0.05203045685279188
0 0.5107142857142857 0.2956852791878173 0.02857142857142857 0.1116751269035533
0 0.6046428571428571 0.3026649746192893 0.027857142857142858 0.11548223350253807
0 0.6657142857142857 0.3026649746192893 0.03142857142857143 0.10532994923857868
0 0.7135714285714285 0.2956852791878173 0.02857142857142857 0.1116751269035533
0 0.7621428571428571 0.29885786802030456 0.03142857142857143 0.12563451776649745
0 0.5510714285714285 0.2823604060913706 0.027857142857142858 0.12309644670050761
0 0.9678571428571429 0.3032994923857868 0.03428571428571429 0.11421319796954314
0 0.16642857142857143 0.575507614213198 0.06714285714285714 0.04949238578680203
0 0.12142857142857143 0.4980964467005076 0.06571428571428571 0.05203045685279188
0 0.11357142857142857 0.6776649746192893 0.06285714285714286 0.06091370558375635
0 0.14107142857142857 0.8274111675126904 0.027857142857142858 0.10913705583756345
0 0.17857142857142858 0.8261421319796954 0.03142857142857143 0.10152284263959391
0 0.2257142857142857 0.8210659898477157 0.03 0.11421319796954314
0 0.2689285714285714 0.8274111675126904 0.027857142857142858 0.1116751269035533
0 0.30428571428571427 0.8280456852791879 0.03142857142857143 0.11294416243654823
0 0.3432142857142857 0.833756345177665 0.027857142857142858 0.11421319796954314
0 0.38535714285714284 0.8553299492385786 0.03357142857142857 0.1116751269035533
0 0.5307142857142857 0.8407360406091371 0.02857142857142857 0.12309644670050761
0 0.5710714285714286 0.8451776649746193 0.02642857142857143 0.1116751269035533
0 0.6078571428571429 0.8299492385786802 0.027142857142857142 0.10913705583756345
0 0.6453571428571429 0.8299492385786802 0.02642857142857143 0.11421319796954314
0 0.7057142857142857 0.8439086294416244 0.02857142857142857 0.09898477157360407
0 0.7510714285714286 0.8343908629441624 0.030714285714285715 0.10532994923857868
0 0.8328571428571429 0.8280456852791879 0.03 0.11294416243654823
0 0.9003571428571429 0.8324873096446701 0.027857142857142858 0.10913705583756345
0 0.9378571428571428 0.8185279187817259 0.037142857142857144 0.1116751269035533
0 0.9742857142857143 0.8305837563451777 0.032857142857142856 0.12055837563451777
3 0.8696428571428572 0.824238578680203 0.030714285714285715 0.10025380710659898
1 0.145 0.29314720812182743 0.05714285714285714 0.116751269035533
0 0.10464285714285715 0.25317258883248733 0.06357142857142857 0.04949238578680203
0 0.0325 0.2639593908629442 0.056428571428571425 0.0532994923857868
0 0.07678571428571429 0.8147208121827412 0.03214285714285714 0.10406091370558376
0 0.04178571428571429 0.8185279187817259 0.029285714285714286 0.10913705583756345
0 0.011785714285714287 0.8147208121827412 0.023571428571428573 0.09898477157360407
0 0.09071428571428572 0.9612944162436549 0.032857142857142856 0.07487309644670051
0 0.13142857142857142 0.9695431472081218 0.027142857142857142 0.0583756345177665
0 0.05107142857142857 0.9701776649746193 0.03214285714285714 0.05710659898477157
0 0.17142857142857143 0.9701776649746193 0.03 0.05710659898477157
0 0.27964285714285714 0.9714467005076142 0.02642857142857143 0.05456852791878172
0 0.4142857142857143 0.9517766497461929 0.05285714285714286 0.09390862944162437
0 0.4421428571428571 0.9809644670050761 0.04428571428571428 0.03553299492385787
0 0.5539285714285714 0.9606598984771574 0.030714285714285715 0.07614213197969544
0 0.3192857142857143 0.9784263959390863 0.03142857142857143 0.04060913705583756
0 0.4853571428571429 0.0266497461928934 0.025 0.0532994923857868
0 0.5514285714285714 0.030456852791878174 0.027142857142857142 0.06091370558375635
0 0.5842857142857143 0.031091370558375634 0.02857142857142857 0.06218274111675127
0 0.6210714285714286 0.031091370558375634 0.02642857142857143 0.06218274111675127
0 0.6557142857142857 0.02918781725888325 0.027142857142857142 0.0583756345177665
0 0.6853571428571429 0.02982233502538071 0.020714285714285713 0.05964467005076142
0 0.8257142857142857 0.0266497461928934 0.025714285714285714 0.0532994923857868
0 0.8610714285714286 0.03553299492385787 0.023571428571428573 0.07106598984771574
0 0.9028571428571428 0.03616751269035533 0.03 0.07233502538071065
