3 0.026071428571428572 0.4796954314720812 0.029285714285714286 0.08375634517766498
3 0.43642857142857144 0.8724619289340102 0.06428571428571428 0.15609137055837563
0 0.032857142857142856 0.3902284263959391 0.03142857142857143 0.05964467005076142
0 0.2546428571428571 0.35913705583756345 0.03214285714285714 0.06598984771573604
0 0.4282142857142857 0.3610406091370558 0.039285714285714285 0.07487309644670051
0 0.5392857142857143 0.5951776649746193 0.06 0.1319796954314721
0 0.6275 0.559010152284264 0.062142857142857146 0.11548223350253807
0 0.48678571428571427 0.26015228426395937 0.03642857142857143 0.07106598984771574
0 0.33714285714285713 0.11928934010152284 0.024285714285714285 0.04314720812182741
0 0.3335714285714286 0.03934010152284264 0.025714285714285714 0.04060913705583756
0 0.2735714285714286 0.24619289340101522 0.02857142857142857 0.05583756345177665
0 0.22428571428571428 0.05203045685279188 0.018571428571428572 0.03553299492385787
