3 0.27175 0.36766666666666664 0.0335 0.028666666666666667
0 0.2725 0.353 0.021 0.020666666666666667
0 0.2955 0.351 0.022 0.023333333333333334
0 0.317 0.3476666666666667 0.018 0.022
0 0.3365 0.3566666666666667 0.023 0.024
0 0.3485 0.375 0.039 0.024666666666666667
0 0.38 0.362 0.023 0.02266666666666667
0 0.41375 0.346 0.0245 0.024
0 0.40375 0.33 0.0185 0.017333333333333333
3 0.16525 0.7386666666666667 0.1445 0.1
3 0.12675 0.8123333333333334 0.1665 0.10866666666666666
0 0.299 0.7113333333333334 0.057 0.11733333333333333
3 0.36625 0.273 0.0115 0.016666666666666666
0 0.385 0.26033333333333336 0.019 0.01
0 0.3875 0.2633333333333333 0.017 0.009333333333333334
0 0.39175 0.263 0.0195 0.011333333333333334
0 0.39725 0.26466666666666666 0.0225 0.012
0 0.39925 0.26466666666666666 0.0235 0.010666666666666666
1 0.303 0.3883333333333333 0.04 0.03133333333333333
3 0.34325 0.341 0.0185 0.027333333333333334
3 0.44525 0.3556666666666667 0.0185 0.028666666666666667
3 0.45275 0.3406666666666667 0.0185 0.030666666666666665
3 0.4205 0.304 0.013 0.02266666666666667
3 0.4455 0.275 0.011 0.016666666666666666
3 0.46875 0.25633333333333336 0.0095 0.014
0 0.39125 0.3466666666666667 0.0215 0.025333333333333333
0 0.41375 0.313 0.0175 0.023333333333333334
0 0.4355 0.342 0.021 0.02266666666666667
0 0.49125 0.36666666666666664 0.0455 0.025333333333333333
0 0.4525 0.384 0.048 0.024
0 0.44375 0.418 0.0625 0.03866666666666667
3 0.4515 0.454 0.053 0.04933333333333333
0 0.45925 0.292 0.0135 0.014666666666666666
0 0.42725 0.29733333333333334 0.0135 0.014666666666666666
0 0.434 0.28733333333333333 0.014 0.017333333333333333
0 0.43875 0.2816666666666667 0.0115 0.012666666666666666
0 0.4525 0.2633333333333333 0.01 0.012
3 0.4485 0.2663333333333333 0.011 0.015333333333333332
0 0.4555 0.25833333333333336 0.01 0.011333333333333334
0 0.45925 0.255 0.0085 0.01
0 0.46175 0.25 0.0085 0.009333333333333334
3 0.46425 0.24533333333333332 0.0085 0.010666666666666666
0 0.46725 0.243 0.0075 0.008666666666666666
0 0.46825 0.24033333333333334 0.0075 0.007333333333333333
3 0.46975 0.23666666666666666 0.0075 0.010666666666666666
0 0.47225 0.234 0.0065 0.009333333333333334
0 0.47425 0.23233333333333334 0.0065 0.008666666666666666
3 0.47625 0.229 0.0075 0.01
3 0.47875 0.225 0.0065 0.01
0 0.48125 0.22166666666666668 0.0065 0.007333333333333333
0 0.4835 0.21766666666666667 0.007 0.008666666666666666
0 0.48575 0.21666666666666667 0.0055 0.006666666666666667
3 0.4865 0.21466666666666667 0.005 0.006666666666666667
0 0.48575 0.23033333333333333 0.0065 0.008666666666666666
0 0.45975 0.328 0.0165 0.02266666666666667
3 0.38925 0.475 0.0425 0.048666666666666664
0 0.5695 0.5993333333333334 0.066 0.1
3 0.7025 0.621 0.076 0.12066666666666667
0 0.68275 0.2693333333333333 0.0235 0.013333333333333334
0 0.68875 0.276 0.0285 0.012
0 0.691 0.238 0.02 0.009333333333333334
0 0.681 0.23433333333333334 0.019 0.008666666666666666
0 0.66875 0.22833333333333333 0.0125 0.008666666666666666
0 0.6645 0.22666666666666666 0.013 0.008
0 0.61675 0.247 0.0195 0.011333333333333334
0 0.61425 0.244 0.0195 0.010666666666666666
0 0.612 0.24133333333333334 0.02 0.009333333333333334
0 0.607 0.24133333333333334 0.016 0.009333333333333334
0 0.60475 0.239 0.0185 0.008666666666666666
0 0.60375 0.23833333333333334 0.0145 0.01
0 0.60275 0.23766666666666666 0.0185 0.01
0 0.601 0.23466666666666666 0.016 0.009333333333333334
0 0.591 0.231 0.016 0.008666666666666666
0 0.597 0.22933333333333333 0.017 0.008
0 0.598 0.22866666666666666 0.016 0.009333333333333334
0 0.61775 0.22966666666666666 0.0155 0.008666666666666666
0 0.61525 0.229 0.0145 0.007333333333333333
0 0.60875 0.22433333333333333 0.0155 0.008666666666666666
3 0.60475 0.222 0.0175 0.009333333333333334
0 0.63375 0.22066666666666668 0.0065 0.008
3 0.7275 0.24733333333333332 0.014 0.014666666666666666
0 0.6445 0.247 0.021 0.01
0 0.64075 0.24466666666666667 0.0175 0.009333333333333334
1 0.6445 0.257 0.04 0.019333333333333334
1 0.65775 0.22233333333333333 0.0225 0.011333333333333334
1 0.6485 0.21933333333333332 0.019 0.013333333333333334
1 0.5915 0.21833333333333332 0.018 0.01
1 0.6365 0.21466666666666667 0.019 0.012
1 0.632 0.21166666666666667 0.025 0.014
1 0.634 0.23866666666666667 0.022 0.014666666666666666
1 0.6275 0.23166666666666666 0.025 0.016666666666666666
2 0.7075 0.24033333333333334 0.023 0.023333333333333334
1 0.67325 0.41733333333333333 0.0805 0.042666666666666665
3 0.72175 0.43366666666666664 0.0415 0.056666666666666664
3 0.74725 0.468 0.0575 0.058666666666666666
3 0.7415 0.513 0.077 0.056666666666666664
0 0.82125 0.901 0.1415 0.198
