0 0.7035714285714286 0.6876190476190476 0.06 0.10095238095238095
3 0.7457142857142857 0.5947619047619047 0.07285714285714286 0.07523809523809524
3 0.8403571428571428 0.5095238095238095 0.07214285714285715 0.0761904761904762
3 0.8214285714285714 0.4585714285714286 0.07285714285714286 0.07904761904761905
0 0.9064285714285715 0.45 0.07142857142857142 0.07904761904761905
3 0.9632142857142857 0.38857142857142857 0.07357142857142857 0.07809523809523809
0 0.4760714285714286 0.16904761904761906 0.06928571428571428 0.058095238095238096
0 0.5539285714285714 0.15523809523809523 0.04642857142857143 0.0838095238095238
0 0.49714285714285716 0.12095238095238095 0.07 0.05333333333333334
0 0.5139285714285714 0.08142857142857143 0.07071428571428572 0.05619047619047619
0 0.5878571428571429 0.07428571428571429 0.05142857142857143 0.09142857142857143
0 0.6125 0.018571428571428572 0.035 0.037142857142857144
0 0.5235714285714286 0.047142857142857146 0.06857142857142857 0.05238095238095238
0 0.5371428571428571 0.02238095238095238 0.07 0.04476190476190476
