0 0.07892857142857143 0.9435279187817259 0.07214285714285715 0.11040609137055837
1 0.13142857142857142 0.39911167512690354 0.07 0.11548223350253807
0 0.2307142857142857 0.3020304568527919 0.03 0.03807106598984772
0 0.3442857142857143 0.31218274111675126 0.022857142857142857 0.04314720812182741
0 0.27785714285714286 0.17195431472081218 0.02 0.0266497461928934
0 0.38035714285714284 0.12880710659898478 0.013571428571428571 0.0266497461928934
3 0.35892857142857143 0.12246192893401016 0.016428571428571428 0.03426395939086294
3 0.40214285714285714 0.11738578680203046 0.014285714285714285 0.03426395939086294
0 0.3807142857142857 0.07360406091370558 0.012857142857142857 0.025380710659898477
0 0.34785714285714286 0.08312182741116751 0.012857142857142857 0.01903553299492386
3 0.32142857142857145 0.09708121827411167 0.015714285714285715 0.021573604060913704
3 0.3360714285714286 0.04631979695431472 0.010714285714285714 0.024111675126903553
3 0.3782142857142857 0.02728426395939086 0.012142857142857143 0.01903553299492386
2 0.5489285714285714 0.9619289340101523 0.05357142857142857 0.07360406091370558
1 0.5064285714285715 0.524746192893401 0.027142857142857142 0.08248730964467005
1 0.4975 0.41814720812182743 0.02214285714285714 0.07487309644670051
1 0.5489285714285714 0.5996192893401016 0.04642857142857143 0.1713197969543147
0 0.5035714285714286 0.475253807106599 0.017142857142857144 0.031725888324873094
2 0.5171428571428571 0.3889593908629442 0.025714285714285714 0.07741116751269035
1 0.5360714285714285 0.19416243654822335 0.019285714285714285 0.048223350253807105
1 0.5153571428571428 0.08629441624365482 0.013571428571428571 0.03807106598984772
0 0.49178571428571427 0.11548223350253807 0.009285714285714286 0.015228426395939087
0 0.4967857142857143 0.10723350253807107 0.009285714285714286 0.01649746192893401
3 0.5039285714285714 0.0799492385786802 0.007857142857142858 0.030456852791878174
3 0.5028571428571429 0.0901015228426396 0.007142857142857143 0.017766497461928935
1 0.49642857142857144 0.04251269035532995 0.008571428571428572 0.024111675126903553
1 0.5032142857142857 0.05964467005076142 0.010714285714285714 0.02284263959390863
0 0.515 0.0583756345177665 0.005714285714285714 0.015228426395939087
0 0.535 0.056472081218274114 0.007142857142857143 0.013959390862944163
0 0.5317857142857143 0.046954314720812185 0.0064285714285714285 0.015228426395939087
3 0.7228571428571429 0.37119289340101524 0.03571428571428571 0.07487309644670051
0 0.7721428571428571 0.4600253807106599 0.027142857142857142 0.04949238578680203
