0 0.1825 0.19380952380952382 0.08071428571428571 0.054285714285714284
0 0.14535714285714285 0.1680952380952381 0.07785714285714286 0.06571428571428571
0 0.13857142857142857 0.13142857142857142 0.07428571428571429 0.05523809523809524
0 0.10607142857142857 0.09904761904761905 0.06928571428571428 0.049523809523809526
0 0.12392857142857143 0.05619047619047619 0.07214285714285715 0.049523809523809526
0 0.025357142857142856 0.03333333333333333 0.027857142857142858 0.04
0 0.07107142857142858 0.32857142857142857 0.06357142857142857 0.08190476190476191
0 0.22678571428571428 0.4695238095238095 0.085 0.05714285714285714
0 0.5607142857142857 0.4576190476190476 0.10142857142857142 0.08666666666666667
0 0.4982142857142857 0.17714285714285713 0.06928571428571428 0.05523809523809524
0 0.4782142857142857 0.14952380952380953 0.065 0.05333333333333334
0 0.385 0.03428571428571429 0.06 0.04
0 0.5392857142857143 0.2519047619047619 0.07428571428571429 0.06571428571428571
0 0.3942857142857143 0.06428571428571428 0.06714285714285714 0.04666666666666667
0 0.45321428571428574 0.10809523809523809 0.06642857142857143 0.04857142857142857
0 0.6546428571428572 0.12666666666666668 0.065 0.05142857142857143
0 0.6453571428571429 0.48714285714285716 0.09214285714285714 0.09238095238095238
0 0.9667857142857142 0.08190476190476191 0.052142857142857144 0.04
0 0.8192857142857143 0.11333333333333333 0.037142857142857144 0.049523809523809526
0 0.7903571428571429 0.32 0.08642857142857142 0.07428571428571429
0 0.8967857142857143 0.10476190476190476 0.04642857142857143 0.03238095238095238
0 0.9407142857142857 0.029047619047619048 0.03428571428571429 0.02761904761904762
