0 0.5457142857142857 0.30047619047619045 0.02142857142857143 0.03142857142857143
0 0.42964285714285716 0.5271428571428571 0.035 0.06952380952380953
0 0.48857142857142855 0.22666666666666666 0.03142857142857143 0.02666666666666667
0 0.4585714285714286 0.3314285714285714 0.022857142857142857 0.03619047619047619
0 0.6296428571428572 0.36666666666666664 0.030714285714285715 0.04
0 0.6164285714285714 0.32666666666666666 0.025714285714285714 0.03619047619047619
0 0.7285714285714285 0.22142857142857142 0.03428571428571429 0.023809523809523808
0 0.7060714285714286 0.21333333333333335 0.03785714285714286 0.01904761904761905
0 0.6921428571428572 0.18095238095238095 0.017142857142857144 0.01904761904761905
0 0.64 0.18 0.015714285714285715 0.02095238095238095
0 0.6232142857142857 0.18047619047619048 0.015 0.02
0 0.605 0.17857142857142858 0.015714285714285715 0.021904761904761906
0 0.5742857142857143 0.17904761904761904 0.012857142857142857 0.01904761904761905
0 0.51 0.14857142857142858 0.012857142857142857 0.015238095238095238
0 0.5864285714285714 0.08571428571428572 0.018571428571428572 0.011428571428571429
0 0.6203571428571428 0.1461904761904762 0.027857142857142858 0.014285714285714285
0 0.6135714285714285 0.13238095238095238 0.025714285714285714 0.015238095238095238
0 0.6021428571428571 0.12476190476190477 0.024285714285714285 0.013333333333333334
0 0.5582142857142857 0.18 0.015 0.01904761904761905
3 0.5357142857142857 0.17714285714285713 0.012857142857142857 0.024761904761904763
0 0.555 0.16523809523809524 0.02857142857142857 0.018095238095238095
0 0.5560714285714285 0.15142857142857144 0.027857142857142858 0.015238095238095238
0 0.5135714285714286 0.11666666666666667 0.01 0.014285714285714285
0 0.5128571428571429 0.10714285714285714 0.01 0.012380952380952381
0 0.4853571428571429 0.09571428571428571 0.009285714285714286 0.012380952380952381
0 0.6296428571428572 0.1661904761904762 0.027857142857142858 0.018095238095238095
0 0.5435714285714286 0.11428571428571428 0.022857142857142857 0.011428571428571429
0 0.5521428571428572 0.1442857142857143 0.025714285714285714 0.014285714285714285
0 0.5489285714285714 0.1357142857142857 0.02642857142857143 0.014285714285714285
0 0.5453571428571429 0.1295238095238095 0.023571428571428573 0.011428571428571429
3 0.5967857142857143 0.11190476190476191 0.020714285714285713 0.012380952380952381
3 0.5921428571428572 0.10809523809523809 0.02142857142857143 0.014285714285714285
0 0.7717857142857143 0.8404761904761905 0.08785714285714286 0.15142857142857144
