0 0.6178571428571429 0.6104761904761905 0.05142857142857143 0.06666666666666667
0 0.6117857142857143 0.38047619047619047 0.023571428571428573 0.03333333333333333
0 0.5871428571428572 0.4123809523809524 0.03 0.03428571428571429
0 0.63 0.3628571428571429 0.02142857142857143 0.02857142857142857
0 0.5535714285714286 0.4695238095238095 0.037142857142857144 0.049523809523809526
0 0.6446428571428572 0.34523809523809523 0.019285714285714285 0.029523809523809525
0 0.6542857142857142 0.3261904761904762 0.017142857142857144 0.025714285714285714
0 0.6635714285714286 0.31285714285714283 0.02 0.023809523809523808
0 0.6707142857142857 0.30142857142857143 0.017142857142857144 0.023809523809523808
0 0.68 0.28809523809523807 0.018571428571428572 0.025714285714285714
0 0.6892857142857143 0.2795238095238095 0.017142857142857144 0.02
0 0.12857142857142856 0.6795238095238095 0.08285714285714285 0.11142857142857143
0 0.69 0.25666666666666665 0.014285714285714285 0.018095238095238095
