0 0.84125 0.078 0.0905 0.058666666666666666
3 0.039 0.10666666666666667 0.058 0.08266666666666667
0 0.15125 0.092 0.0445 0.07333333333333333
0 0.0435 0.026 0.077 0.052
0 0.13375 0.021666666666666667 0.0975 0.043333333333333335
3 0.21775 0.07066666666666667 0.0385 0.07333333333333333
0 0.24725 0.011666666666666667 0.0815 0.023333333333333334
3 0.273 0.06566666666666666 0.046 0.11266666666666666
0 0.332 0.059 0.048 0.08466666666666667
0 0.432 0.042 0.047 0.08
3 0.38125 0.04466666666666667 0.0475 0.07333333333333333
3 0.477 0.039 0.043 0.078
