3 0.65375 0.32666666666666666 0.0205 0.04666666666666667
3 0.70875 0.6066666666666667 0.0305 0.072
3 0.748 0.711 0.058 0.048666666666666664
3 0.67525 0.819 0.0295 0.09266666666666666
3 0.5025 0.49966666666666665 0.041 0.06066666666666667
3 0.43625 0.4713333333333333 0.0335 0.04533333333333334
3 0.43125 0.9683333333333334 0.0465 0.06333333333333334
3 0.5745 0.9533333333333334 0.037 0.09333333333333334
0 0.48875 0.9763333333333334 0.0385 0.04733333333333333
0 0.53825 0.953 0.0395 0.094
0 0.55725 0.8496666666666667 0.0375 0.10066666666666667
0 0.63175 0.8136666666666666 0.0335 0.09133333333333334
0 0.61575 0.7023333333333334 0.0285 0.07933333333333334
0 0.57975 0.7353333333333333 0.0295 0.08266666666666667
0 0.54225 0.7433333333333333 0.0345 0.08666666666666667
0 0.52 0.8793333333333333 0.038 0.1
0 0.4625 0.6783333333333333 0.061 0.035333333333333335
0 0.645 0.6213333333333333 0.042 0.072
0 0.89475 0.8133333333333334 0.0665 0.056
0 0.82475 0.7593333333333333 0.0695 0.044
0 0.79725 0.821 0.0765 0.058
0 0.64575 0.4623333333333333 0.0395 0.058
0 0.62925 0.40166666666666667 0.0265 0.056666666666666664
0 0.60525 0.486 0.0275 0.06533333333333333
0 0.5735 0.605 0.029 0.074
0 0.54175 0.5856666666666667 0.0305 0.07133333333333333
0 0.56775 0.4513333333333333 0.0375 0.06133333333333333
0 0.5265 0.436 0.041 0.05333333333333334
0 0.4645 0.531 0.049 0.05
0 0.43375 0.5843333333333334 0.0525 0.04733333333333333
0 0.37575 0.5173333333333333 0.0465 0.04666666666666667
0 0.355 0.5546666666666666 0.046 0.05733333333333333
3 0.407 0.4876666666666667 0.045 0.05
3 0.531 0.38566666666666666 0.022 0.04733333333333333
3 0.5895 0.412 0.036 0.05466666666666667
0 0.48325 0.7973333333333333 0.0435 0.09333333333333334
0 0.47575 0.42933333333333334 0.0375 0.06133333333333333
0 0.438 0.36566666666666664 0.032 0.051333333333333335
0 0.50375 0.3383333333333333 0.0385 0.046
0 0.45975 0.327 0.0355 0.058
0 0.472 0.2843333333333333 0.031 0.04466666666666667
0 0.43275 0.221 0.0305 0.046
0 0.362 0.172 0.026 0.04133333333333333
0 0.3825 0.13733333333333334 0.029 0.04133333333333333
0 0.3165 0.08333333333333333 0.026 0.03866666666666667
3 0.34375 0.07433333333333333 0.0315 0.051333333333333335
3 0.3285 0.04066666666666666 0.029 0.04133333333333333
0 0.31025 0.016666666666666666 0.0255 0.03333333333333333
0 0.1865 0.13833333333333334 0.035 0.03266666666666666
3 0.1535 0.11566666666666667 0.032 0.035333333333333335
0 0.10025 0.009333333333333334 0.0265 0.018666666666666668
0 0.11575 0.019333333333333334 0.0315 0.032
0 0.129 0.021333333333333333 0.033 0.02666666666666667
0 0.1375 0.034 0.029 0.030666666666666665
0 0.15125 0.04466666666666667 0.0335 0.034666666666666665
0 0.164 0.049666666666666665 0.025 0.03666666666666667
0 0.1765 0.062 0.03 0.037333333333333336
3 0.86225 0.485 0.0355 0.05
3 0.926 0.5303333333333333 0.046 0.06333333333333334
3 0.9725 0.5893333333333334 0.055 0.06666666666666667
1 0.88525 0.5023333333333333 0.0475 0.056666666666666664
