0 0.5885714285714285 0.9128571428571428 0.16285714285714287 0.14761904761904762
0 0.5707142857142857 0.7880952380952381 0.15285714285714286 0.11523809523809524
0 0.5521428571428572 0.680952380952381 0.14 0.10857142857142857
0 0.5278571428571428 0.5847619047619048 0.1442857142857143 0.10095238095238095
0 0.5125 0.48523809523809525 0.11357142857142857 0.09428571428571429
0 0.49214285714285716 0.4119047619047619 0.12571428571428572 0.10761904761904761
0 0.4657142857142857 0.3442857142857143 0.09714285714285714 0.08095238095238096
0 0.42892857142857144 0.09333333333333334 0.09928571428571428 0.07047619047619047
0 0.42142857142857143 0.03190476190476191 0.1 0.06380952380952382
0 0.9732142857142857 0.09571428571428571 0.05357142857142857 0.09619047619047619
0 0.4707142857142857 0.28 0.11428571428571428 0.06285714285714286
0 0.46035714285714285 0.22904761904761906 0.10642857142857143 0.07333333333333333
0 0.4417857142857143 0.17285714285714285 0.10357142857142858 0.08285714285714285
0 0.9646428571428571 0.7633333333333333 0.07071428571428572 0.19904761904761906
0 0.8282142857142857 0.24952380952380954 0.08642857142857142 0.14285714285714285
0 0.7185714285714285 0.17095238095238094 0.07571428571428572 0.11523809523809524
