0 0.056428571428571425 0.7957142857142857 0.09 0.1361904761904762
0 0.025357142857142856 0.7719047619047619 0.05071428571428571 0.12476190476190477
0 0.025357142857142856 0.4780952380952381 0.05071428571428571 0.0838095238095238
0 0.08142857142857143 0.4847619047619048 0.05857142857142857 0.10857142857142857
0 0.1875 0.4819047619047619 0.05928571428571429 0.09714285714285714
3 0.2357142857142857 0.47619047619047616 0.047142857142857146 0.10857142857142857
1 0.36892857142857144 0.4319047619047619 0.04642857142857143 0.1438095238095238
0 0.5928571428571429 0.45666666666666667 0.03857142857142857 0.10952380952380952
0 0.49142857142857144 0.58 0.03571428571428571 0.11619047619047619
0 0.4182142857142857 0.55 0.05071428571428571 0.12285714285714286
3 0.4442857142857143 0.13523809523809524 0.03 0.08571428571428572
0 0.4089285714285714 0.08761904761904762 0.03642857142857143 0.08952380952380952
0 0.3982142857142857 0.18714285714285714 0.03357142857142857 0.09238095238095238
0 0.7328571428571429 0.1823809523809524 0.037142857142857144 0.09047619047619047
0 0.74 0.41523809523809524 0.041428571428571426 0.10857142857142857
0 0.7407142857142858 0.5471428571428572 0.04285714285714286 0.11714285714285715
0 0.7435714285714285 0.8733333333333333 0.04428571428571428 0.14095238095238094
0 0.7432142857142857 0.7023809523809523 0.045 0.12666666666666668
1 0.32571428571428573 0.7785714285714286 0.05857142857142857 0.16666666666666666
0 0.7375 0.28904761904761905 0.03785714285714286 0.09238095238095238
0 0.7317857142857143 0.07666666666666666 0.035 0.08285714285714285
