3 0.822286012526096 0.5463821892393321 0.037056367432150315 0.03710575139146568
0 0.8400313152400835 0.3339517625231911 0.031837160751565764 0.025974025974025976
0 0.7881002087682673 0.33070500927643787 0.032359081419624215 0.023191094619666047
0 0.9775574112734864 0.3492578849721707 0.03444676409185804 0.021335807050092765
0 0.973643006263048 0.8325602968460112 0.05167014613778706 0.05287569573283859
0 0.8087160751565762 0.2481447124304267 0.013048016701461378 0.017625231910946195
0 0.8233298538622129 0.24582560296846012 0.016179540709812108 0.029684601113172542
0 0.8248956158663883 0.22634508348794063 0.016179540709812108 0.02411873840445269
0 0.7956680584551148 0.2277365491651206 0.016179540709812108 0.026901669758812616
0 0.7849686847599165 0.20871985157699444 0.011482254697286013 0.016697588126159554
0 0.7990605427974948 0.20732838589981448 0.012526096033402923 0.01948051948051948
0 0.7849686847599165 0.1841372912801484 0.011482254697286013 0.02504638218923933
0 0.7719206680584552 0.16558441558441558 0.014613778705636743 0.017625231910946195
0 0.7601774530271399 0.14471243042671614 0.009916492693110648 0.01855287569573284
0 0.7338204592901879 0.11363636363636363 0.009394572025052192 0.015769944341372914
0 0.8115866388308977 0.2230983302411874 0.011482254697286013 0.021335807050092765
0 0.6351774530271399 0.32560296846011133 0.031315240083507306 0.027829313543599257
