3 0.479384133611691 0.46382189239332094 0.043319415448851775 0.07235621521335807
0 0.5208768267223383 0.42810760667903525 0.033402922755741124 0.045454545454545456
0 0.5657620041753654 0.38636363636363635 0.032359081419624215 0.039888682745825604
3 0.6701461377870563 0.28617810760667906 0.025052192066805846 0.036178107606679034
0 0.7340814196242171 0.30241187384044527 0.024530271398747392 0.03153988868274583
3 0.6988517745302714 0.2625231910946197 0.022964509394572025 0.03339517625231911
3 0.7137265135699373 0.24721706864564008 0.02035490605427975 0.03432282003710575
3 0.8024530271398748 0.2189239332096475 0.019311064718162838 0.027829313543599257
1 0.8303757828810021 0.1859925788497217 0.028183716075156576 0.038033395176252316
0 0.8081941544885177 0.14795918367346939 0.016179540709812108 0.021335807050092765
0 0.8348121085594989 0.11688311688311688 0.01722338204592902 0.01855287569573284
0 0.8828288100208769 0.05519480519480519 0.016179540709812108 0.013914656771799629
0 0.06889352818371608 0.46938775510204084 0.05010438413361169 0.04638218923933209
0 0.027922755741127347 0.45686456400742115 0.050626304801670144 0.041743970315398886
