0 0.039285714285714285 0.14238095238095239 0.07857142857142857 0.10952380952380952
0 0.048928571428571425 0.04666666666666667 0.05928571428571429 0.07047619047619047
0 0.15 0.07761904761904762 0.06428571428571428 0.09238095238095238
1 0.32321428571428573 0.2523809523809524 0.085 0.17333333333333334
0 0.4589285714285714 0.02619047619047619 0.035 0.05238095238095238
0 0.4585714285714286 0.09476190476190476 0.04285714285714286 0.08095238095238096
0 0.4032142857142857 0.13904761904761906 0.05071428571428571 0.09904761904761905
0 0.45571428571428574 0.2042857142857143 0.04857142857142857 0.10952380952380952
0 0.405 0.06380952380952382 0.041428571428571426 0.07238095238095238
0 0.3871428571428571 0.43952380952380954 0.07142857142857142 0.16285714285714287
0 0.5089285714285714 0.45904761904761904 0.07785714285714286 0.16
0 0.3175 0.6423809523809524 0.08642857142857142 0.20285714285714285
3 0.4025 0.8533333333333334 0.09071428571428572 0.2895238095238095
3 0.5814285714285714 0.2419047619047619 0.10571428571428572 0.0761904761904762
0 0.6025 0.31047619047619046 0.12642857142857142 0.07047619047619047
0 0.6157142857142858 0.38333333333333336 0.14285714285714285 0.07714285714285714
0 0.6525 0.6309523809523809 0.1692857142857143 0.16666666666666666
