3 0.42625 0.6856666666666666 0.0785 0.11666666666666667
0 0.55875 0.57 0.0545 0.06533333333333333
3 0.734 0.5303333333333333 0.068 0.059333333333333335
0 0.81375 0.21766666666666667 0.0215 0.019333333333333334
3 0.8635 0.22666666666666666 0.018 0.024
0 0.86525 0.19966666666666666 0.0185 0.018
0 0.8805 0.20266666666666666 0.019 0.021333333333333333
0 0.8895 0.19066666666666668 0.017 0.021333333333333333
0 0.89525 0.175 0.0145 0.020666666666666667
0 0.839 0.16633333333333333 0.021 0.016666666666666666
3 0.83725 0.15533333333333332 0.0255 0.02
0 0.86925 0.14933333333333335 0.0155 0.018666666666666668
0 0.87325 0.13266666666666665 0.0165 0.013333333333333334
3 0.64625 0.05266666666666667 0.0115 0.012
1 0.39975 0.10766666666666666 0.0485 0.034
0 0.458 0.10166666666666667 0.016 0.011333333333333334
