0 0.6546428571428572 0.9752380952380952 0.05071428571428571 0.049523809523809526
0 0.5817857142857142 0.7123809523809523 0.04928571428571429 0.08952380952380952
0 0.06785714285714285 0.7076190476190476 0.08571428571428572 0.08952380952380952
0 0.23892857142857143 0.4066666666666667 0.055 0.047619047619047616
3 0.4010714285714286 0.5271428571428571 0.027857142857142858 0.06571428571428571
0 0.4425 0.5195238095238095 0.03357142857142857 0.07142857142857142
0 0.42607142857142855 0.44285714285714284 0.029285714285714286 0.06285714285714286
0 0.4075 0.3904761904761905 0.03214285714285714 0.05333333333333334
0 0.3917857142857143 0.2776190476190476 0.02214285714285714 0.04285714285714286
3 0.29285714285714287 0.33904761904761904 0.03 0.05142857142857143
0 0.29678571428571426 0.24857142857142858 0.04071428571428572 0.03428571428571429
0 0.2985714285714286 0.2219047619047619 0.03428571428571429 0.02666666666666667
3 0.2925 0.19857142857142857 0.035 0.029523809523809525
0 0.28714285714285714 0.12380952380952381 0.027142857142857142 0.024761904761904763
1 0.2985714285714286 0.07761904761904762 0.02142857142857143 0.05047619047619047
3 0.7903571428571429 0.48238095238095235 0.030714285714285715 0.05619047619047619
0 0.6875 0.38904761904761903 0.055 0.03333333333333333
0 0.6364285714285715 0.21476190476190476 0.04285714285714286 0.02761904761904762
0 0.6442857142857142 0.35523809523809524 0.04428571428571428 0.04
0 0.5528571428571428 0.37523809523809526 0.03428571428571429 0.04380952380952381
0 0.5357142857142857 0.32571428571428573 0.02857142857142857 0.04
0 0.5232142857142857 0.28095238095238095 0.025 0.0380952380952381
0 0.5107142857142857 0.24476190476190476 0.02142857142857143 0.03428571428571429
0 0.5521428571428572 0.2342857142857143 0.022857142857142857 0.0419047619047619
0 0.45607142857142857 0.19047619047619047 0.025 0.03238095238095238
0 0.4060714285714286 0.16047619047619047 0.02214285714285714 0.02761904761904762
0 0.4421428571428571 0.1419047619047619 0.022857142857142857 0.030476190476190476
2 0.5060714285714286 0.14904761904761904 0.07785714285714286 0.058095238095238096
0 0.4682142857142857 0.1380952380952381 0.023571428571428573 0.030476190476190476
3 0.49392857142857144 0.1180952380952381 0.019285714285714285 0.02857142857142857
0 0.42928571428571427 0.12095238095238095 0.02 0.02857142857142857
