0 0.5668058455114823 0.9466604823747681 0.0407098121085595 0.10482374768089053
3 0.5691544885177453 0.6470315398886828 0.0255741127348643 0.06215213358070501
0 0.3212421711899791 0.7012987012987013 0.05793319415448852 0.05380333951762523
0 0.3483820459290188 0.640074211502783 0.05375782881002088 0.05380333951762523
1 0.5801148225469729 0.4517625231910946 0.04123173277661795 0.1614100185528757
1 0.5592379958246346 0.28617810760667906 0.027661795407098122 0.08998144712430427
0 0.41805845511482254 0.37987012987012986 0.018789144050104383 0.041743970315398886
3 0.4428496868475992 0.32421150278293137 0.015135699373695199 0.023191094619666047
0 0.4705114822546973 0.16001855287569575 0.009916492693110648 0.021335807050092765
3 0.4992171189979123 0.07003710575139147 0.005741127348643006 0.012059369202226345
0 0.5036534446764092 0.039888682745825604 0.006263048016701462 0.00927643784786642
0 0.5315762004175365 0.0575139146567718 0.007828810020876827 0.011131725417439703
0 0.5461899791231732 0.05658627087198516 0.006784968684759917 0.011131725417439703
0 0.5461899791231732 0.040352504638218926 0.005741127348643006 0.01020408163265306
0 0.5472338204592901 0.02411873840445269 0.005741127348643006 0.00927643784786642
0 0.5451461377870563 0.015306122448979591 0.004697286012526096 0.008348794063079777
0 0.5480167014613778 0.007884972170686457 0.005219206680584551 0.01020408163265306
0 0.545929018789144 0.07328385899814471 0.008350730688935281 0.014842300556586271
0 0.5454070981210856 0.10899814471243043 0.008350730688935281 0.015769944341372914
1 0.5597599164926931 0.08302411873840446 0.007828810020876827 0.013914656771799629
0 0.56080375782881 0.1284786641929499 0.007828810020876827 0.015769944341372914
0 0.5701983298538622 0.10482374768089053 0.014091858037578288 0.012987012987012988
1 0.5472338204592901 0.16929499072356216 0.014091858037578288 0.03432282003710575
0 0.5467118997912317 0.2258812615955473 0.012004175365344467 0.01948051948051948
0 0.6137787056367432 0.04916512059369202 0.010438413361169102 0.00927643784786642
0 0.6051670146137788 0.040352504638218926 0.004697286012526096 0.008348794063079777
0 0.5996868475991649 0.021799628942486084 0.005219206680584551 0.01020408163265306
0 0.6041231732776617 0.019016697588126158 0.009916492693110648 0.012059369202226345
3 0.5733298538622129 0.012987012987012988 0.006784968684759917 0.011131725417439703
