0 0.4445 0.9553333333333334 0.079 0.068
0 0.48175 0.8083333333333333 0.0655 0.05266666666666667
0 0.2875 0.88 0.077 0.064
0 0.35425 0.7126666666666667 0.0595 0.044
0 0.5155 0.655 0.058 0.042
0 0.4005 0.6016666666666667 0.051 0.03933333333333333
0 0.41325 0.5683333333333334 0.0535 0.03933333333333333
0 0.53 0.5676666666666667 0.051 0.03666666666666667
0 0.5425 0.5186666666666667 0.048 0.03333333333333333
0 0.5695 0.44133333333333336 0.044 0.029333333333333333
0 0.5705 0.418 0.04 0.02666666666666667
0 0.497 0.3586666666666667 0.037 0.02266666666666667
0 0.58075 0.373 0.0385 0.027333333333333334
0 0.58925 0.3456666666666667 0.0345 0.026
0 0.51 0.3233333333333333 0.035 0.02266666666666667
0 0.48275 0.2906666666666667 0.0295 0.02266666666666667
0 0.47475 0.2786666666666667 0.0285 0.025333333333333333
3 0.45975 0.25233333333333335 0.0225 0.022
0 0.51675 0.225 0.0285 0.019333333333333334
1 0.51275 0.09533333333333334 0.0685 0.02266666666666667
1 0.814 0.96 0.044 0.08
1 0.8005 0.6983333333333334 0.056 0.142
0 0.8855 0.708 0.038 0.06933333333333333
0 0.90675 0.5656666666666667 0.0345 0.051333333333333335
0 0.776 0.5276666666666666 0.024 0.05266666666666667
0 0.86 0.379 0.026 0.03666666666666667
1 0.849 0.318 0.026 0.042666666666666665
0 0.78225 0.237 0.0165 0.024666666666666667
0 0.656 0.305 0.034 0.023333333333333334
0 0.68175 0.25466666666666665 0.0275 0.018666666666666668
0 0.7505 0.18266666666666667 0.012 0.018666666666666668
0 0.7515 0.215 0.013 0.020666666666666667
0 0.7535 0.23366666666666666 0.014 0.022
0 0.60425 0.10966666666666666 0.0195 0.015333333333333332
0 0.78475 0.158 0.0135 0.016
1 0.83 0.12133333333333333 0.02 0.014666666666666666
0 0.8615 0.11933333333333333 0.021 0.013333333333333334
0 0.9465 0.09833333333333333 0.019 0.014
0 0.90175 0.09433333333333334 0.0165 0.014
0 0.88075 0.09133333333333334 0.0175 0.012
1 0.85225 0.083 0.0135 0.023333333333333334
0 0.7565 0.06933333333333333 0.009 0.013333333333333334
0 0.767 0.07033333333333333 0.009 0.012666666666666666
0 0.78175 0.067 0.0095 0.011333333333333334
0 0.78425 0.046 0.0085 0.010666666666666666
0 0.763 0.06 0.01 0.010666666666666666
0 0.7425 0.044333333333333336 0.009 0.014
0 0.73925 0.020666666666666667 0.0085 0.010666666666666666
