3 0.55775 0.8066666666666666 0.1625 0.12
3 0.51025 0.719 0.1755 0.12333333333333334
3 0.63325 0.6493333333333333 0.0705 0.18533333333333332
3 0.4685 0.6226666666666667 0.182 0.124
3 0.559 0.5166666666666667 0.105 0.096
0 0.4425 0.44466666666666665 0.126 0.07333333333333333
3 0.66375 0.309 0.0595 0.08333333333333333
0 0.841 0.4816666666666667 0.132 0.07933333333333334
0 0.806 0.38266666666666665 0.119 0.072
3 0.5705 0.41333333333333333 0.091 0.12533333333333332
0 0.488 0.392 0.121 0.064
3 0.52675 0.3403333333333333 0.0915 0.07
