0 0.6946428571428571 0.6576190476190477 0.047857142857142855 0.11523809523809524
0 0.7839285714285714 0.4585714285714286 0.045 0.08666666666666667
0 0.8232142857142857 0.5895238095238096 0.052142857142857144 0.10857142857142857
0 0.63 0.3547619047619048 0.02857142857142857 0.08666666666666667
0 0.25357142857142856 0.2019047619047619 0.037142857142857144 0.0761904761904762
0 0.21071428571428572 0.4195238095238095 0.047142857142857146 0.10380952380952381
0 0.25035714285714283 0.768095238095238 0.05071428571428571 0.13238095238095238
2 0.30178571428571427 0.7185714285714285 0.09071428571428572 0.3476190476190476
0 0.875 0.4514285714285714 0.04428571428571428 0.07238095238095238
3 0.8292857142857143 0.31952380952380954 0.04285714285714286 0.08476190476190476
3 0.6975 0.08523809523809524 0.029285714285714286 0.06
3 0.7578571428571429 0.3404761904761905 0.04857142857142857 0.09047619047619047
3 0.5903571428571428 0.18761904761904763 0.030714285714285715 0.07428571428571429
3 0.6057142857142858 0.016666666666666666 0.025714285714285714 0.03333333333333333
0 0.9039285714285714 0.5552380952380952 0.07642857142857143 0.09333333333333334
0 0.8953571428571429 0.9471428571428572 0.06785714285714285 0.10380952380952381
0 0.19142857142857142 0.56 0.047142857142857146 0.11047619047619048
0 0.17142857142857143 0.6857142857142857 0.06142857142857143 0.12380952380952381
0 0.16857142857142857 0.14476190476190476 0.06428571428571428 0.04380952380952381
0 0.1742857142857143 0.11 0.06142857142857143 0.039047619047619046
0 0.19 0.07857142857142857 0.07 0.04285714285714286
3 0.11357142857142857 0.2780952380952381 0.07428571428571429 0.04380952380952381
0 0.03428571428571429 0.4580952380952381 0.06857142857142857 0.047619047619047616
0 0.15892857142857142 0.17285714285714285 0.06642857142857143 0.039047619047619046
0 0.2867857142857143 0.035238095238095235 0.03357142857142857 0.07047619047619047
3 0.20107142857142857 0.03142857142857143 0.062142857142857146 0.04380952380952381
3 0.7839285714285714 0.16047619047619047 0.03357142857142857 0.054285714285714284
0 0.9810714285714286 0.5323809523809524 0.03785714285714286 0.09904761904761905
0 0.9810714285714286 0.43523809523809526 0.03785714285714286 0.049523809523809526
0 0.9728571428571429 0.39571428571428574 0.054285714285714284 0.04666666666666667
0 0.9639285714285715 0.35285714285714287 0.07214285714285715 0.039047619047619046
0 0.9503571428571429 0.31333333333333335 0.08071428571428571 0.04380952380952381
0 0.91 0.19904761904761906 0.06285714285714286 0.04
0 0.9278571428571428 0.23 0.06285714285714286 0.040952380952380955
0 0.9389285714285714 0.2661904761904762 0.07785714285714286 0.039047619047619046
3 0.9017857142857143 0.16238095238095238 0.07214285714285715 0.04476190476190476
0 0.8910714285714286 0.13333333333333333 0.065 0.03619047619047619
0 0.8710714285714286 0.10523809523809524 0.05928571428571429 0.040952380952380955
0 0.8660714285714286 0.08095238095238096 0.06642857142857143 0.03619047619047619
0 0.8625 0.05380952380952381 0.060714285714285714 0.03142857142857143
0 0.8528571428571429 0.02761904761904762 0.05714285714285714 0.0380952380952381
0 0.8396428571428571 0.012380952380952381 0.060714285714285714 0.024761904761904763
