3 0.97475 0.906 0.0505 0.13066666666666665
0 0.72125 0.9463333333333334 0.0975 0.10733333333333334
0 0.63975 0.8303333333333334 0.0785 0.102
3 0.58825 0.729 0.0475 0.07933333333333334
0 0.49525 0.8543333333333333 0.0545 0.102
0 0.4705 0.7676666666666667 0.048 0.078
3 0.5525 0.679 0.045 0.056666666666666664
0 0.67 0.6156666666666667 0.066 0.035333333333333335
0 0.4475 0.691 0.038 0.05266666666666667
0 0.52125 0.6363333333333333 0.0385 0.043333333333333335
0 0.4295 0.64 0.03 0.048
0 0.49975 0.595 0.0325 0.034
0 0.47875 0.5646666666666667 0.0265 0.028
0 0.41625 0.5996666666666667 0.0265 0.03933333333333333
0 0.4075 0.5676666666666667 0.026 0.034
0 0.45775 0.5153333333333333 0.0235 0.028
0 0.44875 0.4746666666666667 0.0135 0.017333333333333333
3 0.39625 0.537 0.0195 0.03
3 0.391 0.5186666666666667 0.016 0.029333333333333333
0 0.38775 0.5046666666666667 0.0185 0.02666666666666667
0 0.383 0.491 0.024 0.022
0 0.42875 0.47733333333333333 0.0175 0.021333333333333333
0 0.422 0.465 0.016 0.016666666666666666
3 0.41575 0.44966666666666666 0.0135 0.022
0 0.3755 0.47733333333333333 0.016 0.021333333333333333
0 0.3715 0.46366666666666667 0.014 0.016666666666666666
0 0.368 0.45266666666666666 0.012 0.017333333333333333
0 0.40725 0.44333333333333336 0.0125 0.016
0 0.405 0.43566666666666665 0.012 0.014
0 0.40025 0.42766666666666664 0.0105 0.014
0 0.395 0.4216666666666667 0.011 0.012666666666666666
0 0.3785 0.42833333333333334 0.012 0.014
0 0.35925 0.42233333333333334 0.0105 0.012666666666666666
0 0.36975 0.4083333333333333 0.0095 0.01
0 0.35325 0.4033333333333333 0.0095 0.012
0 0.38925 0.41133333333333333 0.0115 0.010666666666666666
1 0.3855 0.404 0.015 0.014666666666666666
3 0.37975 0.394 0.0075 0.012
0 0.37625 0.3913333333333333 0.0075 0.009333333333333334
0 0.3745 0.38666666666666666 0.008 0.008
3 0.371 0.38033333333333336 0.007 0.011333333333333334
0 0.36825 0.376 0.0065 0.008
0 0.36575 0.373 0.0065 0.007333333333333333
0 0.36525 0.36966666666666664 0.0055 0.006
0 0.36325 0.367 0.0065 0.006
1 0.3505 0.3913333333333333 0.01 0.013333333333333334
0 0.3465 0.38233333333333336 0.007 0.007333333333333333
0 0.3525 0.367 0.006 0.007333333333333333
0 0.69725 0.443 0.0285 0.018
0 0.71425 0.45 0.0305 0.016
0 0.55875 0.395 0.0125 0.01
0 0.5595 0.36233333333333334 0.011 0.008666666666666666
1 0.25975 0.3406666666666667 0.0095 0.008
0 0.17775 0.351 0.0135 0.006
3 0.0055 0.41333333333333333 0.011 0.013333333333333334
0 0.074 0.3943333333333333 0.008 0.011333333333333334
0 0.05675 0.3953333333333333 0.0115 0.013333333333333334
3 0.1095 0.37766666666666665 0.016 0.008666666666666666
0 0.1005 0.377 0.012 0.006
0 0.09 0.377 0.015 0.007333333333333333
0 0.096 0.38866666666666666 0.018 0.008
0 0.096 0.38566666666666666 0.016 0.007333333333333333
0 0.08875 0.385 0.0165 0.008666666666666666
0 0.052 0.38033333333333336 0.015 0.007333333333333333
0 0.0595 0.38266666666666665 0.014 0.008
0 0.065 0.383 0.012 0.007333333333333333
3 0.07175 0.382 0.0145 0.009333333333333334
0 0.07625 0.384 0.0145 0.008
0 0.07975 0.38466666666666666 0.0125 0.006666666666666667
