1 0.030357142857142857 0.7766497461928934 0.060714285714285714 0.048223350253807105
0 0.14214285714285715 0.7848984771573604 0.03142857142857143 0.031725888324873094
0 0.6128571428571429 0.6586294416243654 0.03571428571428571 0.030456852791878174
0 0.6307142857142857 0.6135786802030457 0.037142857142857144 0.031725888324873094
0 0.7060714285714286 0.625 0.03785714285714286 0.02918781725888325
0 0.7842857142857143 0.6738578680203046 0.041428571428571426 0.030456852791878174
3 0.7192857142857143 0.6713197969543148 0.03857142857142857 0.027918781725888325
3 0.7610714285714286 0.6275380710659898 0.03357142857142857 0.0266497461928934
0 0.7853571428571429 0.7918781725888325 0.04214285714285714 0.04060913705583756
0 0.9242857142857143 0.9600253807106599 0.02142857142857143 0.07233502538071065
0 0.9492857142857143 0.9473350253807107 0.02 0.07487309644670051
2 0.9825 0.9111675126903553 0.029285714285714286 0.10406091370558376
