0 0.3517857142857143 0.9328571428571428 0.145 0.13428571428571429
0 0.1992857142857143 0.9119047619047619 0.17714285714285713 0.1761904761904762
0 0.14464285714285716 0.8266666666666667 0.17357142857142857 0.19047619047619047
0 0.5017857142857143 0.72 0.12071428571428572 0.15428571428571428
0 0.43 0.6542857142857142 0.11285714285714285 0.1180952380952381
0 0.3375 0.6323809523809524 0.115 0.11619047619047619
0 0.2092857142857143 0.39380952380952383 0.08857142857142856 0.07142857142857142
0 0.145 0.3976190476190476 0.08714285714285715 0.07142857142857142
0 0.25 0.33 0.08 0.06
0 0.3392857142857143 0.2842857142857143 0.06428571428571428 0.05238095238095238
3 0.4089285714285714 0.23857142857142857 0.055 0.058095238095238096
3 0.4589285714285714 0.20904761904761904 0.045 0.04476190476190476
0 0.5067857142857143 0.18142857142857144 0.04214285714285714 0.040952380952380955
0 0.03428571428571429 0.10523809523809524 0.05285714285714286 0.025714285714285714
0 0.06678571428571428 0.08952380952380952 0.045 0.02095238095238095
0 0.03857142857142857 0.04285714285714286 0.045714285714285714 0.02095238095238095
0 0.027857142857142858 0.0380952380952381 0.03571428571428571 0.02095238095238095
0 0.016428571428571428 0.03666666666666667 0.032857142857142856 0.021904761904761906
0 0.055 0.02857142857142857 0.041428571428571426 0.02095238095238095
0 0.015 0.015714285714285715 0.03 0.014285714285714285
0 0.012142857142857143 0.03428571428571429 0.024285714285714285 0.024761904761904763
2 0.1742857142857143 0.024285714285714285 0.054285714285714284 0.035238095238095235
0 0.10142857142857142 0.009047619047619047 0.025714285714285714 0.018095238095238095
0 0.085 0.007142857142857143 0.02142857142857143 0.014285714285714285
2 0.6303571428571428 0.2419047619047619 0.08642857142857142 0.10666666666666667
0 0.9439285714285715 0.26666666666666666 0.055 0.06666666666666667
3 0.5514285714285714 0.04 0.037142857142857144 0.022857142857142857
0 0.55 0.05476190476190476 0.03142857142857143 0.02
2 0.47785714285714287 0.054285714285714284 0.09142857142857143 0.05333333333333334
0 0.36357142857142855 0.04047619047619048 0.024285714285714285 0.01619047619047619
0 0.37785714285714284 0.029523809523809525 0.018571428571428572 0.015238095238095238
0 0.29928571428571427 0.029523809523809525 0.02142857142857143 0.017142857142857144
