3 0.6095 0.8613333333333333 0.104 0.10666666666666667
0 0.57175 0.7783333333333333 0.0945 0.062
0 0.51775 0.72 0.0775 0.08
0 0.6165 0.6516666666666666 0.065 0.05533333333333333
0 0.67125 0.6086666666666667 0.0525 0.04533333333333334
3 0.43175 0.87 0.0645 0.11333333333333333
0 0.625 0.5406666666666666 0.047 0.04133333333333333
3 0.64775 0.5276666666666666 0.0485 0.05
0 0.66975 0.5206666666666667 0.0505 0.036
0 0.344 0.625 0.046 0.058
3 0.26175 0.6563333333333333 0.0425 0.07
3 0.063 0.5783333333333334 0.028 0.056666666666666664
0 0.1095 0.464 0.05 0.02666666666666667
0 0.11525 0.453 0.0435 0.024666666666666667
0 0.073 0.48533333333333334 0.04 0.025333333333333333
0 0.10225 0.5333333333333333 0.0265 0.034666666666666665
0 0.09675 0.5056666666666667 0.0315 0.034
