3 0.29305845511482254 0.5584415584415584 0.10281837160751565 0.09090909090909091
3 0.29331941544885176 0.48330241187384043 0.08768267223382047 0.07977736549165121
0 0.3188935281837161 0.4174397031539889 0.08455114822546973 0.07421150278293136
3 0.4647703549060543 0.31586270871985156 0.07045929018789145 0.06957328385899815
0 0.467901878914405 0.38636363636363635 0.08402922755741127 0.08070500927643785
0 0.47520876826722336 0.4735621521335807 0.0861169102296451 0.075139146567718
0 0.48068893528183715 0.550556586270872 0.1022964509394572 0.08070500927643785
0 0.4535490605427975 0.6419294990723562 0.09707724425887265 0.08905380333951762
2 0.5626304801670147 0.8167903525046383 0.06263048016701461 0.3163265306122449
1 0.6406576200417536 0.865491651205937 0.06419624217118998 0.23562152133580705
0 0.7215553235908142 0.5598330241187384 0.0975991649269311 0.08998144712430427
0 0.7100730688935282 0.48794063079777367 0.08924843423799582 0.07421150278293136
0 0.7092901878914405 0.4137291280148423 0.09081419624217119 0.06679035250463822
1 0.7160751565762005 0.35064935064935066 0.10438413361169102 0.08534322820037106
0 0.8134133611691023 0.07142857142857142 0.06941544885177453 0.0575139146567718
