2 0.7821428571428571 0.8385714285714285 0.1357142857142857 0.14
2 0.7485714285714286 0.7695238095238095 0.12714285714285714 0.12761904761904763
2 0.7242857142857143 0.7142857142857143 0.10428571428571429 0.09904761904761905
2 0.7125 0.6747619047619048 0.09785714285714285 0.09047619047619047
2 0.7107142857142857 0.6423809523809524 0.09142857142857143 0.07523809523809524
2 0.715 0.6204761904761905 0.08714285714285715 0.07142857142857142
2 0.7171428571428572 0.6004761904761905 0.08285714285714285 0.07142857142857142
2 0.7107142857142857 0.5014285714285714 0.07142857142857142 0.054285714285714284
2 0.7028571428571428 0.4847619047619048 0.06714285714285714 0.049523809523809526
2 0.7010714285714286 0.4676190476190476 0.065 0.04380952380952381
2 0.6889285714285714 0.44666666666666666 0.056428571428571425 0.04
0 0.5475 0.3819047619047619 0.010714285714285714 0.013333333333333334
0 0.6967857142857142 0.2947619047619048 0.0064285714285714285 0.008571428571428572
0 0.7257142857142858 0.29714285714285715 0.005714285714285714 0.005714285714285714
0 0.7367857142857143 0.29619047619047617 0.005 0.007619047619047619
0 0.3939285714285714 0.6476190476190476 0.023571428571428573 0.0380952380952381
3 0.045 0.8138095238095238 0.04857142857142857 0.054285714285714284
0 0.1367857142857143 0.8690476190476191 0.055 0.04285714285714286
