0 0.45107142857142857 0.01 0.03642857142857143 0.02
0 0.49857142857142855 0.010952380952380953 0.037142857142857144 0.021904761904761906
3 0.3682142857142857 0.17095238095238094 0.04928571428571429 0.03333333333333333
0 0.45607142857142857 0.8742857142857143 0.07071428571428572 0.05142857142857143
0 0.45321428571428574 0.768095238095238 0.075 0.04666666666666667
0 0.44285714285714284 0.7223809523809523 0.054285714285714284 0.04476190476190476
0 0.46464285714285714 0.6161904761904762 0.056428571428571425 0.04
0 0.4757142857142857 0.5766666666666667 0.06714285714285714 0.035238095238095235
3 0.44857142857142857 0.530952380952381 0.05857142857142857 0.03333333333333333
3 0.42214285714285715 0.4757142857142857 0.027142857142857142 0.07904761904761905
3 0.3675 0.43476190476190474 0.02642857142857143 0.058095238095238096
0 0.4725 0.4785714285714286 0.062142857142857146 0.03333333333333333
0 0.48142857142857143 0.42333333333333334 0.054285714285714284 0.04285714285714286
3 0.4832142857142857 0.38285714285714284 0.060714285714285714 0.04
0 0.47285714285714286 0.3523809523809524 0.054285714285714284 0.0380952380952381
0 0.4767857142857143 0.31666666666666665 0.056428571428571425 0.037142857142857144
0 0.4742857142857143 0.29 0.055714285714285716 0.03333333333333333
0 0.4664285714285714 0.2342857142857143 0.05 0.030476190476190476
3 0.46535714285714286 0.2561904761904762 0.04214285714285714 0.03428571428571429
0 0.46214285714285713 0.20761904761904762 0.045714285714285714 0.03238095238095238
0 0.4725 0.12761904761904763 0.045 0.02857142857142857
3 0.4732142857142857 0.17809523809523808 0.03785714285714286 0.030476190476190476
3 0.4767857142857143 0.16 0.03785714285714286 0.030476190476190476
0 0.47035714285714286 0.08761904761904762 0.04214285714285714 0.02666666666666667
0 0.48642857142857143 0.04857142857142857 0.04 0.024761904761904763
0 0.5367857142857143 0.04857142857142857 0.04357142857142857 0.02666666666666667
0 0.5860714285714286 0.05380952380952381 0.03642857142857143 0.02761904761904762
0 0.6010714285714286 0.02238095238095238 0.03785714285714286 0.02761904761904762
0 0.645 0.03 0.037142857142857144 0.02761904761904762
0 0.6778571428571428 0.06761904761904762 0.037142857142857144 0.024761904761904763
1 0.6957142857142857 0.02857142857142857 0.05714285714285714 0.045714285714285714
0 0.9310714285714285 0.2538095238095238 0.03642857142857143 0.04666666666666667
1 0.9675 0.027142857142857142 0.055 0.035238095238095235
1 0.98 0.11047619047619048 0.04 0.03619047619047619
1 0.9835714285714285 0.13523809523809524 0.032857142857142856 0.0380952380952381
3 0.9782142857142857 0.09428571428571429 0.04214285714285714 0.02857142857142857
