0 0.02142857142857143 0.11619047619047619 0.04285714285714286 0.0380952380952381
3 0.05178571428571429 0.02 0.04071428571428572 0.04
3 0.07857142857142857 0.023333333333333334 0.04285714285714286 0.04476190476190476
3 0.09392857142857143 0.03857142857142857 0.039285714285714285 0.035238095238095235
3 0.13892857142857143 0.05047619047619047 0.03785714285714286 0.047619047619047616
0 0.06321428571428571 0.08285714285714285 0.047857142857142855 0.02666666666666667
0 0.2767857142857143 0.08047619047619048 0.03357142857142857 0.04476190476190476
0 0.31607142857142856 0.10285714285714286 0.029285714285714286 0.03428571428571429
0 0.30642857142857144 0.16952380952380952 0.04 0.05333333333333334
0 0.16071428571428573 0.30666666666666664 0.05857142857142857 0.06666666666666667
1 0.5128571428571429 0.02142857142857143 0.03571428571428571 0.04285714285714286
1 0.4 0.2219047619047619 0.05285714285714286 0.0761904761904762
0 0.5475 0.028095238095238097 0.020714285714285713 0.03142857142857143
1 0.7142857142857143 0.009523809523809525 0.05 0.01904761904761905
3 0.7085714285714285 0.06190476190476191 0.05 0.0380952380952381
1 0.6967857142857142 0.12380952380952381 0.06642857142857143 0.05142857142857143
1 0.6978571428571428 0.17809523809523808 0.07714285714285714 0.06666666666666667
1 0.6289285714285714 0.5495238095238095 0.11357142857142857 0.11428571428571428
3 0.6360714285714286 0.6328571428571429 0.09214285714285714 0.07714285714285714
1 0.605 0.7023809523809523 0.13 0.09428571428571429
0 0.5871428571428572 0.9647619047619047 0.11 0.07047619047619047
1 0.9121428571428571 0.9661904761904762 0.17142857142857143 0.06761904761904762
1 0.9042857142857142 0.8961904761904762 0.16857142857142857 0.10666666666666667
1 0.8907142857142857 0.7923809523809524 0.1457142857142857 0.11047619047619048
0 0.8439285714285715 0.5814285714285714 0.08785714285714286 0.06380952380952382
0 0.9342857142857143 0.5114285714285715 0.08285714285714285 0.05714285714285714
0 0.9757142857142858 0.7052380952380952 0.04857142857142857 0.058095238095238096
0 0.9614285714285714 0.6385714285714286 0.07714285714285714 0.05619047619047619
0 0.9403571428571429 0.37857142857142856 0.06928571428571428 0.04857142857142857
0 0.9378571428571428 0.3433333333333333 0.06 0.039047619047619046
0 0.9232142857142858 0.3161904761904762 0.07214285714285715 0.0419047619047619
0 0.9203571428571429 0.2723809523809524 0.06357142857142857 0.047619047619047616
3 0.8985714285714286 0.20904761904761904 0.05285714285714286 0.037142857142857144
0 0.9067857142857143 0.1761904761904762 0.05785714285714286 0.03238095238095238
0 0.8346428571428571 0.09047619047619047 0.023571428571428573 0.030476190476190476
0 0.9389285714285714 0.10095238095238095 0.025 0.030476190476190476
0 0.91 0.1442857142857143 0.05 0.02761904761904762
0 0.9021428571428571 0.12333333333333334 0.047142857142857146 0.023809523809523808
0 0.8932142857142857 0.1061904761904762 0.04642857142857143 0.023809523809523808
0 0.8889285714285714 0.09428571428571429 0.047857142857142855 0.02666666666666667
0 0.8753571428571428 0.0719047619047619 0.05071428571428571 0.023809523809523808
0 0.8767857142857143 0.062380952380952384 0.047857142857142855 0.02
0 0.8728571428571429 0.04857142857142857 0.03428571428571429 0.017142857142857144
0 0.8632142857142857 0.02238095238095238 0.04071428571428572 0.021904761904761906
0 0.8696428571428572 0.012857142857142857 0.03642857142857143 0.018095238095238095
0 0.8189285714285715 0.01 0.03642857142857143 0.02
0 0.8196428571428571 0.02142857142857143 0.039285714285714285 0.029523809523809525
0 0.98 0.04238095238095238 0.04 0.023809523809523808
0 0.9792857142857143 0.029047619047619048 0.041428571428571426 0.014285714285714285
0 0.965 0.018571428571428572 0.037142857142857144 0.01619047619047619
0 0.9860714285714286 0.0880952380952381 0.027857142857142858 0.01619047619047619
3 0.9878571428571429 0.10714285714285714 0.024285714285714285 0.03142857142857143
0 0.99 0.13 0.02 0.021904761904761906
