0 0.8010714285714285 0.766497461928934 0.04642857142857143 0.08121827411167512
0 0.8717857142857143 0.41624365482233505 0.03785714285714286 0.09644670050761421
0 0.8157142857142857 0.37055837563451777 0.03142857142857143 0.08375634517766498
0 0.7585714285714286 0.4600253807106599 0.04 0.10786802030456853
0 0.7282142857142857 0.4486040609137056 0.03642857142857143 0.0850253807106599
3 0.695 0.4397208121827411 0.03428571428571429 0.09517766497461928
0 0.6667857142857143 0.41878172588832485 0.039285714285714285 0.09137055837563451
2 0.6325 0.41878172588832485 0.04214285714285714 0.1116751269035533
0 0.6528571428571428 0.6218274111675127 0.032857142857142856 0.08375634517766498
0 0.4907142857142857 0.5114213197969543 0.032857142857142856 0.11928934010152284
0 0.5135714285714286 0.39086294416243655 0.06714285714285714 0.06598984771573604
0 0.5225 0.3026649746192893 0.06357142857142857 0.06218274111675127
0 0.45607142857142857 0.25761421319796957 0.035 0.050761421319796954
0 0.4589285714285714 0.6040609137055838 0.03642857142857143 0.09644670050761421
0 0.4417857142857143 0.4676395939086294 0.029285714285714286 0.09771573604060914
0 0.3939285714285714 0.6979695431472082 0.03357142857142857 0.1116751269035533
0 0.38142857142857145 0.5888324873096447 0.03428571428571429 0.10913705583756345
0 0.3675 0.4727157360406091 0.03214285714285714 0.09263959390862944
0 0.39785714285714285 0.24555837563451777 0.04 0.06725888324873096
0 0.3675 0.18527918781725888 0.03785714285714286 0.09390862944162437
0 0.3921428571428571 0.09263959390862944 0.04857142857142857 0.048223350253807105
3 0.3892857142857143 0.06281725888324872 0.05142857142857143 0.06218274111675127
0 0.38785714285714284 0.03553299492385787 0.05285714285714286 0.048223350253807105
0 0.3442857142857143 0.024111675126903553 0.022857142857142857 0.048223350253807105
0 0.32071428571428573 0.02284263959390863 0.022857142857142857 0.04568527918781726
1 0.29714285714285715 0.02982233502538071 0.03 0.05964467005076142
0 0.2082142857142857 0.12880710659898478 0.04214285714285714 0.05203045685279188
0 0.22392857142857142 0.10152284263959391 0.04214285714285714 0.06091370558375635
0 0.24 0.07868020304568528 0.047142857142857146 0.06345177664974619
0 0.2557142857142857 0.05710659898477157 0.04285714285714286 0.06091370558375635
