0 0.4265 0.9723333333333334 0.029 0.05533333333333333
0 0.431 0.8866666666666667 0.035 0.08666666666666667
0 0.42925 0.7933333333333333 0.0245 0.072
0 0.43075 0.715 0.0215 0.056666666666666664
0 0.43225 0.654 0.0195 0.044
0 0.5085 0.7426666666666667 0.022 0.056
0 0.51275 0.8266666666666667 0.0255 0.06933333333333333
0 0.5485 0.8313333333333334 0.023 0.06666666666666667
0 0.438 0.5936666666666667 0.018 0.042
3 0.506 0.6656666666666666 0.02 0.05266666666666667
0 0.46525 0.5413333333333333 0.0165 0.03866666666666667
0 0.49775 0.614 0.0185 0.048
0 0.497 0.57 0.017 0.04133333333333333
0 0.494 0.531 0.015 0.034
0 0.491 0.497 0.015 0.034
0 0.43975 0.48533333333333334 0.0145 0.032
0 0.44225 0.3953333333333333 0.0125 0.025333333333333333
0 0.4875 0.44066666666666665 0.014 0.024
3 0.4605 0.445 0.014 0.034
1 0.4855 0.4103333333333333 0.019 0.035333333333333335
3 0.4815 0.3616666666666667 0.01 0.023333333333333334
0 0.4805 0.345 0.011 0.018
0 0.48025 0.325 0.0095 0.018
1 0.445 0.3433333333333333 0.012 0.028
0 0.445 0.30033333333333334 0.01 0.015333333333333332
3 0.477 0.30233333333333334 0.01 0.019333333333333334
0 0.478 0.28933333333333333 0.009 0.013333333333333334
0 0.477 0.2783333333333333 0.009 0.012666666666666666
0 0.47475 0.265 0.0085 0.014
0 0.47525 0.25333333333333335 0.0075 0.013333333333333334
0 0.474 0.24133333333333334 0.008 0.010666666666666666
3 0.4475 0.247 0.008 0.016666666666666666
0 0.46075 0.22433333333333333 0.0085 0.011333333333333334
0 0.446 0.23566666666666666 0.014 0.011333333333333334
0 0.44275 0.22766666666666666 0.0175 0.011333333333333334
0 0.4475 0.221 0.007 0.011333333333333334
0 0.43825 0.22166666666666668 0.0075 0.011333333333333334
0 0.47825 0.214 0.0165 0.010666666666666666
3 0.517 0.21133333333333335 0.016 0.010666666666666666
0 0.473 0.20733333333333334 0.007 0.010666666666666666
1 0.4725 0.19666666666666666 0.006 0.013333333333333334
0 0.43925 0.20133333333333334 0.0065 0.009333333333333334
3 0.3905 0.17366666666666666 0.007 0.012666666666666666
0 0.42175 0.20066666666666666 0.0165 0.008
3 0.4235 0.19533333333333333 0.013 0.008
0 0.425 0.193 0.014 0.008666666666666666
0 0.424 0.18566666666666667 0.016 0.008666666666666666
0 0.45975 0.17433333333333334 0.0065 0.008666666666666666
0 0.448 0.19333333333333333 0.007 0.010666666666666666
0 0.44775 0.185 0.0055 0.007333333333333333
0 0.4485 0.17766666666666667 0.006 0.008666666666666666
0 0.44875 0.16833333333333333 0.0065 0.008666666666666666
0 0.4705 0.18333333333333332 0.007 0.009333333333333334
0 0.471 0.17566666666666667 0.007 0.01
0 0.47 0.16966666666666666 0.007 0.01
0 0.4695 0.16033333333333333 0.006 0.008666666666666666
3 0.4965 0.17933333333333334 0.013 0.009333333333333334
3 0.49625 0.17533333333333334 0.0115 0.009333333333333334
3 0.49225 0.171 0.0145 0.012666666666666666
1 0.444 0.14 0.013 0.014666666666666666
0 0.462 0.14466666666666667 0.01 0.006666666666666667
0 0.449 0.127 0.009 0.007333333333333333
0 0.44675 0.11566666666666667 0.0085 0.006
0 0.45225 0.11666666666666667 0.0095 0.006666666666666667
0 0.45825 0.11766666666666667 0.0095 0.007333333333333333
0 0.45975 0.13133333333333333 0.0085 0.008
0 0.4775 0.14866666666666667 0.01 0.008
0 0.48575 0.14933333333333335 0.0105 0.006666666666666667
3 0.4985 0.14533333333333334 0.009 0.008
0 0.4935 0.127 0.01 0.007333333333333333
3 0.49675 0.11933333333333333 0.0095 0.009333333333333334
0 0.37625 0.148 0.0125 0.008
0 0.3395 0.157 0.014 0.007333333333333333
3 0.34125 0.15166666666666667 0.0125 0.008666666666666666
1 0.36625 0.12166666666666667 0.0115 0.011333333333333334
0 0.387 0.14133333333333334 0.009 0.008
1 0.40075 0.14 0.0185 0.016
1 0.33775 0.13866666666666666 0.0485 0.017333333333333333
0 0.2485 0.14 0.01 0.006666666666666667
0 0.233 0.13366666666666666 0.009 0.006
0 0.23125 0.118 0.0115 0.006666666666666667
0 0.22025 0.109 0.0115 0.006
3 0.21425 0.111 0.0125 0.007333333333333333
0 0.20525 0.111 0.0105 0.006
3 0.1765 0.22633333333333333 0.018 0.012666666666666666
0 0.17125 0.22166666666666668 0.0175 0.01
0 0.15725 0.22066666666666668 0.0135 0.012
0 0.74325 0.439 0.0205 0.024666666666666667
0 0.746 0.2793333333333333 0.02 0.017333333333333333
0 0.0105 0.36866666666666664 0.021 0.02266666666666667
3 0.02375 0.3466666666666667 0.0275 0.021333333333333333
3 0.10025 0.28733333333333333 0.0175 0.021333333333333333
1 0.10425 0.2776666666666667 0.0205 0.016666666666666666
0 0.09725 0.25633333333333336 0.0125 0.018
0 0.09975 0.23666666666666666 0.0135 0.010666666666666666
3 0.0865 0.22333333333333333 0.012 0.012
0 0.083 0.21166666666666667 0.011 0.011333333333333334
0 0.07725 0.25633333333333336 0.0235 0.012666666666666666
0 0.07675 0.24766666666666667 0.0145 0.015333333333333332
0 0.0665 0.24166666666666667 0.019 0.015333333333333332
0 0.05975 0.23966666666666667 0.0115 0.012666666666666666
0 0.04875 0.22666666666666666 0.0235 0.010666666666666666
0 0.06025 0.21466666666666667 0.0185 0.008
0 0.075 0.202 0.015 0.008
0 0.064 0.19966666666666666 0.017 0.011333333333333334
0 0.05875 0.198 0.0155 0.009333333333333334
0 0.0575 0.193 0.017 0.01
0 0.05725 0.21166666666666667 0.0195 0.011333333333333334
0 0.05175 0.20966666666666667 0.0155 0.011333333333333334
0 0.15425 0.25833333333333336 0.0205 0.014
0 0.15 0.25166666666666665 0.025 0.014
0 0.148 0.248 0.021 0.012
0 0.1415 0.24633333333333332 0.02 0.012666666666666666
0 0.139 0.24266666666666667 0.02 0.010666666666666666
3 0.1345 0.23866666666666667 0.019 0.013333333333333334
0 0.12825 0.238 0.0175 0.012
0 0.12475 0.234 0.0205 0.012
0 0.1165 0.227 0.019 0.011333333333333334
3 0.115 0.222 0.019 0.013333333333333334
3 0.1105 0.219 0.017 0.011333333333333334
0 0.1115 0.19333333333333333 0.015 0.010666666666666666
0 0.10575 0.184 0.0145 0.010666666666666666
1 0.114 0.179 0.028 0.011333333333333334
0 0.095 0.19533333333333333 0.02 0.010666666666666666
0 0.09525 0.19166666666666668 0.0175 0.007333333333333333
3 0.0995 0.207 0.014 0.012666666666666666
0 0.103 0.21 0.019 0.012
0 0.11025 0.21333333333333335 0.0205 0.010666666666666666
0 0.1095 0.217 0.022 0.008666666666666666
