3 0.629 0.16866666666666666 0.043 0.06266666666666666
3 0.526 0.219 0.089 0.042
3 0.528 0.19466666666666665 0.072 0.050666666666666665
3 0.5515 0.17466666666666666 0.066 0.05733333333333333
3 0.56075 0.139 0.0705 0.058
0 0.57925 0.034666666666666665 0.0605 0.03866666666666667
3 0.4215 0.13466666666666666 0.067 0.05333333333333334
3 0.424 0.11633333333333333 0.066 0.054
3 0.44925 0.057 0.0395 0.046
0 0.50275 0.029 0.0345 0.038
0 0.52825 0.013 0.0295 0.026
3 0.39825 0.017666666666666667 0.0635 0.034
0 0.42725 0.01 0.0415 0.02
3 0.3545 0.217 0.083 0.066
3 0.34625 0.05366666666666667 0.0575 0.042
3 0.37525 0.10466666666666667 0.0515 0.04533333333333334
0 0.308 0.14533333333333334 0.043 0.048
3 0.25625 0.2843333333333333 0.1085 0.06466666666666666
3 0.023 0.255 0.046 0.06866666666666667
3 0.04 0.31766666666666665 0.08 0.08866666666666667
3 0.0665 0.46166666666666667 0.133 0.12066666666666667
0 0.29275 0.5993333333333334 0.1615 0.14133333333333334
0 0.259 0.511 0.039 0.054
