0 0.6510714285714285 0.9180952380952381 0.07071428571428572 0.14285714285714285
0 0.46535714285714286 0.5242857142857142 0.03214285714285714 0.07333333333333333
0 0.4546428571428571 0.43333333333333335 0.027857142857142858 0.047619047619047616
0 0.4546428571428571 0.3676190476190476 0.025 0.04
0 0.4496428571428571 0.31 0.017857142857142856 0.03142857142857143
0 0.5028571428571429 0.27904761904761904 0.018571428571428572 0.02666666666666667
0 0.4757142857142857 0.1961904761904762 0.014285714285714285 0.02095238095238095
0 0.48964285714285716 0.18571428571428572 0.012142857142857143 0.01904761904761905
0 0.4682142857142857 0.11476190476190476 0.009285714285714286 0.01619047619047619
0 0.5628571428571428 0.5323809523809524 0.03428571428571429 0.05714285714285714
0 0.5128571428571429 0.57 0.037142857142857144 0.06952380952380953
3 0.4664285714285714 0.6619047619047619 0.03428571428571429 0.10476190476190476
0 0.30714285714285716 0.19285714285714287 0.03 0.014285714285714285
0 0.31392857142857145 0.43142857142857144 0.027857142857142858 0.06095238095238095
0 0.3325 0.36142857142857143 0.025 0.039047619047619046
0 0.3489285714285714 0.2866666666666667 0.03214285714285714 0.049523809523809526
0 0.4521428571428571 0.28 0.017142857142857144 0.02666666666666667
0 0.45071428571428573 0.25761904761904764 0.014285714285714285 0.018095238095238095
0 0.44892857142857145 0.24142857142857144 0.013571428571428571 0.014285714285714285
0 0.45 0.2280952380952381 0.015714285714285715 0.02
0 0.44892857142857145 0.2119047619047619 0.013571428571428571 0.01619047619047619
0 0.44785714285714284 0.1980952380952381 0.014285714285714285 0.015238095238095238
0 0.4471428571428571 0.18761904761904763 0.012857142857142857 0.015238095238095238
0 0.44535714285714284 0.1757142857142857 0.013571428571428571 0.018095238095238095
0 0.585 0.2795238095238095 0.018571428571428572 0.018095238095238095
0 0.5639285714285714 0.23666666666666666 0.016428571428571428 0.018095238095238095
0 0.555 0.21476190476190476 0.012857142857142857 0.012380952380952381
0 0.5510714285714285 0.21047619047619048 0.015 0.013333333333333334
0 0.54 0.18047619047619048 0.014285714285714285 0.010476190476190476
0 0.5417857142857143 0.1880952380952381 0.010714285714285714 0.012380952380952381
0 0.5235714285714286 0.1580952380952381 0.022857142857142857 0.013333333333333334
0 0.52 0.13666666666666666 0.01 0.010476190476190476
0 0.5132142857142857 0.12142857142857143 0.013571428571428571 0.010476190476190476
0 0.515 0.1295238095238095 0.012857142857142857 0.009523809523809525
0 0.4667857142857143 0.08952380952380952 0.007857142857142858 0.011428571428571429
0 0.45571428571428574 0.09476190476190476 0.008571428571428572 0.006666666666666667
0 0.4667857142857143 0.0761904761904762 0.007857142857142858 0.007619047619047619
0 0.43964285714285717 0.05142857142857143 0.007857142857142858 0.007619047619047619
0 0.43857142857142856 0.03 0.005714285714285714 0.004761904761904762
0 0.43607142857142855 0.06523809523809523 0.007857142857142858 0.006666666666666667
0 0.4357142857142857 0.10809523809523809 0.01 0.012380952380952381
0 0.44535714285714284 0.12666666666666668 0.010714285714285714 0.011428571428571429
0 0.44571428571428573 0.13952380952380952 0.011428571428571429 0.008571428571428572
0 0.38785714285714284 0.14238095238095239 0.014285714285714285 0.01619047619047619
0 0.39714285714285713 0.11333333333333333 0.01 0.011428571428571429
0 0.39964285714285713 0.09285714285714286 0.009285714285714286 0.012380952380952381
0 0.4407142857142857 0.009047619047619047 0.005714285714285714 0.004761904761904762
0 0.5271428571428571 0.06857142857142857 0.007142857142857143 0.007619047619047619
0 0.5264285714285715 0.07666666666666666 0.007142857142857143 0.006666666666666667
0 0.5128571428571429 0.06428571428571428 0.007142857142857143 0.006666666666666667
0 0.5157142857142857 0.07 0.007142857142857143 0.006666666666666667
0 0.5085714285714286 0.05238095238095238 0.004285714285714286 0.005714285714285714
0 0.5117857142857143 0.04428571428571428 0.0064285714285714285 0.006666666666666667
0 0.5385714285714286 0.10333333333333333 0.008571428571428572 0.006666666666666667
0 0.5257142857142857 0.08333333333333333 0.007142857142857143 0.006666666666666667
0 0.5414285714285715 0.1138095238095238 0.007142857142857143 0.006666666666666667
0 0.5435714285714286 0.11952380952380952 0.008571428571428572 0.006666666666666667
0 0.4882142857142857 0.06952380952380953 0.0064285714285714285 0.009523809523809525
0 0.4785714285714286 0.05238095238095238 0.005714285714285714 0.005714285714285714
0 0.48392857142857143 0.06095238095238095 0.007857142857142858 0.007619047619047619
0 0.4925 0.07761904761904762 0.0064285714285714285 0.004761904761904762
0 0.4957142857142857 0.08285714285714285 0.007142857142857143 0.005714285714285714
0 0.5864285714285714 0.15285714285714286 0.011428571428571429 0.012380952380952381
