0 0.64775 0.7646666666666667 0.0825 0.06533333333333333
0 0.7465 0.7206666666666667 0.044 0.07866666666666666
1 0.51325 0.7273333333333334 0.0905 0.092
0 0.80525 0.6883333333333334 0.0665 0.05266666666666667
0 0.8265 0.6303333333333333 0.067 0.04466666666666667
0 0.84525 0.6116666666666667 0.0675 0.04466666666666667
0 0.41925 0.5446666666666666 0.0605 0.036
0 0.44025 0.5576666666666666 0.0625 0.04066666666666666
0 0.46225 0.5693333333333334 0.0645 0.042666666666666665
0 0.49675 0.582 0.0515 0.04666666666666667
0 0.5175 0.6043333333333333 0.048 0.046
0 0.54175 0.6223333333333333 0.0435 0.046
0 0.5735 0.6366666666666667 0.055 0.050666666666666665
0 0.62575 0.6733333333333333 0.0465 0.06533333333333333
0 0.66075 0.691 0.0565 0.06466666666666666
0 0.69 0.709 0.043 0.059333333333333335
0 0.88725 0.5633333333333334 0.0565 0.03866666666666667
0 0.90325 0.545 0.0635 0.042
0 0.914 0.529 0.051 0.034
0 0.9205 0.5086666666666667 0.053 0.03333333333333333
0 0.92875 0.493 0.0565 0.03266666666666666
0 0.902 0.3933333333333333 0.044 0.03333333333333333
0 0.86175 0.713 0.0415 0.054
0 0.8905 0.6626666666666666 0.043 0.048
0 0.91575 0.622 0.0395 0.044
0 0.94075 0.5843333333333334 0.0375 0.042
0 0.958 0.5453333333333333 0.031 0.04
0 0.974 0.5136666666666667 0.032 0.035333333333333335
0 0.98625 0.48533333333333334 0.0275 0.037333333333333336
0 0.98525 0.6196666666666667 0.0295 0.04733333333333333
