0 0.44571428571428573 0.7309644670050761 0.01 0.03553299492385787
0 0.435 0.649746192893401 0.011428571428571429 0.04060913705583756
0 0.45035714285714284 0.5926395939086294 0.009285714285714286 0.04060913705583756
1 0.44571428571428573 0.36738578680203043 0.015714285714285715 0.06979695431472081
1 0.4625 0.34581218274111675 0.015 0.06979695431472081
0 0.485 0.3286802030456853 0.01 0.03553299492385787
0 0.5228571428571429 0.21573604060913706 0.017142857142857144 0.027918781725888325
0 0.48928571428571427 0.13959390862944163 0.01 0.04060913705583756
0 0.5039285714285714 0.14022842639593908 0.009285714285714286 0.03934010152284264
0 0.5053571428571428 0.07614213197969544 0.009285714285714286 0.03807106598984772
0 0.48964285714285716 0.046954314720812185 0.009285714285714286 0.03553299492385787
0 0.6039285714285715 0.2893401015228426 0.023571428571428573 0.017766497461928935
0 0.6507142857142857 0.3236040609137056 0.017142857142857144 0.02284263959390863
0 0.6932142857142857 0.5120558375634517 0.010714285714285714 0.03934010152284264
0 0.6925 0.6700507614213198 0.010714285714285714 0.04060913705583756
0 0.6907142857142857 0.7151015228426396 0.011428571428571429 0.04187817258883249
0 0.6896428571428571 0.8045685279187818 0.010714285714285714 0.04314720812182741
0 0.6896428571428571 0.8642131979695431 0.010714285714285714 0.04568527918781726
0 0.6882142857142857 0.9581218274111675 0.012142857142857143 0.04568527918781726
2 0.40535714285714286 0.8921319796954315 0.019285714285714285 0.10913705583756345
3 0.19285714285714287 0.2620558375634518 0.03142857142857143 0.024111675126903553
0 0.23214285714285715 0.31281725888324874 0.02 0.01903553299492386
0 0.8053571428571429 0.3864213197969543 0.02642857142857143 0.03426395939086294
2 0.6575 0.7303299492385786 0.015 0.10279187817258884
2 0.655 0.8946700507614214 0.012857142857142857 0.1065989847715736
