0 0.7278571428571429 0.3438095238095238 0.027142857142857142 0.030476190476190476
0 0.6817857142857143 0.3157142857142857 0.019285714285714285 0.023809523809523808
0 0.68 0.2995238095238095 0.04 0.021904761904761906
0 0.7314285714285714 0.30095238095238097 0.03 0.022857142857142857
0 0.63 0.30857142857142855 0.024285714285714285 0.02666666666666667
0 0.7057142857142857 0.3157142857142857 0.024285714285714285 0.029523809523809525
3 0.6617857142857143 0.3295238095238095 0.047857142857142855 0.03428571428571429
0 0.6060714285714286 0.32666666666666666 0.056428571428571425 0.02666666666666667
0 0.5685714285714286 0.2938095238095238 0.041428571428571426 0.023809523809523808
0 0.5285714285714286 0.3 0.024285714285714285 0.030476190476190476
0 0.5192857142857142 0.32047619047619047 0.03 0.023809523809523808
