0 0.0625 0.5666243654822335 0.02642857142857143 0.04187817258883249
0 0.2282142857142857 0.5304568527918782 0.04071428571428572 0.02030456852791878
0 0.09357142857142857 0.7690355329949239 0.04 0.048223350253807105
0 0.14285714285714285 0.9460659898477157 0.045714285714285714 0.05456852791878172
0 0.4467857142857143 0.8756345177664975 0.03214285714285714 0.0583756345177665
3 0.49714285714285716 0.9568527918781726 0.03 0.06091370558375635
0 0.8082142857142857 0.5977157360406091 0.02214285714285714 0.03807106598984772
0 0.9578571428571429 0.383248730964467 0.017142857142857144 0.027918781725888325
1 0.855 0.4815989847715736 0.032857142857142856 0.05203045685279188
1 0.8753571428571428 0.35913705583756345 0.025 0.04060913705583756
0 0.9689285714285715 0.24111675126903553 0.016428571428571428 0.02030456852791878
0 0.9307142857142857 0.24048223350253808 0.012857142857142857 0.01649746192893401
3 0.9378571428571428 0.258248730964467 0.017142857142857144 0.024111675126903553
3 0.9253571428571429 0.28426395939086296 0.015 0.02284263959390863
0 0.9089285714285714 0.27220812182741116 0.016428571428571428 0.021573604060913704
2 0.8775 0.2918781725888325 0.056428571428571425 0.06345177664974619
3 0.8407142857142857 0.37055837563451777 0.018571428571428572 0.02284263959390863
0 0.8157142857142857 0.24809644670050762 0.018571428571428572 0.01903553299492386
2 0.7521428571428571 0.3464467005076142 0.05142857142857143 0.07360406091370558
2 0.6310714285714286 0.45114213197969544 0.05785714285714286 0.0850253807106599
3 0.5635714285714286 0.3813451776649746 0.024285714285714285 0.0266497461928934
0 0.49464285714285716 0.42258883248730966 0.025 0.02284263959390863
0 0.4064285714285714 0.4739847715736041 0.02857142857142857 0.02918781725888325
