3 0.2075 0.10532994923857868 0.016428571428571428 0.025380710659898477
0 0.21964285714285714 0.13261421319796954 0.013571428571428571 0.031725888324873094
0 0.2332142857142857 0.217005076142132 0.013571428571428571 0.030456852791878174
3 0.23285714285714285 0.2626903553299492 0.014285714285714285 0.030456852791878174
0 0.5317857142857143 0.024111675126903553 0.010714285714285714 0.017766497461928935
1 0.5203571428571429 0.05964467005076142 0.016428571428571428 0.04314720812182741
0 0.49142857142857144 0.16053299492385786 0.011428571428571429 0.0266497461928934
0 0.45071428571428573 0.17956852791878172 0.011428571428571429 0.0266497461928934
3 0.5696428571428571 0.06789340101522842 0.012142857142857143 0.02918781725888325
0 0.6610714285714285 0.18908629441624367 0.012142857142857143 0.030456852791878174
0 0.6078571428571429 0.0799492385786802 0.011428571428571429 0.027918781725888325
0 0.6335714285714286 0.07360406091370558 0.011428571428571429 0.025380710659898477
0 0.5392857142857143 0.27411167512690354 0.014285714285714285 0.03553299492385787
3 0.5703571428571429 0.26586294416243655 0.013571428571428571 0.046954314720812185
0 0.7121428571428572 0.01967005076142132 0.01 0.021573604060913704
3 0.7053571428571429 0.05139593908629442 0.010714285714285714 0.024111675126903553
0 0.7021428571428572 0.08375634517766498 0.011428571428571429 0.025380710659898477
2 0.6878571428571428 0.16243654822335024 0.025714285714285714 0.09898477157360407
2 0.8767857142857143 0.01649746192893401 0.013571428571428571 0.03299492385786802
0 0.9278571428571428 0.14022842639593908 0.018571428571428572 0.02918781725888325
0 0.7367857142857143 0.9663705583756346 0.03785714285714286 0.05203045685279188
2 0.9817857142857143 0.35406091370558374 0.03642857142857143 0.116751269035533
3 0.7439285714285714 0.8800761421319797 0.047857142857142855 0.04949238578680203
0 0.7385714285714285 0.8401015228426396 0.045714285714285714 0.04568527918781726
0 0.7357142857142858 0.8013959390862944 0.045714285714285714 0.04187817258883249
1 0.8292857142857143 0.6357868020304569 0.032857142857142856 0.13959390862944163
1 0.8275 0.5031725888324873 0.03214285714285714 0.1281725888324873
3 0.7525 0.6427664974619289 0.03642857142857143 0.06218274111675127
3 0.7542857142857143 0.565989847715736 0.03428571428571429 0.050761421319796954
3 0.755 0.524746192893401 0.03571428571428571 0.05710659898477157
3 0.7557142857142857 0.45875634517766495 0.03428571428571429 0.046954314720812185
3 0.7525 0.4873096446700508 0.03357142857142857 0.048223350253807105
0 0.7510714285714286 0.600253807106599 0.035 0.0532994923857868
0 0.8414285714285714 0.3546954314720812 0.018571428571428572 0.031725888324873094
0 0.8114285714285714 0.38071065989847713 0.015714285714285715 0.03553299492385787
3 0.7678571428571429 0.3565989847715736 0.018571428571428572 0.04314720812182741
3 0.7878571428571428 0.36738578680203043 0.015714285714285715 0.03426395939086294
1 0.7857142857142857 0.22906091370558376 0.017142857142857144 0.046954314720812185
0 0.7575 0.22461928934010153 0.013571428571428571 0.030456852791878174
0 0.5064285714285715 0.3489847715736041 0.014285714285714285 0.03807106598984772
3 0.575 0.36928934010152287 0.015714285714285715 0.04568527918781726
3 0.5982142857142857 0.3946700507614213 0.016428571428571428 0.05583756345177665
3 0.6014285714285714 0.5152284263959391 0.017142857142857144 0.05583756345177665
3 0.6257142857142857 0.47017766497461927 0.015714285714285715 0.05964467005076142
1 0.6639285714285714 0.35088832487309646 0.025 0.07741116751269035
2 0.6585714285714286 0.45685279187817257 0.03428571428571429 0.15228426395939088
3 0.6053571428571428 0.6205583756345178 0.017857142857142856 0.06852791878172589
0 0.6517857142857143 0.5767766497461929 0.016428571428571428 0.05710659898477157
0 0.6360714285714286 0.625 0.016428571428571428 0.06218274111675127
3 0.6517857142857143 0.725253807106599 0.02214285714285714 0.06725888324873096
0 0.5928571428571429 0.7106598984771574 0.02 0.05583756345177665
0 0.5339285714285714 0.7176395939086294 0.019285714285714285 0.06979695431472081
3 0.6478571428571429 0.8381979695431472 0.022857142857142857 0.08248730964467005
0 0.6114285714285714 0.8654822335025381 0.02142857142857143 0.08375634517766498
2 0.6614285714285715 0.9543147208121827 0.03571428571428571 0.08883248730964467
