3 0.04325 0.5006666666666667 0.0535 0.037333333333333336
3 0.084 0.47633333333333333 0.046 0.038
3 0.10475 0.4846666666666667 0.0435 0.034666666666666665
3 0.11775 0.46 0.0355 0.02666666666666667
3 0.115 0.496 0.04 0.04133333333333333
1 0.08325 0.5133333333333333 0.0515 0.036
0 0.08075 0.705 0.0945 0.06733333333333333
0 0.145 0.6426666666666667 0.084 0.06266666666666666
0 0.2365 0.5793333333333334 0.049 0.052
0 0.13325 0.8016666666666666 0.0215 0.05266666666666667
3 0.438 0.6666666666666666 0.075 0.07466666666666667
3 0.4865 0.634 0.069 0.058666666666666666
0 0.921 0.6063333333333333 0.086 0.04733333333333333
3 0.822 0.5866666666666667 0.082 0.052
3 0.50825 0.4003333333333333 0.0315 0.027333333333333334
3 0.537 0.38466666666666666 0.025 0.024
1 0.538 0.354 0.025 0.025333333333333333
