2 0.6565762004175365 0.8038033395176253 0.11586638830897704 0.24025974025974026
2 0.5117432150313153 0.949443413729128 0.10177453027139875 0.09925788497217068
0 0.4431106471816284 0.7555658627087198 0.05741127348643006 0.07699443413729128
0 0.5615866388308977 0.609925788497217 0.0407098121085595 0.0640074211502783
3 0.5010438413361169 0.6781076066790352 0.03966597077244259 0.07421150278293136
2 0.8924843423799582 0.29916512059369205 0.038622129436325675 0.06586270871985157
3 0.8144572025052192 0.31910946196660483 0.016179540709812108 0.03710575139146568
0 0.8348121085594989 0.2532467532467532 0.02139874739039666 0.02040816326530612
0 0.8327244258872651 0.25185528756957326 0.02348643006263048 0.02504638218923933
0 0.8460334029227558 0.237012987012987 0.020876826722338204 0.01948051948051948
0 0.8718684759916493 0.20037105751391465 0.024530271398747392 0.03153988868274583
0 0.8875260960334029 0.2230983302411874 0.015135699373695199 0.01948051948051948
