3 0.032857142857142856 0.40190476190476193 0.06571428571428571 0.13333333333333333
0 0.2325 0.3761904761904762 0.07642857142857143 0.08952380952380952
0 0.23714285714285716 0.11095238095238096 0.054285714285714284 0.054285714285714284
0 0.34714285714285714 0.21428571428571427 0.045714285714285714 0.05523809523809524
0 0.8567857142857143 0.25047619047619046 0.065 0.06857142857142857
0 0.9082142857142858 0.27476190476190476 0.05928571428571429 0.07714285714285714
3 0.06928571428571428 0.7257142857142858 0.13857142857142857 0.22857142857142856
3 0.4928571428571429 0.24904761904761905 0.04857142857142857 0.07142857142857142
3 0.7560714285714286 0.1376190476190476 0.05357142857142857 0.04666666666666667
3 0.7782142857142857 0.12380952380952381 0.04357142857142857 0.04
3 0.6339285714285714 0.08190476190476191 0.045 0.05333333333333334
0 0.5514285714285714 0.2138095238095238 0.07 0.06380952380952382
0 0.525 0.19238095238095237 0.06714285714285714 0.05142857142857143
0 0.49464285714285716 0.17047619047619048 0.07071428571428572 0.047619047619047616
0 0.4942857142857143 0.1438095238095238 0.06571428571428571 0.045714285714285714
0 0.4446428571428571 0.14238095238095239 0.05928571428571429 0.04857142857142857
0 0.42142857142857143 0.12047619047619047 0.06 0.037142857142857144
0 0.4025 0.1061904761904762 0.05928571428571429 0.04476190476190476
0 0.3792857142857143 0.08952380952380952 0.05857142857142857 0.0419047619047619
0 0.36142857142857143 0.07809523809523809 0.054285714285714284 0.0380952380952381
0 0.3435714285714286 0.06666666666666667 0.041428571428571426 0.04
0 0.5675 0.12095238095238095 0.056428571428571425 0.05142857142857143
0 0.6728571428571428 0.11666666666666667 0.054285714285714284 0.04857142857142857
0 0.6389285714285714 0.22047619047619046 0.07214285714285715 0.05238095238095238
0 0.6671428571428571 0.20285714285714285 0.06428571428571428 0.05142857142857143
0 0.685 0.1838095238095238 0.07142857142857142 0.06095238095238095
0 0.7153571428571428 0.16857142857142857 0.06642857142857143 0.047619047619047616
0 0.7307142857142858 0.15428571428571428 0.06428571428571428 0.049523809523809526
0 0.7885714285714286 0.11428571428571428 0.054285714285714284 0.04
0 0.7839285714285714 0.1 0.06642857142857143 0.0380952380952381
0 0.8185714285714286 0.09571428571428571 0.05714285714285714 0.035238095238095235
0 0.8360714285714286 0.08476190476190476 0.056428571428571425 0.0419047619047619
3 0.9175 0.029047619047619048 0.05071428571428571 0.029523809523809525
3 0.8953571428571429 0.04476190476190476 0.03642857142857143 0.03428571428571429
0 0.8717857142857143 0.060476190476190475 0.045 0.04666666666666667
0 0.7764285714285715 0.02095238095238095 0.05 0.0380952380952381
0 0.7496428571428572 0.02238095238095238 0.047857142857142855 0.04285714285714286
3 0.7310714285714286 0.023809523809523808 0.04642857142857143 0.047619047619047616
2 0.6892857142857143 0.03380952380952381 0.08428571428571428 0.06761904761904762
0 0.6778571428571428 0.05285714285714286 0.05142857142857143 0.04666666666666667
0 0.6739285714285714 0.07285714285714286 0.04642857142857143 0.04857142857142857
0 0.6564285714285715 0.06857142857142857 0.05 0.047619047619047616
3 0.6053571428571428 0.04904761904761905 0.052142857142857144 0.05047619047619047
0 0.5885714285714285 0.10857142857142857 0.05714285714285714 0.05333333333333334
0 0.6128571428571429 0.09904761904761905 0.05857142857142857 0.05142857142857143
