1 0.5639285714285714 0.8561904761904762 0.10928571428571429 0.13904761904761906
1 0.3167857142857143 0.9566666666666667 0.105 0.08666666666666667
1 0.4035714285714286 0.550952380952381 0.07857142857142857 0.1
3 0.3603571428571429 0.5085714285714286 0.07642857142857143 0.0838095238095238
0 0.3221428571428571 0.48 0.07285714285714286 0.08
0 0.105 0.4342857142857143 0.032857142857142856 0.0761904761904762
0 0.2864285714285714 0.4319047619047619 0.07714285714285714 0.06952380952380953
0 0.2557142857142857 0.4057142857142857 0.07142857142857142 0.07428571428571429
0 0.24428571428571427 0.3657142857142857 0.07285714285714286 0.06285714285714286
0 0.26607142857142857 0.2680952380952381 0.07071428571428572 0.06761904761904762
0 0.21785714285714286 0.21619047619047618 0.06714285714285714 0.05523809523809524
0 0.22535714285714287 0.05761904761904762 0.029285714285714286 0.05047619047619047
0 0.013214285714285715 0.09857142857142857 0.02642857142857143 0.037142857142857144
0 0.031785714285714285 0.055714285714285716 0.04928571428571429 0.039047619047619046
0 0.74 0.38333333333333336 0.06285714285714286 0.06761904761904762
0 0.8589285714285714 0.2695238095238095 0.05928571428571429 0.05714285714285714
0 0.9125 0.22666666666666666 0.055 0.05714285714285714
3 0.9721428571428572 0.17238095238095238 0.055714285714285716 0.06095238095238095
