0 0.20035714285714284 0.23333333333333334 0.09357142857142857 0.05904761904761905
0 0.29285714285714287 0.6519047619047619 0.045714285714285714 0.12476190476190477
0 0.27964285714285714 0.8214285714285714 0.04928571428571429 0.1380952380952381
0 0.265 0.9638095238095238 0.05285714285714286 0.07238095238095238
3 0.29928571428571427 0.51 0.04285714285714286 0.09619047619047619
0 0.31535714285714284 0.37285714285714283 0.047857142857142855 0.11714285714285715
3 0.41 0.5838095238095238 0.05285714285714286 0.13714285714285715
0 0.9457142857142857 0.6742857142857143 0.06428571428571428 0.12761904761904763
0 0.8021428571428572 0.25761904761904764 0.041428571428571426 0.0980952380952381
3 0.8153571428571429 0.024761904761904763 0.07071428571428572 0.049523809523809526
0 0.6296428571428572 0.9457142857142857 0.04928571428571429 0.10857142857142857
1 0.6975 0.7119047619047619 0.047857142857142855 0.15904761904761905
