0 0.06357142857142857 0.4261904761904762 0.08571428571428572 0.054285714285714284
0 0.17857142857142858 0.4795238095238095 0.08714285714285715 0.04666666666666667
0 0.23 0.4266666666666667 0.07714285714285714 0.0419047619047619
0 0.3539285714285714 0.45476190476190476 0.08357142857142857 0.054285714285714284
0 0.35678571428571426 0.4 0.07357142857142857 0.049523809523809526
0 0.4767857142857143 0.55 0.08357142857142857 0.054285714285714284
0 0.5160714285714286 0.34095238095238095 0.056428571428571425 0.05333333333333334
0 0.5675 0.25523809523809526 0.030714285714285715 0.047619047619047616
0 0.4417857142857143 0.2695238095238095 0.029285714285714286 0.05142857142857143
0 0.4160714285714286 0.24476190476190476 0.027857142857142858 0.047619047619047616
0 0.42678571428571427 0.19666666666666666 0.023571428571428573 0.04476190476190476
0 0.4567857142857143 0.20761904761904762 0.023571428571428573 0.047619047619047616
0 0.4903571428571429 0.19714285714285715 0.020714285714285713 0.04
0 0.5375 0.18476190476190477 0.020714285714285713 0.04380952380952381
0 0.5614285714285714 0.11761904761904762 0.017142857142857144 0.03142857142857143
0 0.7282142857142857 0.5761904761904761 0.09357142857142857 0.05523809523809524
0 0.41714285714285715 0.9238095238095239 0.05714285714285714 0.14095238095238094
0 0.495 0.9271428571428572 0.055714285714285716 0.1438095238095238
0 0.5603571428571429 0.9561904761904761 0.05071428571428571 0.08761904761904762
0 0.6457142857142857 0.9638095238095238 0.05714285714285714 0.07238095238095238
0 0.8703571428571428 0.5866666666666667 0.09642857142857143 0.049523809523809526
0 0.8753571428571428 0.43761904761904763 0.06928571428571428 0.040952380952380955
0 0.9478571428571428 0.4919047619047619 0.08142857142857143 0.04285714285714286
0 0.9267857142857143 0.5395238095238095 0.08642857142857142 0.04857142857142857
0 0.9728571428571429 0.4461904761904762 0.054285714285714284 0.039047619047619046
1 0.45607142857142857 0.32761904761904764 0.08214285714285714 0.06857142857142857
