0 0.79 0.8576190476190476 0.05714285714285714 0.08857142857142856
0 0.7632142857142857 0.829047619047619 0.05928571428571429 0.08476190476190476
0 0.7739285714285714 0.5757142857142857 0.07071428571428572 0.06761904761904762
0 0.685 0.3995238095238095 0.06 0.05619047619047619
1 0.6321428571428571 0.4519047619047619 0.12428571428571429 0.10952380952380952
3 0.5025 0.2895238095238095 0.03785714285714286 0.06095238095238095
0 0.5192857142857142 0.24523809523809523 0.045714285714285714 0.06571428571428571
0 0.4282142857142857 0.23714285714285716 0.03785714285714286 0.06666666666666667
0 0.45714285714285713 0.12047619047619047 0.03857142857142857 0.06571428571428571
0 0.4225 0.030476190476190476 0.03642857142857143 0.06095238095238095
3 0.5 0.8895238095238095 0.05714285714285714 0.08952380952380952
0 0.42642857142857143 0.9057142857142857 0.07571428571428572 0.08952380952380952
3 0.155 0.5738095238095238 0.03857142857142857 0.07333333333333333
0 0.2825 0.4195238095238095 0.04214285714285714 0.07904761904761905
3 0.11821428571428572 0.4642857142857143 0.03642857142857143 0.07523809523809524
0 0.10321428571428572 0.39714285714285713 0.03785714285714286 0.06666666666666667
3 0.08035714285714286 0.33 0.03642857142857143 0.07333333333333333
3 0.04357142857142857 0.1661904761904762 0.041428571428571426 0.08285714285714285
3 0.030714285714285715 0.0919047619047619 0.03571428571428571 0.07142857142857142
0 0.022857142857142857 0.03238095238095238 0.02857142857142857 0.05523809523809524
