0 0.027857142857142858 0.839047619047619 0.055714285714285716 0.06666666666666667
0 0.055714285714285716 0.7152380952380952 0.07285714285714286 0.04
0 0.18892857142857142 0.6671428571428571 0.047857142857142855 0.035238095238095235
0 0.12035714285714286 0.6919047619047619 0.060714285714285714 0.03333333333333333
1 0.24464285714285713 0.6376190476190476 0.04642857142857143 0.04285714285714286
0 0.095 0.550952380952381 0.03 0.012380952380952381
0 0.2689285714285714 0.5657142857142857 0.019285714285714285 0.011428571428571429
0 0.3317857142857143 0.5685714285714286 0.020714285714285713 0.011428571428571429
0 0.35428571428571426 0.5704761904761905 0.02 0.009523809523809525
0 0.38535714285714284 0.5642857142857143 0.010714285714285714 0.006666666666666667
0 0.39571428571428574 0.5647619047619048 0.01 0.007619047619047619
0 0.2857142857142857 0.6309523809523809 0.032857142857142856 0.025714285714285714
0 0.3192857142857143 0.6185714285714285 0.03 0.021904761904761906
0 0.3475 0.61 0.023571428571428573 0.02
0 0.37142857142857144 0.6004761904761905 0.02142857142857143 0.018095238095238095
0 0.39035714285714285 0.5938095238095238 0.017857142857142856 0.01619047619047619
0 0.4185714285714286 0.5857142857142857 0.015714285714285715 0.013333333333333334
1 0.4067857142857143 0.5876190476190476 0.017857142857142856 0.017142857142857144
0 0.44607142857142856 0.5828571428571429 0.015 0.007619047619047619
0 0.4589285714285714 0.570952380952381 0.012142857142857143 0.010476190476190476
0 0.4682142857142857 0.5657142857142857 0.012142857142857143 0.009523809523809525
0 0.47464285714285714 0.5623809523809524 0.010714285714285714 0.008571428571428572
0 0.47964285714285715 0.5595238095238095 0.010714285714285714 0.006666666666666667
0 0.5042857142857143 0.5647619047619048 0.01 0.009523809523809525
3 0.5053571428571428 0.5561904761904762 0.007857142857142858 0.009523809523809525
0 0.4928571428571429 0.5638095238095238 0.01 0.009523809523809525
0 0.4907142857142857 0.5580952380952381 0.01 0.007619047619047619
0 0.46785714285714286 0.5538095238095239 0.011428571428571429 0.008571428571428572
3 0.4657142857142857 0.5519047619047619 0.014285714285714285 0.010476190476190476
1 0.48464285714285715 0.5495238095238095 0.012142857142857143 0.009523809523809525
0 0.5082142857142857 0.549047619047619 0.013571428571428571 0.008571428571428572
3 0.5567857142857143 0.5438095238095239 0.009285714285714286 0.009523809523809525
0 0.5560714285714285 0.5328571428571428 0.005 0.004761904761904762
0 0.5778571428571428 0.5785714285714286 0.022857142857142857 0.014285714285714285
0 0.6128571428571429 0.5804761904761905 0.022857142857142857 0.012380952380952381
0 0.6332142857142857 0.5766666666666667 0.007857142857142858 0.010476190476190476
