0 0.4325 0.06333333333333334 0.03214285714285714 0.09428571428571429
0 0.4878571428571429 0.047619047619047616 0.03 0.09523809523809523
3 0.49357142857142855 0.14809523809523809 0.03571428571428571 0.1
0 0.29178571428571426 0.1880952380952381 0.03785714285714286 0.10571428571428572
0 0.42142857142857143 0.2423809523809524 0.03428571428571429 0.1
0 0.29678571428571426 0.3047619047619048 0.03642857142857143 0.09333333333333334
0 0.2889285714285714 0.430952380952381 0.039285714285714285 0.11142857142857143
0 0.2832142857142857 0.56 0.039285714285714285 0.10095238095238095
0 0.2832142857142857 0.7023809523809523 0.04071428571428572 0.10952380952380952
3 0.42928571428571427 0.8938095238095238 0.04285714285714286 0.11523809523809524
0 0.43142857142857144 0.7480952380952381 0.032857142857142856 0.10952380952380952
3 0.43107142857142855 0.6128571428571429 0.030714285714285715 0.1019047619047619
