0 0.3132142857142857 0.9728571428571429 0.08214285714285714 0.054285714285714284
0 0.3821428571428571 0.8404761904761905 0.03571428571428571 0.12666666666666668
0 0.3707142857142857 0.6071428571428571 0.032857142857142856 0.09428571428571429
0 0.25107142857142856 0.520952380952381 0.029285714285714286 0.07047619047619047
0 0.29035714285714287 0.5228571428571429 0.03357142857142857 0.08571428571428572
0 0.33214285714285713 0.5119047619047619 0.03571428571428571 0.09047619047619047
0 0.5546428571428571 0.5104761904761905 0.03357142857142857 0.08761904761904762
0 0.7314285714285714 0.8861904761904762 0.05 0.11714285714285715
0 0.6914285714285714 0.7542857142857143 0.04 0.09714285714285714
3 0.6917857142857143 0.6223809523809524 0.05928571428571429 0.07523809523809524
0 0.6607142857142857 0.5066666666666667 0.04428571428571428 0.0838095238095238
3 0.6835714285714286 0.4576190476190476 0.037142857142857144 0.07142857142857142
3 0.6714285714285714 0.3719047619047619 0.037142857142857144 0.06571428571428571
0 0.6289285714285714 0.34095238095238095 0.04071428571428572 0.07238095238095238
0 0.5392857142857143 0.32047619047619047 0.027142857142857142 0.07142857142857142
1 0.5978571428571429 0.1957142857142857 0.03571428571428571 0.09047619047619047
1 0.6103571428571428 0.1 0.03357142857142857 0.07047619047619047
0 0.475 0.12095238095238095 0.025714285714285714 0.06095238095238095
0 0.36142857142857143 0.33666666666666667 0.04285714285714286 0.07523809523809524
0 0.11392857142857143 0.36714285714285716 0.04357142857142857 0.06380952380952382
0 0.15714285714285714 0.35333333333333333 0.04428571428571428 0.06666666666666667
0 0.19642857142857142 0.3495238095238095 0.041428571428571426 0.06285714285714286
0 0.23392857142857143 0.3466666666666667 0.045 0.05904761904761905
0 0.2742857142857143 0.3361904761904762 0.04857142857142857 0.07047619047619047
0 0.3125 0.3223809523809524 0.03785714285714286 0.07523809523809524
0 0.35678571428571426 0.24619047619047618 0.029285714285714286 0.07333333333333333
0 0.35285714285714287 0.1761904761904762 0.027142857142857142 0.06476190476190476
0 0.3557142857142857 0.11571428571428571 0.025714285714285714 0.06
0 0.04535714285714286 0.35619047619047617 0.039285714285714285 0.06476190476190476
0 0.015714285714285715 0.35428571428571426 0.03142857142857143 0.05523809523809524
