1 0.4718162839248434 0.6196660482374768 0.029227557411273485 0.08348794063079777
0 0.6905010438413361 0.9308905380333952 0.07724425887265135 0.075139146567718
0 0.6315240083507306 0.8302411873840445 0.07411273486430063 0.07235621521335807
0 0.5067849686847599 0.3167903525046382 0.028183716075156576 0.023191094619666047
0 0.5122651356993737 0.29081632653061223 0.027661795407098122 0.01948051948051948
0 0.4924321503131524 0.2435064935064935 0.010960334029227558 0.023191094619666047
0 0.4585073068893528 0.25834879406307976 0.012004175365344467 0.01948051948051948
0 0.5073068893528184 0.2189239332096475 0.021920668058455117 0.014842300556586271
0 0.4177974947807933 0.17161410018552875 0.006784968684759917 0.012987012987012988
0 0.47494780793319413 0.14471243042671614 0.007306889352818371 0.011131725417439703
0 0.47207724425887265 0.187847866419295 0.01722338204592902 0.012059369202226345
0 0.42745302713987476 0.07838589981447125 0.005219206680584551 0.006493506493506494
0 0.4102296450939457 0.08070500927643785 0.007306889352818371 0.0074211502782931356
1 0.42927974947807934 0.07142857142857142 0.004697286012526096 0.011131725417439703
0 0.4222338204592902 0.059369202226345084 0.005219206680584551 0.00927643784786642
1 0.42693110647181626 0.04591836734693878 0.0041753653444676405 0.01020408163265306
0 0.40970772442588727 0.09090909090909091 0.008350730688935281 0.0074211502782931356
