0 0.08285714285714285 0.08523809523809524 0.022857142857142857 0.01619047619047619
0 0.1717857142857143 0.11428571428571428 0.015 0.030476190476190476
0 0.16392857142857142 0.15285714285714286 0.015 0.03142857142857143
1 0.14214285714285715 0.13142857142857142 0.02 0.02857142857142857
0 0.05785714285714286 0.43666666666666665 0.012857142857142857 0.029523809523809525
0 0.0325 0.4380952380952381 0.015 0.03238095238095238
0 0.26785714285714285 0.07666666666666666 0.011428571428571429 0.03333333333333333
1 0.2810714285714286 0.07714285714285714 0.012142857142857143 0.03238095238095238
0 0.29464285714285715 0.08238095238095237 0.010714285714285714 0.03142857142857143
0 0.30642857142857144 0.08476190476190476 0.011428571428571429 0.03238095238095238
0 0.32607142857142857 0.0880952380952381 0.012142857142857143 0.03142857142857143
0 0.345 0.08904761904761904 0.011428571428571429 0.02761904761904762
0 0.35678571428571426 0.09095238095238095 0.010714285714285714 0.029523809523809525
0 0.3717857142857143 0.09 0.010714285714285714 0.03142857142857143
0 0.3846428571428571 0.09619047619047619 0.012142857142857143 0.030476190476190476
3 0.4010714285714286 0.08714285714285715 0.010714285714285714 0.02761904761904762
0 0.4257142857142857 0.0980952380952381 0.011428571428571429 0.030476190476190476
0 0.44607142857142856 0.10428571428571429 0.015 0.03333333333333333
0 0.5264285714285715 0.12666666666666668 0.011428571428571429 0.03428571428571429
0 0.22035714285714286 0.6980952380952381 0.020714285714285713 0.02857142857142857
0 0.21107142857142858 0.7133333333333334 0.020714285714285713 0.02666666666666667
0 0.20285714285714285 0.7285714285714285 0.015714285714285715 0.02095238095238095
0 0.2 0.7519047619047619 0.02 0.02761904761904762
3 0.19285714285714287 0.7685714285714286 0.015714285714285715 0.02857142857142857
0 0.18357142857142858 0.7938095238095239 0.012857142857142857 0.03142857142857143
0 0.15714285714285714 0.8438095238095238 0.025714285714285714 0.015238095238095238
0 0.23892857142857143 0.8233333333333334 0.023571428571428573 0.023809523809523808
0 0.24392857142857144 0.8038095238095239 0.020714285714285713 0.022857142857142857
3 0.26107142857142857 0.7704761904761904 0.020714285714285713 0.022857142857142857
0 0.26785714285714285 0.7428571428571429 0.022857142857142857 0.022857142857142857
0 0.2775 0.7204761904761905 0.023571428571428573 0.018095238095238095
0 0.2835714285714286 0.7028571428571428 0.02142857142857143 0.02095238095238095
0 0.8207142857142857 0.44904761904761903 0.02 0.03142857142857143
0 0.8592857142857143 0.4876190476190476 0.02 0.02857142857142857
0 0.8967857142857143 0.53 0.019285714285714285 0.029523809523809525
0 0.9178571428571428 0.5485714285714286 0.02 0.02857142857142857
0 0.9285714285714286 0.5561904761904762 0.017142857142857144 0.02857142857142857
0 0.9535714285714286 0.5871428571428572 0.025714285714285714 0.035238095238095235
0 0.7532142857142857 0.6747619047619048 0.020714285714285713 0.03142857142857143
0 0.7746428571428572 0.6942857142857143 0.019285714285714285 0.02857142857142857
0 0.8278571428571428 0.6304761904761905 0.02857142857142857 0.03428571428571429
1 0.8425 0.6628571428571428 0.023571428571428573 0.04
