0 0.4078810020876827 0.9137291280148423 0.07359081419624217 0.06307977736549165
0 0.3836116910229645 0.9823747680890538 0.08663883089770355 0.03339517625231911
0 0.5198329853862212 0.7050092764378478 0.032359081419624215 0.09647495361781076
0 0.46764091858037576 0.5561224489795918 0.0511482254697286 0.04359925788497217
3 0.48173277661795405 0.5023191094619666 0.04175365344467641 0.041743970315398886
3 0.4890396659707724 0.436456400742115 0.049060542797494784 0.04730983302411874
3 0.5065240083507306 0.36131725417439703 0.031837160751565764 0.03432282003710575
0 0.5180062630480167 0.33302411873840443 0.03914405010438413 0.025974025974025976
0 0.5026096033402923 0.2662337662337662 0.020876826722338204 0.025974025974025976
3 0.5125260960334029 0.21335807050092764 0.024008350730688934 0.025974025974025976
0 0.5819415448851775 0.12059369202226346 0.026096033402922755 0.016697588126159554
0 0.6069937369519833 0.11131725417439703 0.024008350730688934 0.02040816326530612
0 0.5892484342379958 0.1038961038961039 0.020876826722338204 0.012987012987012988
3 0.6471816283924844 0.10204081632653061 0.029227557411273485 0.022263450834879406
0 0.7393006263048016 0.12894248608534323 0.024530271398747392 0.02040816326530612
0 0.808455114822547 0.1349721706864564 0.025052192066805846 0.017625231910946195
0 0.6448329853862212 0.05241187384044527 0.009916492693110648 0.01948051948051948
0 0.6552713987473904 0.06029684601113173 0.007828810020876827 0.02040816326530612
0 0.653705636743215 0.017625231910946195 0.007828810020876827 0.02040816326530612
0 0.6417014613778705 0.006029684601113173 0.006784968684759917 0.012059369202226345
0 0.7309498956158664 0.2212430426716141 0.016179540709812108 0.02504638218923933
