0 0.02214285714285714 0.23096446700507614 0.017142857142857144 0.03553299492385787
0 0.13642857142857143 0.5678934010152284 0.03428571428571429 0.05710659898477157
0 0.16964285714285715 0.6541878172588832 0.030714285714285715 0.05964467005076142
0 0.16428571428571428 0.899746192893401 0.03 0.08121827411167512
0 0.5328571428571428 0.6967005076142132 0.02142857142857143 0.08375634517766498
0 0.4725 0.45558375634517767 0.019285714285714285 0.04568527918781726
0 0.45035714285714284 0.39847715736040606 0.017857142857142856 0.04568527918781726
0 0.455 0.07868020304568528 0.014285714285714285 0.02030456852791878
1 0.4357142857142857 0.07741116751269035 0.02142857142857143 0.050761421319796954
0 0.47535714285714287 0.0450507614213198 0.013571428571428571 0.031725888324873094
