0 0.56475 0.548 0.0965 0.06666666666666667
3 0.60975 0.47433333333333333 0.0615 0.05533333333333333
0 0.79 0.562 0.07 0.07333333333333333
0 0.0705 0.474 0.095 0.042666666666666665
0 0.2455 0.4593333333333333 0.076 0.036
0 0.27475 0.43833333333333335 0.0685 0.03
0 0.3575 0.45366666666666666 0.068 0.03666666666666667
0 0.37125 0.42866666666666664 0.0535 0.032
0 0.29575 0.5146666666666667 0.1075 0.06
0 0.84975 0.44066666666666665 0.0685 0.034666666666666665
0 0.85375 0.42933333333333334 0.0655 0.02666666666666667
0 0.86225 0.39766666666666667 0.0485 0.026
0 0.8745 0.387 0.045 0.03
0 0.8405 0.3616666666666667 0.016 0.018
0 0.829 0.354 0.012 0.016
0 0.89675 0.353 0.0165 0.016666666666666666
0 0.8995 0.3473333333333333 0.017 0.014666666666666666
0 0.897 0.3426666666666667 0.024 0.014666666666666666
0 0.91 0.339 0.01 0.01
0 0.89925 0.33 0.0085 0.010666666666666666
0 0.913 0.333 0.011 0.01
0 0.91425 0.329 0.0085 0.011333333333333334
0 0.8925 0.31333333333333335 0.006 0.005333333333333333
0 0.741 0.3373333333333333 0.013 0.009333333333333334
0 0.64975 0.362 0.0225 0.016
0 0.772 0.333 0.011 0.008666666666666666
0 0.7595 0.335 0.013 0.011333333333333334
0 0.781 0.33 0.009 0.009333333333333334
0 0.78475 0.3283333333333333 0.0075 0.01
0 0.791 0.32666666666666666 0.008 0.009333333333333334
0 0.80375 0.322 0.0135 0.009333333333333334
0 0.81675 0.32 0.0065 0.009333333333333334
0 0.6445 0.3433333333333333 0.021 0.013333333333333334
0 0.5945 0.37566666666666665 0.028 0.019333333333333334
3 0.618 0.36566666666666664 0.026 0.020666666666666667
3 0.72575 0.33666666666666667 0.0115 0.012
0 0.714 0.3383333333333333 0.013 0.01
0 0.52875 0.392 0.0345 0.02266666666666667
