0 0.7603571428571428 0.049523809523809526 0.05071428571428571 0.047619047619047616
0 0.7789285714285714 0.012380952380952381 0.03214285714285714 0.024761904761904763
1 0.745 0.01619047619047619 0.06714285714285714 0.03238095238095238
0 0.4764285714285714 0.86 0.12142857142857143 0.14476190476190476
0 0.6160714285714286 0.7233333333333334 0.10928571428571429 0.11333333333333333
0 0.6778571428571428 0.7938095238095239 0.11142857142857143 0.12666666666666668
0 0.8317857142857142 0.7642857142857142 0.09642857142857143 0.11904761904761904
0 0.8917857142857143 0.4542857142857143 0.075 0.08190476190476191
0 0.8278571428571428 0.6252380952380953 0.08857142857142856 0.09047619047619047
3 0.7171428571428572 0.6233333333333333 0.08857142857142856 0.1
3 0.9625 0.2980952380952381 0.062142857142857146 0.06857142857142857
0 0.9657142857142857 0.580952380952381 0.06857142857142857 0.09523809523809523
0 0.9807142857142858 0.44761904761904764 0.03857142857142857 0.06666666666666667
0 0.3364285714285714 0.9714285714285714 0.08857142857142856 0.05714285714285714
