1 0.9882567849686847 0.11641929499072357 0.02244258872651357 0.021335807050092765
3 0.9527661795407099 0.11595547309833024 0.029749478079331943 0.02411873840445269
0 0.7990605427974948 0.11781076066790352 0.024008350730688934 0.016697588126159554
0 0.5615866388308977 0.1150278293135436 0.022964509394572025 0.02040816326530612
0 0.40657620041753656 0.10343228200371057 0.014613778705636743 0.017625231910946195
0 0.3846555323590814 0.09925788497217068 0.012526096033402923 0.014842300556586271
0 0.37891440501043844 0.09786641929499072 0.010438413361169102 0.012059369202226345
0 0.3729123173277662 0.09415584415584416 0.009916492693110648 0.013914656771799629
0 0.3653444676409186 0.09137291280148423 0.010438413361169102 0.013914656771799629
0 0.3376826722338205 0.08348794063079777 0.009394572025052192 0.012987012987012988
0 0.3094989561586639 0.08348794063079777 0.008350730688935281 0.011131725417439703
0 0.3134133611691023 0.0862708719851577 0.006784968684759917 0.00927643784786642
0 0.31941544885177453 0.08812615955473098 0.008350730688935281 0.014842300556586271
0 0.3235908141962422 0.09090909090909091 0.009394572025052192 0.012987012987012988
0 0.33376826722338204 0.0950834879406308 0.012004175365344467 0.015769944341372914
0 0.3418580375782881 0.09647495361781076 0.010438413361169102 0.012987012987012988
0 0.3494258872651357 0.09925788497217068 0.012004175365344467 0.014842300556586271
0 0.32411273486430064 0.10714285714285714 0.019832985386221295 0.017625231910946195
0 0.007828810020876827 0.12012987012987013 0.015657620041753653 0.02504638218923933
0 0.020615866388308975 0.12337662337662338 0.01722338204592902 0.022263450834879406
0 0.06576200417536535 0.12476808905380334 0.016701461377870562 0.01948051948051948
0 0.07802713987473904 0.12476808905380334 0.019311064718162838 0.01948051948051948
3 0.09420668058455114 0.12337662337662338 0.02035490605427975 0.02411873840445269
0 0.10934237995824635 0.1266233766233766 0.01826722338204593 0.021335807050092765
0 0.12447807933194155 0.12569573283858998 0.02139874739039666 0.021335807050092765
0 0.14352818371607515 0.12523191094619665 0.016701461377870562 0.02040816326530612
3 0.1484864300626305 0.10807050092764378 0.01826722338204593 0.023191094619666047
0 0.13230688935281837 0.10760667903525047 0.02035490605427975 0.02040816326530612
1 0.09003131524008351 0.10667903525046382 0.031837160751565764 0.025974025974025976
0 0.1657098121085595 0.11085343228200371 0.014091858037578288 0.021335807050092765
3 0.2092901878914405 0.12430426716141002 0.029227557411273485 0.02411873840445269
0 0.32515657620041755 0.1062152133580705 0.017745302713987474 0.017625231910946195
