3 0.6325 0.8193333333333334 0.175 0.22933333333333333
3 0.03975 0.6613333333333333 0.0795 0.108
3 0.34175 0.553 0.0715 0.106
1 0.375 0.4206666666666667 0.084 0.06666666666666667
3 0.4405 0.43 0.067 0.07333333333333333
3 0.5005 0.47433333333333333 0.092 0.074
3 0.85125 0.3913333333333333 0.0605 0.04933333333333333
3 0.92125 0.418 0.0855 0.07066666666666667
3 0.94275 0.446 0.0875 0.07066666666666667
3 0.9055 0.5446666666666666 0.107 0.09466666666666666
3 0.7845 0.32233333333333336 0.079 0.043333333333333335
3 0.914 0.34833333333333333 0.047 0.04733333333333333
0 0.9545 0.3333333333333333 0.046 0.04
3 0.982 0.3006666666666667 0.036 0.05333333333333334
0 0.89375 0.15866666666666668 0.0265 0.012
0 0.94275 0.21 0.0405 0.018666666666666668
0 0.883 0.201 0.039 0.018
0 0.82275 0.295 0.0575 0.034
3 0.82875 0.2866666666666667 0.0515 0.037333333333333336
3 0.853 0.2833333333333333 0.049 0.03333333333333333
0 0.8685 0.279 0.056 0.03133333333333333
1 0.87925 0.26566666666666666 0.0645 0.042
3 0.90325 0.25566666666666665 0.0585 0.03666666666666667
0 0.9115 0.254 0.05 0.02666666666666667
0 0.91625 0.248 0.0455 0.024
0 0.919 0.24066666666666667 0.049 0.025333333333333333
3 0.8695 0.23233333333333334 0.043 0.027333333333333334
0 0.81475 0.224 0.0405 0.021333333333333333
0 0.78475 0.18733333333333332 0.0295 0.014666666666666666
0 0.734 0.14033333333333334 0.018 0.01
0 0.26875 0.21033333333333334 0.0325 0.015333333333333332
0 0.25725 0.20333333333333334 0.0275 0.017333333333333333
0 0.245 0.162 0.023 0.012
0 0.23025 0.15766666666666668 0.0215 0.011333333333333334
0 0.21375 0.152 0.0195 0.010666666666666666
0 0.21 0.15033333333333335 0.017 0.008666666666666666
0 0.206 0.14933333333333335 0.018 0.009333333333333334
0 0.202 0.14933333333333335 0.016 0.008
0 0.19125 0.17733333333333334 0.0295 0.013333333333333334
0 0.18475 0.175 0.0195 0.012666666666666666
0 0.15475 0.18 0.0255 0.013333333333333334
1 0.19875 0.191 0.0575 0.026
3 0.29375 0.17 0.0155 0.017333333333333333
2 0.26775 0.163 0.0275 0.027333333333333334
1 0.22075 0.152 0.0245 0.014666666666666666
1 0.19275 0.144 0.0265 0.013333333333333334
1 0.18675 0.14033333333333334 0.0225 0.016666666666666666
1 0.181 0.13933333333333334 0.024 0.018666666666666668
1 0.16075 0.135 0.0245 0.014
1 0.152 0.13333333333333333 0.032 0.017333333333333333
1 0.17375 0.16866666666666666 0.0305 0.02
1 0.16175 0.159 0.0305 0.023333333333333334
1 0.16275 0.16466666666666666 0.0265 0.017333333333333333
3 0.147 0.17733333333333334 0.029 0.014666666666666666
0 0.161 0.14333333333333334 0.009 0.008
1 0.1555 0.159 0.028 0.018
0 0.14275 0.15666666666666668 0.0175 0.009333333333333334
0 0.13875 0.15533333333333332 0.0175 0.009333333333333334
3 0.137 0.154 0.018 0.014666666666666666
3 0.12725 0.15033333333333335 0.0175 0.011333333333333334
3 0.12175 0.148 0.0235 0.014666666666666666
0 0.14475 0.173 0.0225 0.011333333333333334
0 0.134 0.17233333333333334 0.024 0.014
0 0.0395 0.42133333333333334 0.079 0.05733333333333333
0 0.0395 0.4206666666666667 0.079 0.05733333333333333
