0 0.29892857142857143 0.8171428571428572 0.039285714285714285 0.12571428571428572
0 0.5335714285714286 0.6614285714285715 0.06857142857142857 0.039047619047619046
0 0.6671428571428571 0.5566666666666666 0.05 0.04666666666666667
0 0.7453571428571428 0.5257142857142857 0.05785714285714286 0.047619047619047616
0 0.7939285714285714 0.5580952380952381 0.06785714285714285 0.049523809523809526
0 0.25785714285714284 0.4685714285714286 0.02857142857142857 0.06285714285714286
0 0.23714285714285716 0.35 0.02 0.05238095238095238
0 0.3692857142857143 0.2280952380952381 0.02 0.037142857142857144
0 0.10285714285714286 0.017142857142857144 0.015714285714285715 0.03238095238095238
0 0.10285714285714286 0.13142857142857142 0.022857142857142857 0.04
0 0.10785714285714286 0.21523809523809523 0.022857142857142857 0.04380952380952381
3 0.3335714285714286 0.11523809523809524 0.02 0.03238095238095238
0 0.34714285714285714 0.15714285714285714 0.02142857142857143 0.03619047619047619
0 0.30178571428571427 0.010476190476190476 0.016428571428571428 0.02095238095238095
0 0.3182142857142857 0.05904761904761905 0.019285714285714285 0.030476190476190476
0 0.10892857142857143 0.2838095238095238 0.023571428571428573 0.04380952380952381
0 0.3032142857142857 0.34523809523809523 0.02642857142857143 0.05047619047619047
0 0.4539285714285714 0.14666666666666667 0.03214285714285714 0.02857142857142857
0 0.86 0.1980952380952381 0.03428571428571429 0.05142857142857143
3 0.8314285714285714 0.29095238095238096 0.04285714285714286 0.035238095238095235
0 0.9232142857142858 0.25333333333333335 0.05071428571428571 0.04
0 0.9442857142857143 0.2438095238095238 0.041428571428571426 0.03619047619047619
0 0.9771428571428571 0.23904761904761904 0.041428571428571426 0.0380952380952381
0 0.9678571428571429 0.27714285714285714 0.047142857142857146 0.03619047619047619
0 0.9864285714285714 0.2257142857142857 0.025714285714285714 0.03238095238095238
