0 0.22071428571428572 0.790952380952381 0.10428571428571429 0.054285714285714284
0 0.05678571428571429 0.7652380952380953 0.075 0.06952380952380953
0 0.6589285714285714 0.6261904761904762 0.045 0.06190476190476191
3 0.6782142857142858 0.19523809523809524 0.023571428571428573 0.015238095238095238
0 0.7682142857142857 0.1761904761904762 0.013571428571428571 0.011428571428571429
0 0.8146428571428571 0.18047619047619048 0.015 0.012380952380952381
0 0.6607142857142857 0.5485714285714286 0.04 0.05333333333333334
0 0.6964285714285714 0.4976190476190476 0.037142857142857144 0.04666666666666667
0 0.6992857142857143 0.44047619047619047 0.032857142857142856 0.035238095238095235
0 0.725 0.4623809523809524 0.03 0.039047619047619046
0 0.7453571428571428 0.43523809523809526 0.029285714285714286 0.03428571428571429
0 0.7632142857142857 0.41 0.02642857142857143 0.029523809523809525
0 0.7785714285714286 0.38666666666666666 0.022857142857142857 0.02666666666666667
0 0.7964285714285714 0.3680952380952381 0.02142857142857143 0.025714285714285714
0 0.8060714285714285 0.34714285714285714 0.020714285714285713 0.021904761904761906
0 0.8178571428571428 0.3333333333333333 0.02 0.024761904761904763
3 0.8289285714285715 0.3171428571428571 0.017857142857142856 0.024761904761904763
0 0.8675 0.28714285714285714 0.015 0.02
0 0.8771428571428571 0.2261904761904762 0.014285714285714285 0.01619047619047619
0 0.6017857142857143 0.10761904761904761 0.009285714285714286 0.007619047619047619
0 0.6542857142857142 0.11428571428571428 0.008571428571428572 0.007619047619047619
0 0.5889285714285715 0.1 0.005 0.005714285714285714
1 0.6221428571428571 0.5985714285714285 0.06285714285714286 0.07142857142857142
