0 0.32357142857142857 0.018095238095238095 0.047142857142857146 0.03428571428571429
0 0.305 0.030476190476190476 0.06142857142857143 0.04
0 0.29928571428571427 0.06 0.03857142857142857 0.0380952380952381
0 0.2760714285714286 0.09380952380952381 0.03785714285714286 0.05047619047619047
0 0.2542857142857143 0.14095238095238094 0.045714285714285714 0.05714285714285714
0 0.17642857142857143 0.15714285714285714 0.05285714285714286 0.049523809523809526
0 0.22464285714285714 0.19857142857142857 0.056428571428571425 0.07142857142857142
0 0.1125 0.22904761904761906 0.07642857142857143 0.06571428571428571
3 0.18642857142857142 0.2561904761904762 0.06714285714285714 0.0838095238095238
0 0.21 0.3157142857142857 0.07285714285714286 0.1019047619047619
0 0.13 0.3566666666666667 0.08428571428571428 0.10952380952380952
0 0.04392857142857143 0.3047619047619048 0.08785714285714286 0.08
0 0.05392857142857143 0.4961904761904762 0.10785714285714286 0.15047619047619049
3 0.07392857142857143 0.6171428571428571 0.13214285714285715 0.1980952380952381
0 0.36642857142857144 0.7747619047619048 0.08428571428571428 0.2219047619047619
3 0.4035714285714286 0.539047619047619 0.07 0.15619047619047619
3 0.41964285714285715 0.38142857142857145 0.052142857142857144 0.11523809523809524
3 0.4375 0.2671428571428571 0.03357142857142857 0.08476190476190476
0 0.44785714285714284 0.1961904761904762 0.037142857142857144 0.05904761904761905
3 0.44285714285714284 0.1280952380952381 0.06714285714285714 0.05619047619047619
3 0.48464285714285715 0.007619047619047619 0.04357142857142857 0.015238095238095238
0 0.5660714285714286 0.13380952380952382 0.03214285714285714 0.05047619047619047
0 0.6296428571428572 0.13476190476190475 0.03785714285714286 0.05238095238095238
0 0.6039285714285715 0.4095238095238095 0.05928571428571429 0.10666666666666667
0 0.6196428571428572 0.6314285714285715 0.07785714285714286 0.18285714285714286
