0 0.8296428571428571 0.7722081218274112 0.04214285714285714 0.0850253807106599
0 0.66 0.8381979695431472 0.008571428571428572 0.031725888324873094
0 0.6671428571428571 0.8356598984771574 0.008571428571428572 0.03426395939086294
0 0.3921428571428571 0.8261421319796954 0.032857142857142856 0.1116751269035533
0 0.4675 0.8972081218274112 0.027857142857142858 0.09644670050761421
0 0.5146428571428572 0.32614213197969544 0.020714285714285713 0.0583756345177665
0 0.5085714285714286 0.13007614213197968 0.015714285714285715 0.04187817258883249
0 0.4757142857142857 0.0850253807106599 0.015714285714285715 0.03553299492385787
0 0.5264285714285715 0.014593908629441625 0.011428571428571429 0.02918781725888325
0 0.3342857142857143 0.061548223350253804 0.017142857142857144 0.024111675126903553
1 0.4375 0.5539340101522843 0.035 0.12563451776649745
