3 0.1525 0.22398477157360405 0.05357142857142857 0.06472081218274112
3 0.22964285714285715 0.2823604060913706 0.055 0.07487309644670051
3 0.30428571428571427 0.33756345177664976 0.06142857142857143 0.08629441624365482
3 0.4232142857142857 0.5323604060913706 0.075 0.11294416243654823
3 0.5178571428571429 0.6300761421319797 0.07571428571428572 0.11294416243654823
0 0.5625 0.5945431472081218 0.07642857142857143 0.09263959390862944
0 0.4617857142857143 0.4980964467005076 0.06642857142857143 0.08756345177664974
0 0.3757142857142857 0.41751269035532995 0.06142857142857143 0.07868020304568528
0 0.3414285714285714 0.4486040609137056 0.05285714285714286 0.07741116751269035
0 0.26035714285714284 0.37944162436548223 0.056428571428571425 0.07360406091370558
