3 0.10571428571428572 0.8776190476190476 0.03142857142857143 0.054285714285714284
0 0.2425 0.8219047619047619 0.039285714285714285 0.04
0 0.27035714285714285 0.8871428571428571 0.04928571428571429 0.054285714285714284
0 0.2892857142857143 0.79 0.045714285714285714 0.05047619047619047
3 0.3842857142857143 0.84 0.045714285714285714 0.08571428571428572
0 0.3960714285714286 0.8061904761904762 0.029285714285714286 0.05238095238095238
3 0.3517857142857143 0.6928571428571428 0.03357142857142857 0.06
0 0.5107142857142857 0.7071428571428572 0.041428571428571426 0.04285714285714286
0 0.59 0.6247619047619047 0.011428571428571429 0.017142857142857144
1 0.6582142857142858 0.6214285714285714 0.04357142857142857 0.040952380952380955
0 0.685 0.508095238095238 0.03857142857142857 0.04857142857142857
0 0.7032142857142857 0.5219047619047619 0.03357142857142857 0.0419047619047619
0 0.7189285714285715 0.5442857142857143 0.04357142857142857 0.04666666666666667
1 0.7303571428571428 0.5657142857142857 0.04642857142857143 0.05142857142857143
0 0.7646428571428572 0.5123809523809524 0.03642857142857143 0.04
0 0.7592857142857142 0.4866666666666667 0.03571428571428571 0.04
1 0.7996428571428571 0.44 0.04071428571428572 0.03428571428571429
0 0.8153571428571429 0.42333333333333334 0.03642857142857143 0.040952380952380955
0 0.8742857142857143 0.29333333333333333 0.018571428571428572 0.0419047619047619
0 0.9610714285714286 0.4542857142857143 0.045 0.03428571428571429
0 0.8346428571428571 0.979047619047619 0.03357142857142857 0.0419047619047619
0 0.7292857142857143 0.9561904761904761 0.047142857142857146 0.05523809523809524
