0 0.612 0.238 0.009 0.010666666666666666
3 0.63075 0.24866666666666667 0.0095 0.014666666666666666
1 0.63525 0.255 0.0145 0.016666666666666666
0 0.64375 0.2926666666666667 0.0135 0.017333333333333333
0 0.6455 0.301 0.013 0.018
0 0.706 0.2613333333333333 0.01 0.010666666666666666
0 0.716 0.2733333333333333 0.013 0.013333333333333334
0 0.7325 0.29733333333333334 0.015 0.014666666666666666
0 0.73725 0.305 0.0175 0.019333333333333334
0 0.69925 0.3426666666666667 0.0145 0.02
0 0.733 0.3596666666666667 0.02 0.020666666666666667
0 0.7615 0.35133333333333333 0.018 0.018666666666666668
0 0.772 0.37866666666666665 0.024 0.024
0 0.63975 0.35233333333333333 0.0195 0.024666666666666667
0 0.63675 0.385 0.0205 0.027333333333333334
0 0.57275 0.36766666666666664 0.0205 0.024666666666666667
0 0.566 0.384 0.021 0.02666666666666667
0 0.461 0.38966666666666666 0.033 0.028666666666666667
0 0.0205 0.361 0.041 0.026
0 0.016 0.4066666666666667 0.031 0.028
0 0.039 0.415 0.046 0.03266666666666666
0 0.07075 0.417 0.0475 0.03266666666666666
0 0.19625 0.7596666666666667 0.1265 0.07933333333333334
0 0.149 0.8326666666666667 0.134 0.09333333333333334
1 0.44725 0.642 0.3115 0.14533333333333334
2 0.743 0.7453333333333333 0.307 0.16666666666666666
0 0.65225 0.895 0.1295 0.094
0 0.50775 0.551 0.0475 0.058
0 0.5405 0.576 0.038 0.058666666666666666
0 0.60325 0.5186666666666667 0.0365 0.058666666666666666
