1 0.30375 0.232 0.0205 0.02
0 0.30575 0.24733333333333332 0.0135 0.016
0 0.334 0.25666666666666665 0.013 0.014666666666666666
0 0.407 0.263 0.028 0.015333333333333332
1 0.4005 0.3566666666666667 0.041 0.036
0 0.4155 0.38766666666666666 0.022 0.028666666666666667
0 0.47425 0.372 0.0405 0.024
0 0.502 0.399 0.036 0.03666666666666667
1 0.22375 0.334 0.0575 0.04
1 0.0325 0.4036666666666667 0.05 0.08466666666666667
1 0.01175 0.326 0.0235 0.05733333333333333
0 0.283 0.36533333333333334 0.046 0.02266666666666667
0 0.28875 0.374 0.0415 0.025333333333333333
0 0.32475 0.4056666666666667 0.0525 0.03133333333333333
3 0.35025 0.4256666666666667 0.0505 0.03933333333333333
0 0.36225 0.445 0.0585 0.035333333333333335
0 0.53925 0.45 0.0265 0.036
0 0.59575 0.5216666666666666 0.0575 0.04733333333333333
0 0.53425 0.5966666666666667 0.0695 0.04666666666666667
0 0.496 0.5503333333333333 0.061 0.04066666666666666
0 0.50575 0.578 0.0555 0.04533333333333334
3 0.7875 0.7953333333333333 0.09 0.10666666666666667
0 0.84475 0.8643333333333333 0.0935 0.09
0 0.93525 0.9196666666666666 0.0825 0.10333333333333333
0 0.51125 0.22166666666666668 0.0175 0.015333333333333332
0 0.5175 0.23566666666666666 0.02 0.015333333333333332
0 0.55225 0.226 0.0205 0.014666666666666666
0 0.27225 0.2786666666666667 0.0295 0.02
