0 0.07928571428571428 0.9147619047619048 0.12857142857142856 0.17047619047619048
0 0.15214285714285714 0.6019047619047619 0.08142857142857143 0.1619047619047619
0 0.3767857142857143 0.62 0.13071428571428573 0.11238095238095239
0 0.495 0.9238095238095239 0.06857142857142857 0.1523809523809524
0 0.9403571428571429 0.9376190476190476 0.115 0.12476190476190477
0 0.8028571428571428 0.6771428571428572 0.09285714285714286 0.18857142857142858
0 0.8239285714285715 0.43761904761904763 0.08928571428571429 0.1438095238095238
3 0.7696428571428572 0.4552380952380952 0.09071428571428572 0.13714285714285715
0 0.6885714285714286 0.7185714285714285 0.14857142857142858 0.1438095238095238
0 0.6714285714285714 0.6147619047619047 0.13285714285714287 0.13238095238095238
0 0.6560714285714285 0.5242857142857142 0.11642857142857142 0.11714285714285715
0 0.5503571428571429 0.47619047619047616 0.05357142857142857 0.1219047619047619
0 0.6425 0.37857142857142856 0.08785714285714286 0.11142857142857143
0 0.6089285714285714 0.19857142857142857 0.047857142857142855 0.07142857142857142
0 0.5832142857142857 0.06952380952380953 0.03785714285714286 0.047619047619047616
0 0.5789285714285715 0.025238095238095237 0.03357142857142857 0.04857142857142857
0 0.6171428571428571 0.019523809523809523 0.03571428571428571 0.037142857142857144
0 0.3889285714285714 0.5176190476190476 0.12214285714285714 0.1019047619047619
0 0.39535714285714285 0.36333333333333334 0.10642857142857143 0.10380952380952381
0 0.4017857142857143 0.30523809523809525 0.09214285714285714 0.08285714285714285
3 0.41214285714285714 0.14904761904761904 0.07285714285714286 0.07142857142857142
3 0.3914285714285714 0.11857142857142858 0.041428571428571426 0.039047619047619046
0 0.2417857142857143 0.31761904761904763 0.05785714285714286 0.08476190476190476
0 0.2739285714285714 0.20904761904761904 0.05071428571428571 0.07523809523809524
3 0.23607142857142857 0.18285714285714286 0.05357142857142857 0.07809523809523809
