0 0.4125 0.23857142857142857 0.015 0.006666666666666667
0 0.42142857142857143 0.23047619047619047 0.015714285714285715 0.007619047619047619
0 0.42642857142857143 0.22666666666666666 0.012857142857142857 0.007619047619047619
0 0.3896428571428571 0.22857142857142856 0.012142857142857143 0.007619047619047619
0 0.31 0.28809523809523807 0.022857142857142857 0.012380952380952381
3 0.30357142857142855 0.29333333333333333 0.02142857142857143 0.011428571428571429
3 0.37357142857142855 0.2780952380952381 0.022857142857142857 0.017142857142857144
3 0.365 0.23904761904761904 0.02 0.011428571428571429
1 0.46714285714285714 0.2057142857142857 0.018571428571428572 0.011428571428571429
1 0.4521428571428571 0.26666666666666666 0.024285714285714285 0.0380952380952381
1 0.5271428571428571 0.2438095238095238 0.04 0.03238095238095238
2 0.49964285714285717 0.22238095238095237 0.015 0.021904761904761906
0 0.5135714285714286 0.2042857142857143 0.007142857142857143 0.008571428571428572
0 0.51 0.21333333333333335 0.005714285714285714 0.007619047619047619
1 0.5564285714285714 0.13857142857142857 0.004285714285714286 0.006666666666666667
0 0.24857142857142858 0.8885714285714286 0.07 0.1295238095238095
0 0.4225 0.4004761904761905 0.015 0.021904761904761906
0 0.26142857142857145 0.5261904761904762 0.025714285714285714 0.039047619047619046
0 0.3846428571428571 0.4533333333333333 0.023571428571428573 0.03428571428571429
0 0.3142857142857143 0.4357142857142857 0.015714285714285715 0.029523809523809525
0 0.455 0.35523809523809524 0.012857142857142857 0.01904761904761905
0 0.47285714285714286 0.2957142857142857 0.011428571428571429 0.018095238095238095
0 0.4853571428571429 0.25857142857142856 0.009285714285714286 0.012380952380952381
0 0.4717857142857143 0.27666666666666667 0.009285714285714286 0.014285714285714285
1 0.43214285714285716 0.3557142857142857 0.018571428571428572 0.025714285714285714
1 0.3382142857142857 0.5376190476190477 0.04071428571428572 0.07333333333333333
1 0.38535714285714284 0.5195238095238095 0.062142857142857146 0.12285714285714286
1 0.6882142857142857 0.3404761904761905 0.03785714285714286 0.06571428571428571
1 0.675 0.24142857142857144 0.041428571428571426 0.03333333333333333
0 0.4275 0.1976190476190476 0.010714285714285714 0.004761904761904762
