0 0.4114285714285714 0.6319047619047619 0.05 0.08095238095238096
0 0.45357142857142857 0.5628571428571428 0.041428571428571426 0.06476190476190476
0 0.5125 0.4519047619047619 0.03785714285714286 0.05238095238095238
0 0.5535714285714286 0.13285714285714287 0.012857142857142857 0.021904761904761906
0 0.5310714285714285 0.41619047619047617 0.030714285714285715 0.045714285714285714
0 0.5971428571428572 0.12476190476190477 0.015714285714285715 0.015238095238095238
0 0.5646428571428571 0.13428571428571429 0.019285714285714285 0.015238095238095238
0 0.5803571428571429 0.1219047619047619 0.015 0.013333333333333334
0 0.62 0.26142857142857145 0.018571428571428572 0.02761904761904762
0 0.5728571428571428 0.35 0.02857142857142857 0.040952380952380955
0 0.5507142857142857 0.38095238095238093 0.027142857142857142 0.0380952380952381
0 0.6053571428571428 0.28476190476190477 0.023571428571428573 0.03238095238095238
0 0.48035714285714287 0.5147619047619048 0.035 0.05619047619047619
0 0.6142857142857143 0.5647619047619048 0.03571428571428571 0.08
0 0.6389285714285714 0.628095238095238 0.04214285714285714 0.10380952380952381
0 0.7489285714285714 0.4857142857142857 0.02642857142857143 0.045714285714285714
0 0.7071428571428572 0.09904761904761905 0.012857142857142857 0.015238095238095238
0 0.7117857142857142 0.08857142857142856 0.010714285714285714 0.013333333333333334
0 0.7775 0.014285714285714285 0.009285714285714286 0.011428571428571429
0 0.7878571428571428 0.024285714285714285 0.01 0.012380952380952381
0 0.8285714285714286 0.04 0.01 0.009523809523809525
0 0.8246428571428571 0.055714285714285716 0.012142857142857143 0.012380952380952381
0 0.8421428571428572 0.02857142857142857 0.012857142857142857 0.01904761904761905
0 0.8135714285714286 0.13238095238095238 0.014285714285714285 0.013333333333333334
0 0.83 0.1595238095238095 0.014285714285714285 0.018095238095238095
0 0.8042857142857143 0.1538095238095238 0.012857142857142857 0.012380952380952381
3 0.81 0.1823809523809524 0.014285714285714285 0.018095238095238095
0 0.7717857142857143 0.1980952380952381 0.016428571428571428 0.02857142857142857
0 0.7896428571428571 0.2338095238095238 0.015 0.023809523809523808
0 0.8310714285714286 0.3923809523809524 0.025 0.04
0 0.7892857142857143 0.4228571428571429 0.022857142857142857 0.03619047619047619
0 0.7775 0.6004761904761905 0.039285714285714285 0.06952380952380953
0 0.9871428571428571 0.66 0.025714285714285714 0.07809523809523809
0 0.9582142857142857 0.3880952380952381 0.062142857142857146 0.0980952380952381
0 0.9078571428571428 0.15285714285714286 0.03142857142857143 0.06190476190476191
0 0.9907142857142858 0.06380952380952382 0.018571428571428572 0.02095238095238095
0 0.41 0.7542857142857143 0.04 0.05714285714285714
0 0.37357142857142855 0.7995238095238095 0.037142857142857144 0.07714285714285714
0 0.32535714285714284 0.8828571428571429 0.03357142857142857 0.06666666666666667
