0 0.4365866388308977 0.7959183673469388 0.042275574112734866 0.09090909090909091
0 0.4780793319415449 0.5913729128014842 0.04592901878914405 0.039888682745825604
0 0.45041753653444677 0.5496289424860853 0.04279749478079332 0.03432282003710575
0 0.4331941544885177 0.5032467532467533 0.03966597077244259 0.036178107606679034
3 0.4470250521920668 0.4489795918367347 0.03392484342379958 0.03153988868274583
3 0.5060020876826722 0.5023191094619666 0.03496868475991649 0.038033395176252316
3 0.49164926931106473 0.3358070500927644 0.026096033402922755 0.027829313543599257
0 0.5187891440501043 0.3186456400742115 0.031315240083507306 0.0287569573283859
0 0.5227035490605428 0.35018552875695735 0.03392484342379958 0.0287569573283859
3 0.6043841336116911 0.31957328385899814 0.015657620041753653 0.036178107606679034
1 0.6270876826722338 0.28339517625231914 0.0360125260960334 0.04916512059369202
1 0.5631524008350731 0.29081632653061223 0.028183716075156576 0.0287569573283859
3 0.6390918580375783 0.08163265306122448 0.008872651356993737 0.02040816326530612
0 0.662839248434238 0.17532467532467533 0.011482254697286013 0.02411873840445269
0 0.6542275574112735 0.08487940630797773 0.009916492693110648 0.015769944341372914
0 0.6510960334029228 0.07003710575139147 0.008872651356993737 0.015769944341372914
0 0.6396137787056367 0.016233766233766232 0.010960334029227558 0.012059369202226345
3 0.6547494780793319 0.012987012987012988 0.006784968684759917 0.011131725417439703
0 0.7132045929018789 0.014842300556586271 0.016179540709812108 0.011131725417439703
0 0.7108559498956158 0.008348794063079777 0.014613778705636743 0.00927643784786642
0 0.7361691022964509 0.06168831168831169 0.008872651356993737 0.017625231910946195
0 0.7573068893528184 0.06910946196660482 0.018789144050104383 0.012059369202226345
0 0.7612212943632568 0.07235621521335807 0.016179540709812108 0.012987012987012988
3 0.7622651356993737 0.08441558441558442 0.01826722338204593 0.016697588126159554
0 0.769572025052192 0.10528756957328386 0.02139874739039666 0.017625231910946195
0 0.7980167014613778 0.11131725417439703 0.020876826722338204 0.012987012987012988
0 0.7800104384133612 0.14517625231910947 0.02348643006263048 0.015769944341372914
0 0.7901878914405011 0.16465677179962895 0.022964509394572025 0.017625231910946195
1 0.7797494780793319 0.6948051948051948 0.054279749478079335 0.1391465677179963
