0 0.5878571428571429 0.8161904761904762 0.055714285714285716 0.13523809523809524
0 0.5032142857142857 0.5176190476190476 0.04642857142857143 0.13428571428571429
0 0.3775 0.4514285714285714 0.04642857142857143 0.12380952380952381
0 0.4514285714285714 0.46476190476190476 0.041428571428571426 0.1180952380952381
0 0.45714285714285713 0.2819047619047619 0.041428571428571426 0.1219047619047619
0 0.5242857142857142 0.3314285714285714 0.04428571428571428 0.1295238095238095
0 0.5857142857142857 0.2885714285714286 0.04 0.13523809523809524
0 0.5339285714285714 0.1295238095238095 0.04071428571428572 0.11428571428571428
3 0.4775 0.12238095238095238 0.03642857142857143 0.11904761904761904
0 0.6803571428571429 0.9638095238095238 0.07071428571428572 0.07238095238095238
0 0.5575 0.5728571428571428 0.03785714285714286 0.1419047619047619
