0 0.03678571428571428 0.42333333333333334 0.07071428571428572 0.11714285714285715
0 0.11285714285714285 0.44857142857142857 0.10571428571428572 0.15047619047619049
0 0.15678571428571428 0.48904761904761906 0.115 0.15714285714285714
0 0.3025 0.7904761904761904 0.16642857142857143 0.15619047619047619
0 0.37214285714285716 0.7114285714285714 0.15428571428571428 0.14666666666666667
3 0.5467857142857143 0.36857142857142855 0.105 0.11047619047619048
0 0.6017857142857143 0.3361904761904762 0.10928571428571429 0.12
0 0.6853571428571429 0.9461904761904761 0.07785714285714286 0.10380952380952381
3 0.8192857142857143 0.44047619047619047 0.07428571428571429 0.12666666666666668
3 0.8353571428571429 0.32285714285714284 0.05357142857142857 0.1219047619047619
0 0.89 0.1138095238095238 0.06285714285714286 0.08476190476190476
0 0.04178571428571429 0.9523809523809523 0.07928571428571428 0.09523809523809523
0 0.03 0.6761904761904762 0.06 0.11619047619047619
