0 0.4514613778705637 0.849721706864564 0.04592901878914405 0.09090909090909091
3 0.3295929018789144 0.8668831168831169 0.05375782881002088 0.09740259740259741
3 0.3911795407098121 0.7374768089053804 0.04018789144050104 0.08163265306122448
3 0.41727557411273486 0.674860853432282 0.03496868475991649 0.07699443413729128
3 0.5597599164926931 0.5315398886827458 0.024530271398747392 0.05194805194805195
1 0.5900313152400835 0.4452690166975881 0.030793319415448852 0.059369202226345084
0 0.5824634655532359 0.35064935064935066 0.020876826722338204 0.03525046382189239
0 0.5568893528183716 0.3492578849721707 0.020876826722338204 0.038033395176252316
0 0.5863778705636743 0.28014842300556586 0.02139874739039666 0.03153988868274583
0 0.6310020876826722 0.15213358070500926 0.015657620041753653 0.016697588126159554
0 0.6437891440501043 0.10760667903525047 0.008872651356993737 0.022263450834879406
0 0.6482254697286013 0.07421150278293136 0.008350730688935281 0.014842300556586271
0 0.6518789144050104 0.0663265306122449 0.007306889352818371 0.013914656771799629
