0 0.3682142857142857 0.0450507614213198 0.017857142857142856 0.021573604060913704
0 0.365 0.12055837563451777 0.02 0.017766497461928935
3 0.3742857142857143 0.09581218274111675 0.022857142857142857 0.021573604060913704
3 0.3467857142857143 0.16243654822335024 0.025 0.02284263959390863
0 0.3317857142857143 0.2036802030456853 0.023571428571428573 0.01903553299492386
0 0.32035714285714284 0.2296954314720812 0.025 0.02284263959390863
0 0.2646428571428571 0.3534263959390863 0.025 0.021573604060913704
0 0.25607142857142856 0.36611675126903553 0.020714285714285713 0.01903553299492386
0 0.24321428571428572 0.399746192893401 0.025 0.027918781725888325
0 0.03142857142857143 0.6808375634517766 0.037142857142857144 0.03680203045685279
1 0.04178571428571429 0.6402284263959391 0.06642857142857143 0.05964467005076142
0 0.09107142857142857 0.9118020304568528 0.04071428571428572 0.03426395939086294
0 0.26571428571428574 0.8889593908629442 0.032857142857142856 0.05456852791878172
0 0.2567857142857143 0.9809644670050761 0.039285714285714285 0.03553299492385787
0 0.5439285714285714 0.013959390862944163 0.013571428571428571 0.027918781725888325
0 0.5282142857142857 0.10596446700507614 0.013571428571428571 0.02918781725888325
0 0.5082142857142857 0.1751269035532995 0.015 0.03299492385786802
0 0.4878571428571429 0.29885786802030456 0.017142857142857144 0.03934010152284264
0 0.47214285714285714 0.3496192893401015 0.015714285714285715 0.03934010152284264
2 0.4810714285714286 0.25317258883248733 0.03785714285714286 0.11040609137055837
3 0.45821428571428574 0.33248730964467005 0.019285714285714285 0.04568527918781726
0 0.44392857142857145 0.38071065989847713 0.017857142857142856 0.04060913705583756
0 0.45714285714285713 0.4010152284263959 0.017142857142857144 0.048223350253807105
0 0.4278571428571429 0.43718274111675126 0.02142857142857143 0.044416243654822336
0 0.4032142857142857 0.45050761421319796 0.020714285714285713 0.048223350253807105
0 0.40964285714285714 0.48413705583756345 0.02214285714285714 0.05203045685279188
0 0.3917857142857143 0.5361675126903553 0.017857142857142856 0.05456852791878172
0 0.3767857142857143 0.5951776649746193 0.023571428571428573 0.0532994923857868
2 0.42857142857142855 0.4930203045685279 0.03142857142857143 0.07741116751269035
2 0.3792857142857143 0.5126903553299492 0.03142857142857143 0.07614213197969544
2 0.335 0.5862944162436549 0.03142857142857143 0.07614213197969544
0 0.3610714285714286 0.5818527918781726 0.02214285714285714 0.04949238578680203
3 0.4057142857142857 0.567258883248731 0.02142857142857143 0.05583756345177665
3 0.37285714285714283 0.6821065989847716 0.02142857142857143 0.05710659898477157
3 0.6553571428571429 0.9847715736040609 0.03642857142857143 0.027918781725888325
