0 0.3930062630480167 0.827922077922078 0.05323590814196242 0.06957328385899815
1 0.33089770354906056 0.75139146567718 0.05219206680584551 0.07606679035250463
1 0.2450417536534447 0.6428571428571429 0.061064718162839246 0.07235621521335807
1 0.3322025052192067 0.5974025974025974 0.11847599164926931 0.14656771799628943
0 0.9493736951983298 0.9554730983302412 0.03653444676409186 0.08719851576994433
0 0.8363778705636743 0.8548237476808905 0.04540709812108559 0.08441558441558442
3 0.6745824634655533 0.762987012987013 0.03288100208768267 0.06586270871985157
1 0.7335594989561587 0.39888682745825604 0.07150313152400835 0.061224489795918366
1 0.8139352818371608 0.1767161410018553 0.019311064718162838 0.06957328385899815
1 0.8731732776617954 0.12384044526901669 0.017745302713987474 0.05658627087198516
1 0.9783402922755741 0.137291280148423 0.042275574112734866 0.061224489795918366
1 0.9478079331941545 0.08487940630797773 0.016701461377870562 0.039888682745825604
1 0.8932672233820459 0.08070500927643785 0.02139874739039666 0.04638218923933209
0 0.6122129436325678 0.6688311688311688 0.03966597077244259 0.06307977736549165
0 0.583768267223382 0.7402597402597403 0.031837160751565764 0.0686456400742115
0 0.4877348643006263 0.62291280148423 0.03288100208768267 0.05473098330241188
0 0.47390396659707723 0.5769944341372912 0.03653444676409186 0.04638218923933209
0 0.39509394572025053 0.5092764378478665 0.03966597077244259 0.04267161410018553
1 0.4068371607515658 0.46614100185528756 0.031837160751565764 0.039888682745825604
0 0.267223382045929 0.45454545454545453 0.030271398747390398 0.04638218923933209
3 0.28757828810020875 0.4230055658627087 0.033402922755741124 0.03710575139146568
0 0.25417536534446766 0.38636363636363635 0.031315240083507306 0.038033395176252316
0 0.17562630480167016 0.562152133580705 0.07150313152400835 0.08163265306122448
0 0.1315240083507307 0.5097402597402597 0.06367432150313153 0.05473098330241188
1 0.12447807933194155 0.49860853432282004 0.04645093945720251 0.045454545454545456
3 0.1487473903966597 0.30287569573283857 0.028183716075156576 0.026901669758812616
1 0.05036534446764092 0.4271799628942486 0.049582463465553235 0.045454545454545456
3 0.07881002087682672 0.2597402597402597 0.026096033402922755 0.02411873840445269
0 0.06002087682672234 0.22820037105751392 0.027139874739039668 0.02040816326530612
