0 0.4517857142857143 0.6638095238095238 0.025 0.07428571428571429
0 0.44571428571428573 0.5757142857142857 0.024285714285714285 0.07333333333333333
0 0.4367857142857143 0.49666666666666665 0.025 0.07142857142857142
0 0.5514285714285714 0.6333333333333333 0.022857142857142857 0.06857142857142857
0 0.5460714285714285 0.5552380952380952 0.025 0.06857142857142857
0 0.5471428571428572 0.4828571428571429 0.022857142857142857 0.06857142857142857
0 0.5292857142857142 0.2723809523809524 0.022857142857142857 0.06666666666666667
3 0.5653571428571429 0.8371428571428572 0.027857142857142858 0.08190476190476191
3 0.5596428571428571 0.7328571428571429 0.025 0.07714285714285714
3 0.5267857142857143 0.18523809523809523 0.023571428571428573 0.06571428571428571
3 0.52 0.09571428571428571 0.02142857142857143 0.06571428571428571
3 0.1525 0.41095238095238096 0.05357142857142857 0.03142857142857143
3 0.24392857142857144 0.3466666666666667 0.056428571428571425 0.03238095238095238
0 0.16428571428571428 0.45714285714285713 0.05142857142857143 0.03238095238095238
0 0.24928571428571428 0.44571428571428573 0.04857142857142857 0.03238095238095238
0 0.3082142857142857 0.3742857142857143 0.05357142857142857 0.03238095238095238
0 0.23285714285714285 0.4066666666666667 0.05714285714285714 0.03238095238095238
0 0.056428571428571425 0.36904761904761907 0.05714285714285714 0.03333333333333333
1 0.36214285714285716 0.43047619047619046 0.05714285714285714 0.030476190476190476
1 0.54 0.370952380952381 0.025714285714285714 0.08095238095238096
1 0.08428571428571428 0.43523809523809526 0.06857142857142857 0.03238095238095238
