3 0.24821428571428572 0.06142857142857143 0.027857142857142858 0.021904761904761906
3 0.26357142857142857 0.09047619047619047 0.02857142857142857 0.022857142857142857
0 0.25357142857142856 0.08761904761904762 0.02142857142857143 0.013333333333333334
0 0.2842857142857143 0.09571428571428571 0.025714285714285714 0.018095238095238095
0 0.30107142857142855 0.1 0.02642857142857143 0.017142857142857144
0 0.32357142857142857 0.10476190476190476 0.03142857142857143 0.02095238095238095
0 0.2860714285714286 0.07571428571428572 0.027857142857142858 0.018095238095238095
0 0.31214285714285717 0.08238095238095237 0.025714285714285714 0.018095238095238095
0 0.2875 0.06571428571428571 0.02642857142857143 0.013333333333333334
0 0.35535714285714287 0.10952380952380952 0.03214285714285714 0.01904761904761905
0 0.3842857142857143 0.11714285714285715 0.025714285714285714 0.01904761904761905
0 0.4025 0.11952380952380952 0.029285714285714286 0.018095238095238095
0 0.4232142857142857 0.12428571428571429 0.025 0.021904761904761906
3 0.39535714285714285 0.08142857142857143 0.027857142857142858 0.025714285714285714
3 0.42428571428571427 0.08571428571428572 0.024285714285714285 0.02666666666666667
0 0.4632142857142857 0.09285714285714286 0.029285714285714286 0.02
0 0.4757142857142857 0.09761904761904762 0.027142857142857142 0.02
0 0.4932142857142857 0.09952380952380953 0.02642857142857143 0.021904761904761906
0 0.43464285714285716 0.1761904761904762 0.04357142857142857 0.030476190476190476
1 0.6046428571428571 0.02666666666666667 0.03357142857142857 0.024761904761904763
1 0.5639285714285714 0.0980952380952381 0.03357142857142857 0.02095238095238095
1 0.5657142857142857 0.08666666666666667 0.018571428571428572 0.015238095238095238
1 0.5467857142857143 0.08476190476190476 0.020714285714285713 0.01904761904761905
1 0.5325 0.06571428571428571 0.025 0.017142857142857144
0 0.6110714285714286 0.06761904761904762 0.017857142857142856 0.017142857142857144
1 0.515 0.13285714285714287 0.05142857142857143 0.04666666666666667
2 0.8042857142857143 0.05285714285714286 0.027142857142857142 0.035238095238095235
0 0.8185714285714286 0.04047619047619048 0.008571428571428572 0.012380952380952381
3 0.835 0.040952380952380955 0.01 0.015238095238095238
3 0.8378571428571429 0.03142857142857143 0.01 0.015238095238095238
2 0.9346428571428571 0.047142857142857146 0.020714285714285713 0.03142857142857143
3 0.02857142857142857 0.17666666666666667 0.05714285714285714 0.04285714285714286
1 0.17035714285714285 0.21476190476190476 0.09214285714285714 0.08095238095238096
0 0.6746428571428571 0.4276190476190476 0.055 0.07809523809523809
0 0.6639285714285714 0.3595238095238095 0.03642857142857143 0.06190476190476191
0 0.6414285714285715 0.2733333333333333 0.024285714285714285 0.04380952380952381
0 0.7360714285714286 0.15523809523809523 0.02214285714285714 0.02666666666666667
0 0.7292857142857143 0.12666666666666668 0.024285714285714285 0.024761904761904763
0 0.7503571428571428 0.13142857142857142 0.020714285714285713 0.02857142857142857
0 0.7635714285714286 0.11714285714285715 0.018571428571428572 0.022857142857142857
0 0.7764285714285715 0.14 0.018571428571428572 0.02666666666666667
0 0.7867857142857143 0.12904761904761905 0.015 0.023809523809523808
0 0.795 0.1138095238095238 0.018571428571428572 0.021904761904761906
0 0.8232142857142857 0.11428571428571428 0.013571428571428571 0.022857142857142857
0 0.8110714285714286 0.12761904761904763 0.020714285714285713 0.02857142857142857
0 0.8053571428571429 0.14714285714285713 0.017857142857142856 0.021904761904761906
3 0.7671428571428571 0.15619047619047619 0.022857142857142857 0.03619047619047619
3 0.8 0.16380952380952382 0.02142857142857143 0.03619047619047619
0 0.2860714285714286 0.38761904761904764 0.09928571428571428 0.06285714285714286
3 0.3410714285714286 0.5614285714285714 0.15357142857142858 0.10952380952380952
1 0.30428571428571427 0.7690476190476191 0.09285714285714286 0.24666666666666667
