0 0.1717857142857143 0.011904761904761904 0.035 0.023809523809523808
0 0.17142857142857143 0.04238095238095238 0.03 0.040952380952380955
0 0.1667857142857143 0.09380952380952381 0.04214285714285714 0.07142857142857142
0 0.16392857142857142 0.16523809523809524 0.04214285714285714 0.06952380952380953
0 0.21964285714285714 0.10857142857142857 0.04357142857142857 0.07238095238095238
0 0.16857142857142857 0.23476190476190475 0.045714285714285714 0.06761904761904762
0 0.1625 0.3061904761904762 0.055 0.10761904761904761
0 0.17 0.4104761904761905 0.08 0.12
1 0.14035714285714285 0.8980952380952381 0.12785714285714286 0.2019047619047619
0 0.3817857142857143 0.11857142857142858 0.039285714285714285 0.06571428571428571
0 0.4975 0.17142857142857143 0.04214285714285714 0.06666666666666667
0 0.6282142857142857 0.014761904761904763 0.047857142857142855 0.029523809523809525
0 0.6496428571428572 0.0419047619047619 0.065 0.045714285714285714
0 0.535 0.10666666666666667 0.04857142857142857 0.05333333333333334
0 0.6014285714285714 0.1442857142857143 0.045714285714285714 0.06380952380952382
0 0.6303571428571428 0.10714285714285714 0.05357142857142857 0.06952380952380953
1 0.6014285714285714 0.22714285714285715 0.07571428571428572 0.1019047619047619
0 0.5628571428571428 0.2814285714285714 0.05285714285714286 0.07904761904761905
0 0.6492857142857142 0.33095238095238094 0.07714285714285714 0.09238095238095238
0 0.6382142857142857 0.4357142857142857 0.07928571428571428 0.12095238095238095
3 0.7175 0.4576190476190476 0.09214285714285714 0.11523809523809524
3 0.7257142857142858 0.32857142857142857 0.09714285714285714 0.11428571428571428
0 0.7592857142857142 0.20047619047619047 0.07142857142857142 0.09428571428571429
0 0.9221428571428572 0.37952380952380954 0.11571428571428571 0.09428571428571429
0 0.9071428571428571 0.48523809523809525 0.13 0.10761904761904761
0 0.7989285714285714 0.5752380952380952 0.10928571428571429 0.12571428571428572
0 0.8764285714285714 0.7633333333333333 0.13857142857142857 0.19714285714285715
0 0.9382142857142857 0.7119047619047619 0.12214285714285714 0.19904761904761906
0 0.9571428571428572 0.5480952380952381 0.08 0.1019047619047619
