0 0.105 0.6579949238578681 0.07142857142857142 0.1383248730964467
0 0.16464285714285715 0.6516497461928934 0.060714285714285714 0.13578680203045684
1 0.24678571428571427 0.5907360406091371 0.08928571428571429 0.22461928934010153
1 0.17 0.06979695431472081 0.05857142857142857 0.09137055837563451
0 0.14214285714285715 0.31789340101522845 0.047142857142857146 0.07233502538071065
0 0.155 0.1865482233502538 0.03857142857142857 0.04568527918781726
0 0.21071428571428572 0.09200507614213198 0.024285714285714285 0.03426395939086294
0 0.24857142857142858 0.06662436548223351 0.027142857142857142 0.03680203045685279
0 0.285 0.11548223350253807 0.02857142857142857 0.0583756345177665
0 0.7960714285714285 0.7328680203045685 0.07785714285714286 0.05964467005076142
0 0.8514285714285714 0.8001269035532995 0.09 0.07487309644670051
3 0.9607142857142857 0.7214467005076142 0.07857142857142857 0.06725888324873096
1 0.605 0.34517766497461927 0.04285714285714286 0.1218274111675127
0 0.505 0.08565989847715735 0.012857142857142857 0.024111675126903553
0 0.5114285714285715 0.06281725888324872 0.015714285714285715 0.031725888324873094
0 0.5171428571428571 0.04378172588832487 0.012857142857142857 0.024111675126903553
0 0.5853571428571429 0.02601522842639594 0.013571428571428571 0.03934010152284264
3 0.5189285714285714 0.02030456852791878 0.012142857142857143 0.025380710659898477
