0 0.081 0.6443333333333333 0.145 0.11266666666666666
0 0.45925 0.704 0.0745 0.172
3 0.74725 0.675 0.0665 0.20066666666666666
1 0.84925 0.5926666666666667 0.1935 0.22533333333333333
0 0.838 0.5016666666666667 0.1 0.06866666666666667
0 0.9605 0.5256666666666666 0.079 0.07
0 0.95625 0.4176666666666667 0.0875 0.06466666666666666
0 0.7915 0.38966666666666666 0.096 0.06733333333333333
3 0.858 0.3436666666666667 0.096 0.074
0 0.672 0.3313333333333333 0.06 0.06
0 0.4915 0.369 0.045 0.07933333333333334
3 0.83925 0.249 0.0825 0.066
0 0.522 0.296 0.036 0.06133333333333333
0 0.539 0.228 0.033 0.052
0 0.558 0.16566666666666666 0.03 0.046
0 0.6595 0.05633333333333333 0.037 0.024666666666666667
0 0.62675 0.056666666666666664 0.0165 0.024
0 0.63275 0.038 0.0205 0.025333333333333333
0 0.63425 0.019333333333333334 0.0155 0.016
0 0.73725 0.17733333333333334 0.0265 0.044
3 0.72075 0.06266666666666666 0.0155 0.030666666666666665
0 0.7415 0.060333333333333336 0.026 0.026
0 0.73525 0.02266666666666667 0.0185 0.02266666666666667
0 0.791 0.061 0.049 0.020666666666666667
3 0.7895 0.08366666666666667 0.038 0.038
0 0.798 0.07433333333333333 0.046 0.027333333333333334
0 0.86825 0.067 0.0425 0.023333333333333334
0 0.8155 0.148 0.059 0.03333333333333333
0 0.816 0.13466666666666666 0.028 0.024
