3 0.30642857142857144 0.03236040609137056 0.022857142857142857 0.0266497461928934
3 0.3392857142857143 0.03426395939086294 0.022857142857142857 0.02284263959390863
0 0.4014285714285714 0.01903553299492386 0.015714285714285715 0.015228426395939087
0 0.3992857142857143 0.0266497461928934 0.017142857142857144 0.015228426395939087
0 0.40035714285714286 0.03299492385786802 0.017857142857142856 0.015228426395939087
3 0.3896428571428571 0.0583756345177665 0.025 0.02030456852791878
3 0.3560714285714286 0.09771573604060914 0.009285714285714286 0.017766497461928935
0 0.3939285714285714 0.15418781725888325 0.02214285714285714 0.013959390862944163
0 0.5782142857142857 0.010786802030456852 0.0064285714285714285 0.013959390862944163
0 0.5657142857142857 0.031091370558375634 0.005714285714285714 0.011421319796954314
0 0.5617857142857143 0.05203045685279188 0.007857142857142858 0.015228426395939087
3 0.5582142857142857 0.07423857868020305 0.007857142857142858 0.01649746192893401
2 0.5739285714285715 0.038705583756345176 0.010714285714285714 0.04187817258883249
2 0.57 0.07614213197969544 0.012857142857142857 0.05583756345177665
2 0.5210714285714285 0.08312182741116751 0.02214285714285714 0.05203045685279188
3 0.5846428571428571 0.08058375634517767 0.0064285714285714285 0.01649746192893401
0 0.5814285714285714 0.1313451776649746 0.008571428571428572 0.01903553299492386
0 0.565 0.12880710659898478 0.008571428571428572 0.01903553299492386
2 0.6160714285714286 0.11357868020304568 0.017857142857142856 0.06472081218274112
3 0.5542857142857143 0.10152284263959391 0.007142857142857143 0.015228426395939087
2 0.55 0.13451776649746192 0.014285714285714285 0.06598984771573604
2 0.47035714285714286 0.23794416243654823 0.030714285714285715 0.06979695431472081
0 0.48178571428571426 0.18083756345177665 0.013571428571428571 0.021573604060913704
0 0.55 0.19416243654822335 0.008571428571428572 0.02030456852791878
0 0.565 0.20304568527918782 0.01 0.02030456852791878
2 0.5846428571428571 0.22398477157360405 0.012142857142857143 0.04187817258883249
0 0.5528571428571428 0.23921319796954316 0.01 0.024111675126903553
0 0.5539285714285714 0.29949238578680204 0.012142857142857143 0.02284263959390863
0 0.6664285714285715 0.29441624365482233 0.015714285714285715 0.03299492385786802
3 0.7239285714285715 0.42449238578680204 0.02214285714285714 0.044416243654822336
0 0.6960714285714286 0.5761421319796954 0.020714285714285713 0.04568527918781726
0 0.6475 0.5532994923857868 0.020714285714285713 0.048223350253807105
0 0.6089285714285714 0.6116751269035533 0.020714285714285713 0.048223350253807105
0 0.7360714285714286 0.8927664974619289 0.030714285714285715 0.0799492385786802
0 0.5032142857142857 0.7201776649746193 0.03642857142857143 0.03426395939086294
2 0.42714285714285716 0.575507614213198 0.047142857142857146 0.06725888324873096
2 0.43714285714285717 0.5520304568527918 0.06571428571428571 0.09137055837563451
2 0.44607142857142856 0.5279187817258884 0.065 0.08883248730964467
2 0.4492857142857143 0.5 0.06428571428571428 0.08121827411167512
2 0.4710714285714286 0.49619289340101524 0.03642857142857143 0.0583756345177665
2 0.4664285714285714 0.4619289340101523 0.06428571428571428 0.08121827411167512
2 0.47035714285714286 0.4416243654822335 0.06357142857142857 0.07868020304568528
2 0.4725 0.4137055837563452 0.05928571428571429 0.07106598984771574
2 0.48928571428571427 0.3819796954314721 0.04857142857142857 0.06345177664974619
2 0.49464285714285716 0.3616751269035533 0.05928571428571429 0.07106598984771574
2 0.4417857142857143 0.31408629441624364 0.02214285714285714 0.05456852791878172
2 0.4160714285714286 0.4029187817258883 0.045 0.0850253807106599
2 0.3889285714285714 0.49238578680203043 0.035 0.07614213197969544
2 0.3725 0.4739847715736041 0.05071428571428571 0.09517766497461928
2 0.3675 0.4403553299492386 0.052142857142857144 0.09137055837563451
0 0.030714285714285715 0.5653553299492385 0.022857142857142857 0.03680203045685279
0 0.06464285714285714 0.5983502538071066 0.025 0.03680203045685279
3 0.3175 0.766497461928934 0.04071428571428572 0.03807106598984772
3 0.06857142857142857 0.958756345177665 0.045714285714285714 0.05964467005076142
