0 0.47714285714285715 0.4061904761904762 0.027142857142857142 0.03142857142857143
0 0.48214285714285715 0.430952380952381 0.03142857142857143 0.035238095238095235
0 0.45785714285714285 0.4680952380952381 0.03428571428571429 0.04857142857142857
3 0.48178571428571426 0.5323809523809524 0.05071428571428571 0.0838095238095238
0 0.36857142857142855 0.439047619047619 0.05285714285714286 0.02857142857142857
0 0.4117857142857143 0.41523809523809524 0.025 0.045714285714285714
0 0.4135714285714286 0.4004761904761905 0.027142857142857142 0.03142857142857143
0 0.4542857142857143 0.3304761904761905 0.03857142857142857 0.01904761904761905
3 0.4117857142857143 0.3142857142857143 0.010714285714285714 0.024761904761904763
0 0.36642857142857144 0.38095238095238093 0.04285714285714286 0.02666666666666667
0 0.4635714285714286 0.35619047619047617 0.04285714285714286 0.022857142857142857
0 0.48214285714285715 0.3680952380952381 0.05 0.02761904761904762
