3 0.95725 0.8966666666666666 0.0855 0.064
0 0.7195 0.8636666666666667 0.069 0.05533333333333333
0 0.56275 0.8636666666666667 0.0765 0.04466666666666667
0 0.475 0.8593333333333333 0.078 0.036
0 0.358 0.856 0.058 0.028
0 0.276 0.8583333333333333 0.07 0.035333333333333335
3 0.0865 0.8583333333333333 0.088 0.042
0 0.01325 0.8513333333333334 0.0265 0.03333333333333333
0 0.576 0.5016666666666667 0.091 0.043333333333333335
0 0.595 0.3406666666666667 0.058 0.034666666666666665
0 0.4955 0.33866666666666667 0.057 0.032
0 0.37775 0.371 0.0395 0.03
0 0.0145 0.35333333333333333 0.029 0.028
0 0.0825 0.3446666666666667 0.053 0.032
0 0.23425 0.339 0.0575 0.034
3 0.31625 0.329 0.0615 0.038
