0 0.26357142857142857 0.08238095238095237 0.07142857142857142 0.05238095238095238
1 0.33035714285714285 0.14142857142857143 0.03214285714285714 0.10761904761904761
0 0.245 0.2 0.04857142857142857 0.047619047619047616
0 0.2525 0.2947619047619048 0.047857142857142855 0.04666666666666667
0 0.25857142857142856 0.33380952380952383 0.05 0.04476190476190476
0 0.30714285714285716 0.9414285714285714 0.07571428571428572 0.06571428571428571
0 0.3192857142857143 0.9838095238095238 0.08285714285714285 0.03238095238095238
0 0.5507142857142857 0.7966666666666666 0.07285714285714286 0.06380952380952382
1 0.5125 0.2652380952380952 0.039285714285714285 0.11142857142857143
0 0.5439285714285714 0.44142857142857145 0.04928571428571429 0.035238095238095235
0 0.6196428571428572 0.48238095238095235 0.03785714285714286 0.06380952380952382
0 0.5517857142857143 0.4776190476190476 0.04071428571428572 0.03142857142857143
0 0.5525 0.5161904761904762 0.04928571428571429 0.03619047619047619
0 0.5507142857142857 0.628095238095238 0.07285714285714286 0.06761904761904762
