0 0.08820459290187892 0.7411873840445269 0.06367432150313153 0.055658627087198514
0 0.1581419624217119 0.5783858998144712 0.05636743215031315 0.04359925788497217
0 0.16884133611691024 0.44712430426716143 0.02139874739039666 0.05009276437847866
0 0.19963465553235907 0.4067717996289425 0.02244258872651357 0.041743970315398886
0 0.18397703549060543 0.31307977736549164 0.030793319415448852 0.0287569573283859
3 0.223643006263048 0.27968460111317256 0.014091858037578288 0.026901669758812616
3 0.22599164926931106 0.24397031539888683 0.020876826722338204 0.02040816326530612
0 0.27505219206680587 0.1924860853432282 0.010438413361169102 0.015769944341372914
0 0.27505219206680587 0.18274582560296845 0.018789144050104383 0.012987012987012988
0 0.7306889352818372 0.9401669758812616 0.06576200417536535 0.11781076066790352
3 0.6894572025052192 0.7282003710575139 0.04279749478079332 0.07235621521335807
0 0.6829331941544885 0.6405380333951762 0.04018789144050104 0.06215213358070501
1 0.5073068893528184 0.5236549165120594 0.038622129436325675 0.09369202226345083
1 0.5250521920668059 0.33487940630797774 0.028183716075156576 0.03153988868274583
0 0.49086638830897705 0.21382189239332097 0.014091858037578288 0.01948051948051948
0 0.44832985386221297 0.13218923933209648 0.007306889352818371 0.013914656771799629
0 0.4222338204592902 0.29267161410018555 0.013569937369519834 0.021335807050092765
0 0.4188413361169102 0.2258812615955473 0.009916492693110648 0.01948051948051948
2 0.3893528183716075 0.15955473098330242 0.009394572025052192 0.022263450834879406
0 0.3911795407098121 0.14703153988868276 0.005741127348643006 0.012059369202226345
0 0.40944676409185804 0.14100185528756956 0.006784968684759917 0.011131725417439703
0 0.4068371607515658 0.12894248608534323 0.005741127348643006 0.00927643784786642
0 0.4052713987473904 0.11966604823747681 0.005741127348643006 0.00927643784786642
1 0.4201461377870564 0.10482374768089053 0.007306889352818371 0.016697588126159554
1 0.4057933194154488 0.10435992578849722 0.008872651356993737 0.01948051948051948
3 0.4026617954070981 0.06910946196660482 0.004697286012526096 0.008348794063079777
1 0.4081419624217119 0.06168831168831169 0.005219206680584551 0.008348794063079777
3 0.4394572025052192 0.09647495361781076 0.005219206680584551 0.00927643784786642
1 0.450678496868476 0.26205936920222633 0.019311064718162838 0.036178107606679034
3 0.4078810020876827 0.05102040816326531 0.004697286012526096 0.0055658627087198514
3 0.7640918580375783 0.4067717996289425 0.026096033402922755 0.030612244897959183
1 0.7943632567849687 0.4044526901669759 0.04801670146137787 0.04267161410018553
