0 0.9557142857142857 0.32142857142857145 0.05285714285714286 0.02761904761904762
3 0.9017857142857143 0.34285714285714286 0.065 0.0419047619047619
0 0.9185714285714286 0.3442857142857143 0.04 0.02
0 0.8517857142857143 0.3647619047619048 0.05928571428571429 0.03619047619047619
0 0.8246428571428571 0.37714285714285717 0.047857142857142855 0.03238095238095238
3 0.7839285714285714 0.3761904761904762 0.05357142857142857 0.0419047619047619
0 0.9914285714285714 0.33285714285714285 0.017142857142857144 0.03142857142857143
1 0.9735714285714285 0.4033333333333333 0.05285714285714286 0.04476190476190476
0 0.7182142857142857 0.35619047619047617 0.04928571428571429 0.030476190476190476
0 0.7360714285714286 0.40714285714285714 0.065 0.04857142857142857
0 0.7178571428571429 0.4176190476190476 0.06571428571428571 0.04476190476190476
3 0.7271428571428571 0.5352380952380953 0.09142857142857143 0.08952380952380952
0 0.6442857142857142 0.4533333333333333 0.06571428571428571 0.05333333333333334
0 0.7985714285714286 0.6971428571428572 0.10428571428571429 0.08190476190476191
0 0.6982142857142857 0.8042857142857143 0.12642857142857142 0.13047619047619047
0 0.5657142857142857 0.9176190476190477 0.18285714285714286 0.16476190476190475
0 0.5792857142857143 0.6152380952380953 0.10142857142857142 0.09142857142857143
