0 0.45607142857142857 0.6442857142857142 0.075 0.15714285714285714
0 0.47714285714285715 0.4452380952380952 0.04857142857142857 0.07333333333333333
0 0.38035714285714284 0.42142857142857143 0.04071428571428572 0.06
3 0.3992857142857143 0.3414285714285714 0.02857142857142857 0.04857142857142857
0 0.5814285714285714 0.36238095238095236 0.04428571428571428 0.040952380952380955
0 0.4567857142857143 0.29904761904761906 0.02642857142857143 0.03238095238095238
0 0.44107142857142856 0.26857142857142857 0.02214285714285714 0.02666666666666667
0 0.5335714285714286 0.29619047619047617 0.02857142857142857 0.024761904761904763
0 0.49892857142857144 0.2719047619047619 0.02214285714285714 0.025714285714285714
0 0.4064285714285714 0.19952380952380952 0.005714285714285714 0.004761904761904762
0 0.40285714285714286 0.19666666666666666 0.005714285714285714 0.006666666666666667
2 0.40214285714285714 0.17714285714285713 0.007142857142857143 0.011428571428571429
0 0.36714285714285716 0.2119047619047619 0.011428571428571429 0.012380952380952381
1 0.8525 0.8361904761904762 0.2907142857142857 0.32761904761904764
0 0.9417857142857143 0.34285714285714286 0.07357142857142857 0.03238095238095238
3 0.8707142857142857 0.31666666666666665 0.05857142857142857 0.039047619047619046
0 0.8503571428571428 0.3119047619047619 0.05357142857142857 0.029523809523809525
0 0.9146428571428571 0.3028571428571429 0.04214285714285714 0.03238095238095238
0 0.9825 0.31952380952380954 0.035 0.035238095238095235
0 0.9728571428571429 0.29428571428571426 0.054285714285714284 0.03619047619047619
0 0.9282142857142858 0.3261904761904762 0.060714285714285714 0.029523809523809525
3 0.03785714285714286 0.40714285714285714 0.07571428571428572 0.06
0 0.0275 0.4471428571428571 0.052142857142857144 0.04285714285714286
