0 0.44075 0.6073333333333333 0.0155 0.024
0 0.47025 0.579 0.0265 0.018
0 0.535 0.5746666666666667 0.026 0.017333333333333333
0 0.5825 0.5773333333333334 0.029 0.014666666666666666
0 0.60925 0.6063333333333333 0.0135 0.023333333333333334
0 0.57 0.6106666666666667 0.013 0.017333333333333333
0 0.62625 0.6236666666666667 0.0265 0.022
0 0.6425 0.633 0.029 0.016666666666666666
0 0.649 0.6553333333333333 0.033 0.018666666666666668
0 0.659 0.6733333333333333 0.034 0.02
0 0.6615 0.6856666666666666 0.032 0.018
0 0.66675 0.6976666666666667 0.0345 0.018
0 0.669 0.708 0.028 0.024
0 0.67975 0.7196666666666667 0.0365 0.016666666666666666
0 0.6795 0.7326666666666667 0.037 0.018666666666666668
0 0.67825 0.749 0.0415 0.020666666666666667
0 0.681 0.7646666666666667 0.039 0.02266666666666667
0 0.68875 0.7833333333333333 0.0445 0.021333333333333333
0 0.692 0.797 0.042 0.020666666666666667
0 0.696 0.8116666666666666 0.045 0.024666666666666667
0 0.7145 0.8506666666666667 0.052 0.032
0 0.7105 0.8763333333333333 0.056 0.03133333333333333
0 0.726 0.9006666666666666 0.051 0.02666666666666667
3 0.68975 0.923 0.0335 0.06866666666666667
0 0.64225 0.9486666666666667 0.0305 0.05333333333333334
0 0.39775 0.8356666666666667 0.0465 0.03266666666666666
0 0.5865 0.946 0.058 0.037333333333333336
0 0.6645 0.827 0.033 0.05
0 0.5795 0.8696666666666667 0.047 0.03266666666666666
0 0.5195 0.941 0.058 0.035333333333333335
0 0.5835 0.9153333333333333 0.053 0.03333333333333333
0 0.52075 0.914 0.0565 0.032
0 0.521 0.8896666666666667 0.051 0.028666666666666667
0 0.526 0.8676666666666667 0.049 0.03133333333333333
0 0.52725 0.8436666666666667 0.0515 0.03266666666666666
0 0.52425 0.8233333333333334 0.0435 0.025333333333333333
0 0.52575 0.8056666666666666 0.0465 0.024666666666666667
0 0.524 0.7873333333333333 0.042 0.024
0 0.58025 0.8486666666666667 0.0505 0.028
0 0.5785 0.8283333333333334 0.045 0.026
0 0.576 0.8093333333333333 0.043 0.02666666666666667
0 0.5695 0.792 0.04 0.02666666666666667
0 0.5705 0.7746666666666666 0.046 0.024
3 0.574 0.7566666666666667 0.044 0.028
0 0.5255 0.7726666666666666 0.038 0.02266666666666667
0 0.52125 0.7583333333333333 0.0435 0.024666666666666667
0 0.5725 0.7433333333333333 0.042 0.02
3 0.52425 0.7396666666666667 0.0395 0.027333333333333334
0 0.5715 0.73 0.038 0.02266666666666667
0 0.57025 0.716 0.0395 0.02266666666666667
0 0.5655 0.7036666666666667 0.033 0.022
0 0.5665 0.6926666666666667 0.039 0.02266666666666667
0 0.56575 0.6813333333333333 0.0355 0.02
0 0.56925 0.67 0.0325 0.021333333333333333
0 0.5665 0.6593333333333333 0.034 0.018666666666666668
0 0.56225 0.648 0.0375 0.02
0 0.565 0.6376666666666667 0.034 0.015333333333333332
0 0.56175 0.6286666666666667 0.0285 0.014666666666666666
0 0.5255 0.7156666666666667 0.036 0.022
0 0.5255 0.702 0.038 0.02
0 0.52425 0.6893333333333334 0.0365 0.018666666666666668
0 0.52525 0.6686666666666666 0.0335 0.021333333333333333
0 0.52425 0.6573333333333333 0.0335 0.018666666666666668
0 0.5255 0.647 0.028 0.016666666666666666
3 0.5255 0.6363333333333333 0.03 0.022
0 0.52075 0.6276666666666667 0.0295 0.016666666666666666
0 0.40025 0.81 0.0475 0.028
0 0.40325 0.7903333333333333 0.0465 0.027333333333333334
0 0.4085 0.7736666666666666 0.041 0.024666666666666667
0 0.4085 0.759 0.044 0.023333333333333334
0 0.41375 0.7443333333333333 0.0405 0.022
3 0.41575 0.7276666666666667 0.0415 0.026
0 0.41825 0.7146666666666667 0.0375 0.021333333333333333
0 0.424 0.7026666666666667 0.034 0.018666666666666668
0 0.4275 0.6906666666666667 0.036 0.021333333333333333
0 0.43025 0.679 0.0305 0.018
0 0.43325 0.669 0.0355 0.020666666666666667
0 0.4345 0.6573333333333333 0.032 0.017333333333333333
0 0.43575 0.6476666666666666 0.0335 0.016666666666666666
0 0.786 0.5936666666666667 0.028 0.018
