0 0.5146428571428572 0.9003807106598984 0.065 0.13578680203045684
3 0.46 0.7779187817258884 0.06285714285714286 0.1218274111675127
3 0.4142857142857143 0.6700507614213198 0.05142857142857143 0.11421319796954314
0 0.3460714285714286 0.5171319796954315 0.04214285714285714 0.08756345177664974
0 0.2025 0.2906091370558376 0.027857142857142858 0.050761421319796954
0 0.125 0.06916243654822335 0.024285714285714285 0.031725888324873094
0 0.09142857142857143 0.01903553299492386 0.014285714285714285 0.030456852791878174
3 0.31607142857142856 0.4530456852791878 0.039285714285714285 0.08375634517766498
3 0.2839285714285714 0.39276649746192893 0.03642857142857143 0.07233502538071065
3 0.25642857142857145 0.33946700507614214 0.032857142857142856 0.05964467005076142
3 0.23642857142857143 0.2982233502538071 0.032857142857142856 0.06598984771573604
3 0.21642857142857144 0.25951776649746194 0.027142857142857142 0.05710659898477157
0 0.2032142857142857 0.22715736040609136 0.017857142857142856 0.03553299492385787
0 0.3796428571428571 0.5958121827411168 0.05071428571428571 0.0901015228426396
3 0.9089285714285714 0.6104060913705583 0.05357142857142857 0.07614213197969544
0 0.9128571428571428 0.6694162436548223 0.06 0.07487309644670051
3 0.8389285714285715 0.5177664974619289 0.045 0.06852791878172589
0 0.8717857142857143 0.4815989847715736 0.04357142857142857 0.06218274111675127
3 0.8817857142857143 0.41624365482233505 0.04357142857142857 0.0583756345177665
0 0.9457142857142857 0.5717005076142132 0.054285714285714284 0.06979695431472081
0 0.9757142857142858 0.6072335025380711 0.04428571428571428 0.05710659898477157
0 0.9867857142857143 0.7398477157360406 0.02642857142857143 0.07868020304568528
0 0.5617857142857143 0.983502538071066 0.039285714285714285 0.030456852791878174
