0 0.09175 0.4696666666666667 0.0125 0.015333333333333332
0 0.10775 0.4676666666666667 0.0125 0.015333333333333332
0 0.031 0.4136666666666667 0.023 0.01
0 0.32225 0.4876666666666667 0.0125 0.018
0 0.322 0.5223333333333333 0.013 0.020666666666666667
0 0.31875 0.5513333333333333 0.0135 0.021333333333333333
0 0.32625 0.454 0.0105 0.016
0 0.051 0.5583333333333333 0.039 0.018
0 0.044 0.5483333333333333 0.039 0.018
0 0.043 0.5233333333333333 0.036 0.016
0 0.0295 0.4513333333333333 0.027 0.013333333333333334
0 0.04175 0.404 0.0205 0.008
0 0.10475 0.48633333333333334 0.0155 0.014
0 0.1205 0.485 0.015 0.015333333333333332
3 0.045 0.396 0.019 0.009333333333333334
0 0.02925 0.44433333333333336 0.0255 0.011333333333333334
0 0.02775 0.43766666666666665 0.0255 0.011333333333333334
0 0.03925 0.477 0.0425 0.022
0 0.0295 0.4653333333333333 0.032 0.014666666666666666
0 0.043 0.518 0.029 0.016
0 0.187 0.6566666666666666 0.049 0.028
0 0.44825 0.6463333333333333 0.0415 0.026
0 0.26475 0.6363333333333333 0.0345 0.028666666666666667
0 0.38525 0.6033333333333334 0.0365 0.02266666666666667
0 0.436 0.55 0.015 0.028
0 0.28225 0.392 0.0105 0.010666666666666666
0 0.2965 0.37633333333333335 0.009 0.011333333333333334
0 0.289 0.38466666666666666 0.01 0.010666666666666666
3 0.3655 0.4156666666666667 0.022 0.011333333333333334
3 0.40325 0.5536666666666666 0.0105 0.016666666666666666
0 0.41825 0.5476666666666666 0.0145 0.022
3 0.282 0.372 0.011 0.009333333333333334
1 0.30575 0.3903333333333333 0.0255 0.016666666666666666
3 0.31725 0.383 0.0145 0.01
1 0.365 0.43666666666666665 0.032 0.018666666666666668
1 0.047 0.5873333333333334 0.064 0.037333333333333336
1 0.087 0.5363333333333333 0.026 0.035333333333333335
0 0.5875 0.5026666666666667 0.029 0.013333333333333334
0 0.62175 0.5046666666666667 0.0275 0.016
0 0.5825 0.49466666666666664 0.025 0.013333333333333334
0 0.61525 0.496 0.0265 0.014666666666666666
0 0.57775 0.486 0.0265 0.013333333333333334
0 0.594 0.474 0.026 0.012
3 0.565 0.4716666666666667 0.028 0.018
0 0.55375 0.46 0.0225 0.013333333333333334
0 0.54075 0.445 0.0265 0.015333333333333332
0 0.57575 0.45266666666666666 0.0225 0.013333333333333334
0 0.571 0.44566666666666666 0.022 0.012666666666666666
0 0.564 0.44033333333333335 0.022 0.012666666666666666
1 0.57125 0.42533333333333334 0.0175 0.025333333333333333
1 0.58575 0.45866666666666667 0.0325 0.021333333333333333
0 0.63275 0.5193333333333333 0.0245 0.02
3 0.5815 0.408 0.017 0.012
0 0.77725 0.48733333333333334 0.0225 0.02
1 0.95425 0.43933333333333335 0.0195 0.032
0 0.8645 0.5303333333333333 0.03 0.015333333333333332
0 0.8315 0.5366666666666666 0.026 0.013333333333333334
0 0.64175 0.5916666666666667 0.0375 0.023333333333333334
0 0.59275 0.62 0.0375 0.024
0 0.55475 0.628 0.0375 0.024
0 0.5095 0.6363333333333333 0.04 0.026
0 0.5625 0.5856666666666667 0.034 0.019333333333333334
0 0.60175 0.523 0.0305 0.020666666666666667
0 0.5125 0.6666666666666666 0.041 0.030666666666666665
3 0.66575 0.8653333333333333 0.0495 0.06933333333333333
