0 0.09321428571428571 0.48 0.02214285714285714 0.03238095238095238
0 0.16071428571428573 0.5495238095238095 0.03 0.01904761904761905
3 0.19678571428571429 0.5561904761904762 0.030714285714285715 0.01904761904761905
1 0.24964285714285714 0.5052380952380953 0.03357142857142857 0.018095238095238095
0 0.40785714285714286 0.36904761904761907 0.03 0.02
0 0.4085714285714286 0.3466666666666667 0.02857142857142857 0.01904761904761905
0 0.5517857142857143 0.5228571428571429 0.02642857142857143 0.022857142857142857
0 0.5557142857142857 0.4361904761904762 0.012857142857142857 0.04
0 0.6057142857142858 0.47619047619047616 0.017142857142857144 0.03619047619047619
0 0.4614285714285714 0.1895238095238095 0.014285714285714285 0.0380952380952381
0 0.4 0.0880952380952381 0.014285714285714285 0.040952380952380955
0 0.38321428571428573 0.09333333333333334 0.016428571428571428 0.04
0 0.48928571428571427 0.37761904761904763 0.027142857142857142 0.018095238095238095
0 0.49107142857142855 0.35523809523809524 0.025 0.015238095238095238
0 0.42678571428571427 0.19238095238095237 0.029285714285714286 0.022857142857142857
0 0.38357142857142856 0.16952380952380952 0.025714285714285714 0.01904761904761905
1 0.41285714285714287 0.24952380952380954 0.04 0.02857142857142857
1 0.49357142857142855 0.3361904761904762 0.027142857142857142 0.01904761904761905
1 0.49785714285714283 0.4061904761904762 0.03142857142857143 0.018095238095238095
1 0.49214285714285716 0.42523809523809525 0.027142857142857142 0.02
3 0.4925 0.44761904761904764 0.023571428571428573 0.017142857142857144
3 0.4110714285714286 0.32571428571428573 0.025 0.017142857142857144
3 0.44 0.32571428571428573 0.017142857142857144 0.04380952380952381
3 0.34964285714285714 0.8166666666666667 0.029285714285714286 0.021904761904761906
0 0.5785714285714286 0.7495238095238095 0.014285714285714285 0.03619047619047619
1 0.5792857142857143 0.9752380952380952 0.012857142857142857 0.049523809523809526
0 0.8171428571428572 0.0419047619047619 0.03 0.02095238095238095
0 0.8157142857142857 0.06619047619047619 0.02857142857142857 0.021904761904761906
0 0.7135714285714285 0.68 0.014285714285714285 0.04
0 0.6935714285714286 0.680952380952381 0.015714285714285715 0.04
0 0.8792857142857143 0.7352380952380952 0.027142857142857142 0.03238095238095238
0 0.8078571428571428 0.5671428571428572 0.02857142857142857 0.01619047619047619
0 0.9228571428571428 0.5980952380952381 0.03 0.01904761904761905
3 0.9678571428571429 0.5895238095238096 0.03428571428571429 0.022857142857142857
0 0.9882142857142857 0.48142857142857143 0.017857142857142856 0.039047619047619046
1 0.8471428571428572 0.5928571428571429 0.11428571428571428 0.02761904761904762
1 0.9417857142857143 0.5657142857142857 0.11071428571428571 0.02666666666666667
1 0.7067857142857142 0.829047619047619 0.017857142857142856 0.05619047619047619
1 0.7317857142857143 0.8566666666666667 0.02642857142857143 0.09619047619047619
1 0.7085714285714285 0.939047619047619 0.024285714285714285 0.08571428571428572
1 0.7285714285714285 0.949047619047619 0.017142857142857144 0.058095238095238096
