0 0.6107142857142858 0.8671428571428571 0.26285714285714284 0.2219047619047619
0 0.07285714285714286 0.5042857142857143 0.047142857142857146 0.03333333333333333
0 0.06 0.4861904761904762 0.03857142857142857 0.04285714285714286
0 0.05071428571428571 0.47523809523809524 0.032857142857142856 0.03238095238095238
0 0.04357142857142857 0.4614285714285714 0.03 0.040952380952380955
0 0.18642857142857142 0.539047619047619 0.10857142857142857 0.05523809523809524
0 0.2596428571428571 0.5142857142857142 0.09071428571428572 0.04380952380952381
0 0.2978571428571429 0.4857142857142857 0.04428571428571428 0.047619047619047616
0 0.35714285714285715 0.5152380952380953 0.09714285714285714 0.04380952380952381
0 0.4332142857142857 0.49 0.08357142857142857 0.04285714285714286
0 0.48892857142857143 0.4942857142857143 0.08071428571428571 0.0380952380952381
0 0.42714285714285716 0.46285714285714286 0.032857142857142856 0.03619047619047619
0 0.4589285714285714 0.46 0.030714285714285715 0.03619047619047619
0 0.49142857142857144 0.4533333333333333 0.03571428571428571 0.03619047619047619
3 0.5114285714285715 0.47 0.06142857142857143 0.04285714285714286
0 0.5167857142857143 0.4504761904761905 0.03357142857142857 0.02857142857142857
0 0.5478571428571428 0.44761904761904764 0.037142857142857144 0.03428571428571429
0 0.5782142857142857 0.4442857142857143 0.03357142857142857 0.03333333333333333
0 0.6089285714285714 0.4423809523809524 0.039285714285714285 0.03333333333333333
0 0.6364285714285715 0.44142857142857145 0.03428571428571429 0.03333333333333333
0 0.6635714285714286 0.439047619047619 0.04285714285714286 0.030476190476190476
0 0.5892857142857143 0.4657142857142857 0.06857142857142857 0.03428571428571429
0 0.6542857142857142 0.45714285714285713 0.06428571428571428 0.03428571428571429
0 0.6739285714285714 0.430952380952381 0.039285714285714285 0.03142857142857143
0 0.7135714285714285 0.4633333333333333 0.06285714285714286 0.03333333333333333
0 0.7114285714285714 0.44761904761904764 0.05857142857142857 0.04
0 0.7039285714285715 0.42952380952380953 0.03785714285714286 0.030476190476190476
0 0.7571428571428571 0.4442857142857143 0.037142857142857144 0.040952380952380955
3 0.8071428571428572 0.43476190476190474 0.06142857142857143 0.040952380952380955
0 0.8178571428571428 0.42238095238095236 0.032857142857142856 0.035238095238095235
0 0.8567857142857143 0.43 0.039285714285714285 0.029523809523809525
0 0.9189285714285714 0.4228571428571429 0.04928571428571429 0.03619047619047619
0 0.8903571428571428 0.41285714285714287 0.03642857142857143 0.035238095238095235
0 0.9067857142857143 0.4095238095238095 0.03642857142857143 0.0380952380952381
0 0.9225 0.4057142857142857 0.027857142857142858 0.02857142857142857
0 0.9335714285714286 0.40476190476190477 0.03142857142857143 0.030476190476190476
0 0.9553571428571429 0.4195238095238095 0.04071428571428572 0.029523809523809525
0 0.955 0.40095238095238095 0.02857142857142857 0.02857142857142857
0 0.9878571428571429 0.4123809523809524 0.022857142857142857 0.02857142857142857
