0 0.4257142857142857 0.27411167512690354 0.012857142857142857 0.03299492385786802
0 0.495 0.10532994923857868 0.008571428571428572 0.025380710659898477
0 0.7085714285714285 0.3343908629441624 0.037142857142857144 0.0266497461928934
0 0.705 0.31408629441624364 0.037142857142857144 0.024111675126903553
0 0.7578571428571429 0.31281725888324874 0.03571428571428571 0.0266497461928934
0 0.7575 0.33121827411167515 0.035 0.02284263959390863
0 0.49642857142857144 0.12753807106598986 0.012857142857142857 0.024111675126903553
0 0.31392857142857145 0.34073604060913704 0.03642857142857143 0.0266497461928934
3 0.49892857142857144 0.14784263959390864 0.010714285714285714 0.024111675126903553
3 0.5132142857142857 0.10786802030456853 0.010714285714285714 0.03299492385786802
1 0.5017857142857143 0.17766497461928935 0.017857142857142856 0.06345177664974619
0 0.3264285714285714 0.2430203045685279 0.022857142857142857 0.02918781725888325
