0 0.3901356993736952 0.8956400742115028 0.04123173277661795 0.12523191094619665
0 0.41388308977035493 0.6948051948051948 0.031315240083507306 0.10760667903525047
0 0.38413361169102295 0.362708719851577 0.03549060542797495 0.0686456400742115
0 0.31419624217118997 0.32421150278293137 0.03549060542797495 0.05844155844155844
3 0.35803757828810023 0.3390538033395176 0.04175365344467641 0.08812615955473098
0 0.6082985386221295 0.5514842300556586 0.03392484342379958 0.0862708719851577
0 0.6424843423799582 0.5705009276437848 0.03444676409185804 0.08534322820037106
0 0.7554801670146137 0.6386827458256029 0.03496868475991649 0.09925788497217068
0 0.22416492693110648 0.28061224489795916 0.0360125260960334 0.05287569573283859
0 0.2027661795407098 0.2592764378478664 0.042275574112734866 0.05844155844155844
