0 0.4732142857142857 0.7347619047619047 0.04071428571428572 0.10380952380952381
0 0.5728571428571428 0.7142857142857143 0.03571428571428571 0.09523809523809523
0 0.5742857142857143 0.6228571428571429 0.03 0.07428571428571429
0 0.5382142857142858 0.5528571428571428 0.02642857142857143 0.06
0 0.5760714285714286 0.5366666666666666 0.029285714285714286 0.06190476190476191
0 0.46964285714285714 0.5214285714285715 0.029285714285714286 0.058095238095238096
0 0.5064285714285715 0.508095238095238 0.03 0.06190476190476191
0 0.5407142857142857 0.30238095238095236 0.015714285714285715 0.02761904761904762
0 0.6075 0.31285714285714283 0.015 0.023809523809523808
0 0.6092857142857143 0.2419047619047619 0.014285714285714285 0.02095238095238095
0 0.6092857142857143 0.18095238095238095 0.017142857142857144 0.01904761904761905
1 0.5275 0.6642857142857143 0.045 0.12857142857142856
