0 0.6764285714285714 0.6152380952380953 0.11 0.15428571428571428
0 0.6257142857142857 0.4766666666666667 0.11285714285714285 0.09619047619047619
0 0.8789285714285714 0.6085714285714285 0.12928571428571428 0.14666666666666667
0 0.8757142857142857 0.8247619047619048 0.16714285714285715 0.21904761904761905
0 0.5482142857142858 0.4238095238095238 0.12071428571428572 0.0761904761904762
0 0.5117857142857143 0.32476190476190475 0.10071428571428571 0.07428571428571429
0 0.2621428571428571 0.1438095238095238 0.06714285714285714 0.06857142857142857
0 0.22392857142857142 0.08095238095238096 0.07071428571428572 0.047619047619047616
0 0.05178571428571429 0.08238095238095237 0.07785714285714286 0.04476190476190476
0 0.8310714285714286 0.08714285714285715 0.06928571428571428 0.04476190476190476
0 0.9039285714285714 0.06428571428571428 0.06928571428571428 0.05238095238095238
0 0.8517857142857143 0.03571428571428571 0.060714285714285714 0.037142857142857144
0 0.9096428571428572 0.13952380952380952 0.055 0.06571428571428571
3 0.96 0.12047619047619047 0.06857142857142857 0.06380952380952382
0 0.9621428571428572 0.04619047619047619 0.055714285714285716 0.04285714285714286
0 0.45285714285714285 0.01380952380952381 0.06 0.02761904761904762
0 0.5664285714285714 0.011428571428571429 0.05857142857142857 0.022857142857142857
0 0.9525 0.013333333333333334 0.056428571428571425 0.02666666666666667
0 0.845 0.9557142857142857 0.11428571428571428 0.08285714285714285
0 0.9742857142857143 0.8019047619047619 0.05142857142857143 0.16
