0 0.017857142857142856 0.8180952380952381 0.03142857142857143 0.08571428571428572
0 0.05035714285714286 0.8157142857142857 0.035 0.07523809523809524
0 0.08285714285714285 0.8166666666666667 0.032857142857142856 0.08666666666666667
0 0.12964285714285714 0.839047619047619 0.06785714285714285 0.0419047619047619
0 0.32285714285714284 0.8457142857142858 0.05857142857142857 0.0380952380952381
0 0.49642857142857144 0.8652380952380953 0.03 0.08476190476190476
0 0.3607142857142857 0.6042857142857143 0.05857142857142857 0.035238095238095235
3 0.023571428571428573 0.37047619047619046 0.03571428571428571 0.07047619047619047
0 0.06 0.37857142857142856 0.03 0.07333333333333333
0 0.08678571428571429 0.37 0.03214285714285714 0.07523809523809524
0 0.11464285714285714 0.37714285714285717 0.03214285714285714 0.07047619047619047
0 0.013571428571428571 0.23761904761904762 0.027142857142857142 0.05238095238095238
0 0.24 0.2995238095238095 0.05714285714285714 0.040952380952380955
0 0.2935714285714286 0.37285714285714283 0.025714285714285714 0.06761904761904762
0 0.3217857142857143 0.3719047619047619 0.025 0.07333333333333333
0 0.34714285714285714 0.3661904761904762 0.02142857142857143 0.06952380952380953
0 0.5025 0.37666666666666665 0.03785714285714286 0.06952380952380953
0 0.5467857142857143 0.379047619047619 0.039285714285714285 0.06857142857142857
1 0.53 0.5552380952380952 0.15428571428571428 0.05714285714285714
0 0.5082142857142857 0.6104761904761905 0.056428571428571425 0.03428571428571429
0 0.6910714285714286 0.6109523809523809 0.060714285714285714 0.03333333333333333
0 0.5317857142857143 0.8752380952380953 0.02642857142857143 0.08190476190476191
3 0.5635714285714286 0.8733333333333333 0.02857142857142857 0.08190476190476191
0 0.5932142857142857 0.8714285714285714 0.027857142857142858 0.06476190476190476
0 0.6235714285714286 0.8742857142857143 0.027142857142857142 0.08
0 0.6864285714285714 0.8738095238095238 0.03 0.08095238095238096
0 0.7242857142857143 0.88 0.03142857142857143 0.0838095238095238
0 0.7582142857142857 0.8766666666666667 0.030714285714285715 0.07904761904761905
0 0.7907142857142857 0.8804761904761905 0.03 0.08476190476190476
0 0.8271428571428572 0.88 0.03428571428571429 0.08571428571428572
0 0.8603571428571428 0.8861904761904762 0.035 0.08666666666666667
0 0.8935714285714286 0.8857142857142857 0.03428571428571429 0.08571428571428572
0 0.9575 0.8895238095238095 0.035 0.08571428571428572
0 0.9864285714285714 0.8890476190476191 0.027142857142857142 0.08285714285714285
3 0.9803571428571428 0.23904761904761904 0.03214285714285714 0.06857142857142857
0 0.9082142857142858 0.2642857142857143 0.035 0.06761904761904762
0 0.8557142857142858 0.26761904761904765 0.05 0.07238095238095238
0 0.7871428571428571 0.2652380952380952 0.032857142857142856 0.07142857142857142
