0 0.57225 0.7543333333333333 0.0805 0.058
0 0.557 0.7096666666666667 0.076 0.048666666666666664
0 0.54475 0.667 0.0755 0.04466666666666667
0 0.51025 0.628 0.0675 0.044
0 0.49475 0.601 0.0685 0.043333333333333335
0 0.4975 0.5656666666666667 0.066 0.034
0 0.4875 0.544 0.067 0.034666666666666665
0 0.4735 0.5223333333333333 0.065 0.034
0 0.36125 0.379 0.0225 0.027333333333333334
3 0.431 0.324 0.019 0.030666666666666665
0 0.4145 0.30566666666666664 0.019 0.019333333333333334
3 0.495 0.3436666666666667 0.024 0.03
3 0.464 0.2966666666666667 0.022 0.024
3 0.45275 0.2823333333333333 0.0195 0.019333333333333334
3 0.404 0.2876666666666667 0.017 0.022
3 0.37275 0.25666666666666665 0.0275 0.02
0 0.3655 0.244 0.025 0.02
0 0.3635 0.22633333333333333 0.015 0.019333333333333334
3 0.39775 0.22033333333333333 0.0165 0.016666666666666666
0 0.39 0.21166666666666667 0.017 0.014
0 0.35225 0.21533333333333332 0.0135 0.016
0 0.363 0.18733333333333332 0.015 0.012
3 0.33825 0.19933333333333333 0.0135 0.014666666666666666
3 0.3295 0.18933333333333333 0.012 0.013333333333333334
0 0.32225 0.18533333333333332 0.0125 0.016
0 0.35375 0.18066666666666667 0.0135 0.012
0 0.3125 0.178 0.014 0.010666666666666666
0 0.3325 0.15666666666666668 0.015 0.010666666666666666
0 0.318 0.121 0.016 0.008666666666666666
3 0.28775 0.11733333333333333 0.0185 0.010666666666666666
3 0.26475 0.117 0.0195 0.011333333333333334
0 0.66775 0.13966666666666666 0.0145 0.01
0 0.907 0.15633333333333332 0.014 0.01
3 0.9375 0.2886666666666667 0.023 0.021333333333333333
3 0.548 0.261 0.018 0.024666666666666667
3 0.22875 0.11766666666666667 0.0135 0.008666666666666666
3 0.20025 0.105 0.0065 0.008666666666666666
0 0.182 0.09266666666666666 0.009 0.008
