0 0.15071428571428572 0.23333333333333334 0.02 0.013333333333333334
0 0.23285714285714285 0.2785714285714286 0.017142857142857144 0.029523809523809525
0 0.22071428571428572 0.3138095238095238 0.017142857142857144 0.03142857142857143
0 0.07928571428571428 0.5666666666666667 0.015714285714285715 0.02857142857142857
0 0.053214285714285714 0.560952380952381 0.013571428571428571 0.02857142857142857
0 0.3325 0.16142857142857142 0.015 0.029523809523809525
0 0.3314285714285714 0.26285714285714284 0.014285714285714285 0.030476190476190476
1 0.3435714285714286 0.2695238095238095 0.014285714285714285 0.02857142857142857
0 0.35535714285714287 0.2742857142857143 0.013571428571428571 0.030476190476190476
0 0.36642857142857144 0.2804761904761905 0.011428571428571429 0.03142857142857143
0 0.385 0.2876190476190476 0.011428571428571429 0.030476190476190476
0 0.4039285714285714 0.29285714285714287 0.012142857142857143 0.02761904761904762
0 0.4139285714285714 0.29714285714285715 0.013571428571428571 0.02857142857142857
3 0.4303571428571429 0.29904761904761906 0.015 0.030476190476190476
0 0.4407142857142857 0.30714285714285716 0.014285714285714285 0.03333333333333333
3 0.4589285714285714 0.3028571428571429 0.015 0.02857142857142857
0 0.48178571428571426 0.319047619047619 0.013571428571428571 0.030476190476190476
0 0.49964285714285717 0.3295238095238095 0.013571428571428571 0.03428571428571429
0 0.3625 0.17666666666666667 0.013571428571428571 0.03142857142857143
0 0.3796428571428571 0.17857142857142858 0.015 0.02761904761904762
0 0.5757142857142857 0.36904761904761907 0.014285714285714285 0.03333333333333333
0 0.6517857142857143 0.05761904761904762 0.025 0.03142857142857143
0 0.7260714285714286 0.9604761904761905 0.02214285714285714 0.029523809523809525
0 0.745 0.9847619047619047 0.02 0.02666666666666667
0 0.8053571428571429 0.9338095238095238 0.023571428571428573 0.035238095238095235
1 0.8175 0.9728571428571429 0.02642857142857143 0.039047619047619046
0 0.8228571428571428 0.7519047619047619 0.02 0.02761904761904762
0 0.8553571428571428 0.8 0.02214285714285714 0.030476190476190476
0 0.8875 0.8509523809523809 0.020714285714285713 0.02761904761904762
0 0.9064285714285715 0.8761904761904762 0.02 0.030476190476190476
0 0.9164285714285715 0.8852380952380953 0.018571428571428572 0.029523809523809525
0 0.9382142857142857 0.9242857142857143 0.027857142857142858 0.04285714285714286
0 0.07 0.9680952380952381 0.027142857142857142 0.02
0 0.20107142857142857 0.8576190476190476 0.019285714285714285 0.029523809523809525
0 0.18857142857142858 0.8680952380952381 0.018571428571428572 0.03142857142857143
0 0.17857142857142858 0.8823809523809524 0.015714285714285715 0.025714285714285714
0 0.17464285714285716 0.9057142857142857 0.019285714285714285 0.03238095238095238
0 0.16178571428571428 0.9204761904761904 0.015 0.03142857142857143
0 0.15178571428571427 0.9442857142857143 0.015 0.035238095238095235
0 0.26357142857142857 0.8776190476190476 0.022857142857142857 0.025714285714285714
0 0.2546428571428571 0.8933333333333333 0.02214285714285714 0.022857142857142857
0 0.24107142857142858 0.9114285714285715 0.023571428571428573 0.030476190476190476
0 0.23 0.9385714285714286 0.02142857142857143 0.02761904761904762
0 0.20892857142857144 0.9671428571428572 0.020714285714285713 0.029523809523809525
0 0.20107142857142857 0.9847619047619047 0.023571428571428573 0.02666666666666667
