3 0.05178571428571429 0.29314720812182743 0.047857142857142855 0.0583756345177665
3 0.061785714285714284 0.31091370558375636 0.04928571428571429 0.05583756345177665
0 0.06607142857142857 0.3356598984771574 0.04357142857142857 0.04949238578680203
0 0.06357142857142857 0.3883248730964467 0.027142857142857142 0.0532994923857868
0 0.11428571428571428 0.35215736040609136 0.041428571428571426 0.03934010152284264
0 0.10857142857142857 0.37880710659898476 0.047142857142857146 0.046954314720812185
3 0.08142857142857143 0.4397208121827411 0.024285714285714285 0.05710659898477157
0 0.06857142857142857 0.5856598984771574 0.032857142857142856 0.0799492385786802
0 0.5660714285714286 0.7373096446700508 0.03642857142857143 0.08883248730964467
3 0.5407142857142857 0.567258883248731 0.025714285714285714 0.06852791878172589
3 0.5296428571428572 0.48413705583756345 0.020714285714285713 0.06472081218274112
3 0.5160714285714286 0.38578680203045684 0.02214285714285714 0.07106598984771574
3 0.49642857142857144 0.31091370558375636 0.024285714285714285 0.06091370558375635
3 0.4235714285714286 0.15545685279187818 0.03571428571428571 0.03680203045685279
0 0.4667857142857143 0.25888324873096447 0.02214285714285714 0.050761421319796954
1 0.39535714285714285 0.10469543147208121 0.03214285714285714 0.06725888324873096
1 0.36678571428571427 0.044416243654822336 0.03214285714285714 0.06598984771573604
