0 0.18928571428571428 0.8328571428571429 0.20142857142857143 0.26761904761904765
0 0.5621428571428572 0.7366666666666667 0.09 0.19142857142857142
0 0.4039285714285714 0.3933333333333333 0.08071428571428571 0.10285714285714286
0 0.4692857142857143 0.4247619047619048 0.08142857142857143 0.11619047619047619
0 0.6110714285714286 0.3319047619047619 0.06357142857142857 0.08857142857142856
0 0.6510714285714285 0.15285714285714286 0.03785714285714286 0.04666666666666667
0 0.6664285714285715 0.05714285714285714 0.03571428571428571 0.03238095238095238
0 0.7539285714285714 0.05238095238095238 0.025 0.030476190476190476
0 0.7925 0.02142857142857143 0.017857142857142856 0.021904761904761906
2 0.3410714285714286 0.7480952380952381 0.3578571428571429 0.5038095238095238
2 0.9410714285714286 0.4542857142857143 0.115 0.3047619047619048
2 0.2839285714285714 0.03666666666666667 0.11928571428571429 0.07333333333333333
2 0.25821428571428573 0.04476190476190476 0.09928571428571428 0.08952380952380952
2 0.2017857142857143 0.05142857142857143 0.12214285714285714 0.09904761904761905
2 0.1825 0.06761904761904762 0.125 0.10666666666666667
1 0.46964285714285714 0.04 0.04357142857142857 0.04
0 0.46214285714285713 0.11333333333333333 0.045714285714285714 0.0419047619047619
0 0.5660714285714286 0.17952380952380953 0.045 0.04857142857142857
0 0.5771428571428572 0.08476190476190476 0.037142857142857144 0.03619047619047619
0 0.5214285714285715 0.07095238095238095 0.03142857142857143 0.03333333333333333
0 0.49357142857142855 0.0880952380952381 0.03857142857142857 0.040952380952380955
1 0.6078571428571429 0.04047619047619048 0.04428571428571428 0.06380952380952382
0 0.5628571428571428 0.032857142857142856 0.03142857142857143 0.029523809523809525
0 0.5796428571428571 0.02142857142857143 0.020714285714285713 0.02761904761904762
3 0.5578571428571428 0.010952380952380953 0.032857142857142856 0.021904761904761906
0 0.7828571428571428 0.05142857142857143 0.022857142857142857 0.03619047619047619
0 0.7789285714285714 0.07142857142857142 0.019285714285714285 0.030476190476190476
0 0.7710714285714285 0.08238095238095237 0.023571428571428573 0.025714285714285714
3 0.7632142857142857 0.11523809523809524 0.027857142857142858 0.05714285714285714
0 0.7507142857142857 0.15095238095238095 0.02857142857142857 0.05047619047619047
0 0.7389285714285714 0.18761904761904763 0.03785714285714286 0.047619047619047616
0 0.7210714285714286 0.23 0.04214285714285714 0.058095238095238096
0 0.7025 0.2823809523809524 0.04642857142857143 0.07142857142857142
0 0.7653571428571428 0.29 0.052142857142857144 0.08666666666666667
0 0.7778571428571428 0.22476190476190477 0.037142857142857144 0.06476190476190476
0 0.7839285714285714 0.1819047619047619 0.029285714285714286 0.04380952380952381
0 0.7957142857142857 0.1519047619047619 0.03 0.04285714285714286
0 0.7975 0.12476190476190477 0.027857142857142858 0.030476190476190476
3 0.8046428571428571 0.09333333333333334 0.027857142857142858 0.04
0 0.8096428571428571 0.07714285714285714 0.020714285714285713 0.02666666666666667
0 0.8110714285714286 0.05761904761904762 0.02214285714285714 0.025714285714285714
0 0.8125 0.043333333333333335 0.019285714285714285 0.023809523809523808
0 0.8175 0.025714285714285714 0.019285714285714285 0.030476190476190476
0 0.8432142857142857 0.19857142857142857 0.03785714285714286 0.05047619047619047
0 0.8835714285714286 0.10523809523809524 0.025714285714285714 0.03333333333333333
0 0.8539285714285715 0.04904761904761905 0.02214285714285714 0.02761904761904762
0 0.8817857142857143 0.010476190476190476 0.017857142857142856 0.02095238095238095
0 0.9414285714285714 0.12095238095238095 0.02857142857142857 0.03619047619047619
0 0.9453571428571429 0.18714285714285714 0.03785714285714286 0.040952380952380955
0 0.8442857142857143 0.38142857142857145 0.04857142857142857 0.08285714285714285
0 0.9789285714285715 0.3047619047619048 0.04214285714285714 0.05904761904761905
