0 0.18571428571428572 0.5933333333333334 0.08428571428571428 0.05904761904761905
0 0.2317857142857143 0.490952380952381 0.060714285714285714 0.07904761904761905
0 0.2567857142857143 0.5052380952380953 0.06785714285714285 0.09047619047619047
1 0.28214285714285714 0.54 0.08428571428571428 0.13523809523809524
0 0.32821428571428574 0.5757142857142857 0.07071428571428572 0.09428571428571429
0 0.3578571428571429 0.6090476190476191 0.07285714285714286 0.09238095238095238
3 0.3921428571428571 0.6304761904761905 0.08 0.10285714285714286
0 0.42857142857142855 0.6657142857142857 0.07 0.09523809523809523
0 0.4546428571428571 0.7209523809523809 0.07785714285714286 0.11428571428571428
0 0.4775 0.7761904761904762 0.07785714285714286 0.11428571428571428
0 0.345 0.7714285714285715 0.08 0.10285714285714286
0 0.5682142857142857 0.8238095238095238 0.07357142857142857 0.08761904761904762
3 0.5842857142857143 0.7676190476190476 0.08142857142857143 0.10285714285714286
0 0.5882142857142857 0.7171428571428572 0.07785714285714286 0.08571428571428572
0 0.6671428571428571 0.6614285714285715 0.041428571428571426 0.10761904761904761
