0 0.7275574112734864 0.7824675324675324 0.12630480167014613 0.19387755102040816
0 0.6411795407098121 0.5449907235621522 0.06419624217118998 0.09369202226345083
0 0.3267223382045929 0.700834879406308 0.10334029227557412 0.17717996289424862
0 0.46868475991649267 0.5139146567717996 0.04592901878914405 0.07050092764378478
3 0.45015657620041755 0.4587198515769944 0.038100208768267224 0.09369202226345083
0 0.47312108559498955 0.4179035250463822 0.024530271398747392 0.045454545454545456
0 0.5005219206680585 0.39564007421150277 0.024008350730688934 0.039888682745825604
1 0.5848121085594989 0.40862708719851576 0.024530271398747392 0.05102040816326531
3 0.572286012526096 0.39053803339517623 0.02139874739039666 0.03710575139146568
0 0.566544885177453 0.35018552875695735 0.02244258872651357 0.021335807050092765
3 0.532098121085595 0.32653061224489793 0.012004175365344467 0.014842300556586271
3 0.5143528183716075 0.3102968460111317 0.004697286012526096 0.008348794063079777
