0 0.1025 0.842 0.196 0.144
0 0.1215 0.6236666666666667 0.139 0.09266666666666666
0 0.13275 0.569 0.1235 0.07933333333333334
3 0.15375 0.48633333333333334 0.0925 0.06333333333333334
0 0.12475 0.477 0.0765 0.04066666666666666
0 0.131 0.45 0.073 0.04133333333333333
0 0.168 0.423 0.081 0.04066666666666666
0 0.127 0.41833333333333333 0.081 0.043333333333333335
0 0.105 0.4046666666666667 0.048 0.034666666666666665
0 0.1065 0.40166666666666667 0.055 0.03266666666666666
0 0.138 0.381 0.065 0.028666666666666667
0 0.12075 0.37433333333333335 0.0645 0.03133333333333333
0 0.166 0.32233333333333336 0.04 0.022
0 0.10025 0.31433333333333335 0.0425 0.020666666666666667
0 0.068 0.309 0.034 0.020666666666666667
0 0.1615 0.2896666666666667 0.031 0.016666666666666666
0 0.1925 0.29133333333333333 0.029 0.017333333333333333
0 0.221 0.2936666666666667 0.031 0.019333333333333334
0 0.35125 0.332 0.0405 0.028
0 0.60625 0.2966666666666667 0.0315 0.016
0 0.65525 0.29133333333333333 0.0295 0.014666666666666666
0 0.65925 0.2876666666666667 0.0285 0.014
0 0.60875 0.284 0.0285 0.014666666666666666
3 0.8125 0.272 0.021 0.016
0 0.79725 0.2673333333333333 0.0105 0.010666666666666666
0 0.78925 0.262 0.0105 0.010666666666666666
0 0.85375 0.24966666666666668 0.0085 0.007333333333333333
0 0.83325 0.24466666666666667 0.0135 0.006666666666666667
0 0.8235 0.24133333333333334 0.013 0.006666666666666667
0 0.8125 0.23933333333333334 0.01 0.005333333333333333
0 0.10275 0.245 0.0205 0.012666666666666666
0 0.29 0.261 0.025 0.01
0 0.3265 0.27366666666666667 0.022 0.014
0 0.4515 0.2723333333333333 0.026 0.011333333333333334
0 0.94525 0.30366666666666664 0.0355 0.016666666666666666
0 0.85975 0.5176666666666667 0.0925 0.05533333333333333
0 0.86025 0.7286666666666667 0.1555 0.10266666666666667
0 0.38375 0.42966666666666664 0.0775 0.04066666666666666
0 0.27675 0.441 0.0495 0.056666666666666664
