0 0.33214285714285713 0.6080952380952381 0.02 0.04666666666666667
0 0.3025 0.92 0.035 0.10666666666666667
0 0.6078571428571429 0.5128571428571429 0.032857142857142856 0.021904761904761906
0 0.4664285714285714 0.48428571428571426 0.03857142857142857 0.021904761904761906
0 0.30428571428571427 0.4471428571428571 0.015714285714285715 0.023809523809523808
0 0.3482142857142857 0.44142857142857145 0.016428571428571428 0.02
0 0.34464285714285714 0.37857142857142856 0.010714285714285714 0.014285714285714285
0 0.5628571428571428 0.5671428571428572 0.037142857142857144 0.03333333333333333
0 0.32785714285714285 0.3557142857142857 0.012857142857142857 0.018095238095238095
0 0.30392857142857144 0.30857142857142855 0.010714285714285714 0.013333333333333334
2 0.3342857142857143 0.4685714285714286 0.03571428571428571 0.06476190476190476
2 0.39464285714285713 0.4423809523809524 0.060714285714285714 0.058095238095238096
0 0.2860714285714286 0.24666666666666667 0.007857142857142858 0.009523809523809525
0 0.26321428571428573 0.23285714285714285 0.0064285714285714285 0.006666666666666667
0 0.25857142857142856 0.2180952380952381 0.005714285714285714 0.007619047619047619
0 0.25285714285714284 0.2119047619047619 0.005714285714285714 0.006666666666666667
2 0.3364285714285714 0.40904761904761905 0.03 0.05047619047619047
2 0.31892857142857145 0.37238095238095237 0.02214285714285714 0.0419047619047619
0 0.21857142857142858 0.4580952380952381 0.027142857142857142 0.03238095238095238
3 0.48428571428571426 0.4261904761904762 0.017142857142857144 0.03142857142857143
0 0.5432142857142858 0.4523809523809524 0.027857142857142858 0.02095238095238095
0 0.5635714285714286 0.4452380952380952 0.02 0.025714285714285714
0 0.5932142857142857 0.44047619047619047 0.029285714285714286 0.01619047619047619
0 0.5875 0.4338095238095238 0.027857142857142858 0.014285714285714285
0 0.58 0.4261904761904762 0.027142857142857142 0.018095238095238095
0 0.6507142857142857 0.42142857142857143 0.02857142857142857 0.018095238095238095
0 0.6571428571428571 0.42857142857142855 0.03 0.01904761904761905
0 0.6660714285714285 0.44 0.030714285714285715 0.02095238095238095
0 0.59 0.4880952380952381 0.03571428571428571 0.02
0 0.5942857142857143 0.5023809523809524 0.03428571428571429 0.021904761904761906
0 0.6317857142857143 0.46904761904761905 0.035 0.018095238095238095
0 0.6857142857142857 0.47333333333333333 0.03428571428571429 0.02095238095238095
0 0.7775 0.4866666666666667 0.03642857142857143 0.02095238095238095
0 0.8292857142857143 0.5038095238095238 0.04 0.02095238095238095
0 0.675 0.49952380952380954 0.03571428571428571 0.02
3 0.6542857142857142 0.4838095238095238 0.04285714285714286 0.02666666666666667
2 0.7696428571428572 0.44857142857142857 0.06928571428571428 0.0419047619047619
