0 0.5103571428571428 0.8585714285714285 0.047857142857142855 0.14761904761904762
0 0.6610714285714285 0.9223809523809524 0.052142857142857144 0.15333333333333332
0 0.5825 0.7547619047619047 0.04642857142857143 0.13047619047619047
0 0.7210714285714286 0.6480952380952381 0.04071428571428572 0.15142857142857144
0 0.6532142857142857 0.6004761904761905 0.047857142857142855 0.14761904761904762
0 0.48964285714285716 0.5647619047619048 0.045 0.14095238095238094
0 0.7164285714285714 0.26 0.045714285714285714 0.1580952380952381
0 0.645 0.37047619047619046 0.04 0.13904761904761906
0 0.41214285714285714 0.28809523809523807 0.04428571428571428 0.14
0 0.4860714285714286 0.18285714285714286 0.047857142857142855 0.1523809523809524
0 0.41035714285714286 0.06095238095238095 0.04214285714285714 0.12
