2 0.4117857142857143 0.5475888324873096 0.06785714285714285 0.282994923857868
2 0.20714285714285716 0.4156091370558376 0.05142857142857143 0.10279187817258884
0 0.2857142857142857 0.2614213197969543 0.022857142857142857 0.04314720812182741
0 0.013928571428571429 0.5983502538071066 0.027857142857142858 0.05964467005076142
0 0.03464285714285714 0.5425126903553299 0.04357142857142857 0.05710659898477157
0 0.5325 0.116751269035533 0.020714285714285713 0.04060913705583756
0 0.08035714285714286 0.25951776649746194 0.03642857142857143 0.02918781725888325
0 0.14785714285714285 0.258248730964467 0.04428571428571428 0.02918781725888325
0 0.1992857142857143 0.2398477157360406 0.04 0.03299492385786802
0 0.3 0.10469543147208121 0.02 0.024111675126903553
0 0.08357142857142857 0.3635786802030457 0.024285714285714285 0.05203045685279188
0 0.5092857142857142 0.04949238578680203 0.015714285714285715 0.04060913705583756
1 0.45071428571428573 0.23794416243654823 0.03428571428571429 0.10025380710659898
3 0.7325 0.6548223350253807 0.05071428571428571 0.13705583756345177
0 0.5892857142857143 0.25761421319796957 0.024285714285714285 0.05583756345177665
0 0.6317857142857143 0.2760152284263959 0.025 0.05710659898477157
0 0.6267857142857143 0.01015228426395939 0.015 0.02030456852791878
