0 0.08642857142857142 0.9323809523809524 0.11 0.07238095238095238
0 0.09107142857142857 0.8528571428571429 0.08357142857142857 0.06190476190476191
0 0.11464285714285714 0.7180952380952381 0.10928571428571429 0.05714285714285714
0 0.12464285714285714 0.6433333333333333 0.105 0.05619047619047619
0 0.13892857142857143 0.5766666666666667 0.09357142857142857 0.058095238095238096
0 0.15214285714285714 0.3880952380952381 0.09428571428571429 0.05619047619047619
0 0.18428571428571427 0.22047619047619046 0.07571428571428572 0.05238095238095238
0 0.35214285714285715 0.24047619047619048 0.041428571428571426 0.10952380952380952
0 0.3603571428571429 0.1319047619047619 0.035 0.08857142857142856
0 0.31 0.21857142857142858 0.03857142857142857 0.09619047619047619
0 0.20964285714285713 0.03142857142857143 0.08071428571428571 0.05142857142857143
0 0.3117857142857143 0.10047619047619048 0.04071428571428572 0.08285714285714285
0 0.2007142857142857 0.07428571428571429 0.08142857142857143 0.05333333333333334
3 0.3675 0.03619047619047619 0.03642857142857143 0.07238095238095238
0 0.41285714285714287 0.022857142857142857 0.032857142857142856 0.045714285714285714
3 0.43892857142857145 0.49142857142857144 0.03642857142857143 0.10476190476190476
3 0.7010714285714286 0.17142857142857143 0.04071428571428572 0.10476190476190476
0 0.6964285714285714 0.07047619047619047 0.032857142857142856 0.06666666666666667
0 0.7475 0.21619047619047618 0.039285714285714285 0.10857142857142857
0 0.7542857142857143 0.4276190476190476 0.045714285714285714 0.1180952380952381
0 0.7089285714285715 0.3942857142857143 0.04214285714285714 0.09714285714285714
0 0.6610714285714285 0.5985714285714285 0.06785714285714285 0.11714285714285715
0 0.8889285714285714 0.41285714285714287 0.09928571428571428 0.054285714285714284
