0 0.0875 0.7038095238095238 0.10785714285714286 0.21523809523809523
0 0.43964285714285717 0.8519047619047619 0.08357142857142857 0.25047619047619046
0 0.5778571428571428 0.9142857142857143 0.08857142857142856 0.17142857142857143
3 0.5792857142857143 0.680952380952381 0.07857142857142857 0.2057142857142857
3 0.4317857142857143 0.5776190476190476 0.055 0.13047619047619047
3 0.18714285714285714 0.3414285714285714 0.06285714285714286 0.08857142857142856
0 0.16071428571428573 0.5114285714285715 0.08857142857142856 0.14857142857142858
0 0.4975 0.3419047619047619 0.056428571428571425 0.11619047619047619
1 0.43714285714285717 0.3914285714285714 0.06 0.21333333333333335
0 0.2757142857142857 0.24761904761904763 0.05285714285714286 0.09523809523809523
0 0.2392857142857143 0.1895238095238095 0.04857142857142857 0.0761904761904762
0 0.30142857142857143 0.14857142857142858 0.04428571428571428 0.07047619047619047
0 0.26035714285714284 0.13380952380952382 0.039285714285714285 0.06380952380952382
0 0.27535714285714286 0.08095238095238096 0.03642857142857143 0.05523809523809524
0 0.2832142857142857 0.04047619047619048 0.03785714285714286 0.05238095238095238
0 0.295 0.010952380952380953 0.032857142857142856 0.02
0 0.43464285714285716 0.15476190476190477 0.03785714285714286 0.06952380952380953
0 0.4342857142857143 0.045714285714285714 0.03 0.045714285714285714
0 0.4717857142857143 0.06761904761904762 0.030714285714285715 0.05714285714285714
0 0.43392857142857144 0.09619047619047619 0.03642857142857143 0.05904761904761905
3 0.5632142857142857 0.02666666666666667 0.06785714285714285 0.05142857142857143
0 0.6003571428571428 0.26095238095238094 0.10357142857142858 0.06095238095238095
0 0.5232142857142857 0.16666666666666666 0.04357142857142857 0.06666666666666667
