3 0.5857142857142857 0.6090476190476191 0.02857142857142857 0.021904761904761906
0 0.4092857142857143 0.5323809523809524 0.007142857142857143 0.005714285714285714
0 0.33785714285714286 0.51 0.002857142857142857 0.002857142857142857
0 0.33321428571428574 0.5095238095238095 0.002142857142857143 0.0019047619047619048
0 0.33535714285714285 0.5557142857142857 0.010714285714285714 0.012380952380952381
0 0.3075 0.5585714285714286 0.010714285714285714 0.012380952380952381
0 0.3032142857142857 0.5328571428571428 0.0064285714285714285 0.008571428571428572
0 0.3625 0.5957142857142858 0.017857142857142856 0.02
0 0.2735714285714286 0.5380952380952381 0.008571428571428572 0.009523809523809525
0 0.2639285714285714 0.540952380952381 0.007857142857142858 0.007619047619047619
0 0.26142857142857145 0.5442857142857143 0.008571428571428572 0.008571428571428572
0 0.2596428571428571 0.5485714285714286 0.010714285714285714 0.009523809523809525
0 0.23607142857142857 0.549047619047619 0.02214285714285714 0.012380952380952381
0 0.2417857142857143 0.5466666666666666 0.020714285714285713 0.009523809523809525
0 0.24357142857142858 0.5442857142857143 0.018571428571428572 0.006666666666666667
0 0.3107142857142857 0.6180952380952381 0.017142857142857144 0.022857142857142857
0 0.31392857142857145 0.6304761904761905 0.023571428571428573 0.030476190476190476
1 0.4467857142857143 0.6595238095238095 0.035 0.04476190476190476
0 0.4039285714285714 0.66 0.035 0.049523809523809526
0 0.3575 0.6657142857142857 0.030714285714285715 0.0380952380952381
0 0.35 0.6347619047619047 0.025714285714285714 0.03333333333333333
0 0.315 0.6514285714285715 0.024285714285714285 0.03238095238095238
0 0.31607142857142856 0.6804761904761905 0.030714285714285715 0.04285714285714286
0 0.245 0.7685714285714286 0.04857142857142857 0.08190476190476191
