1 0.11678571428571428 0.10333333333333333 0.055 0.07904761904761905
0 0.17607142857142857 0.24428571428571427 0.03214285714285714 0.08095238095238096
0 0.03357142857142857 0.4895238095238095 0.05714285714285714 0.10476190476190476
0 0.24714285714285714 0.3219047619047619 0.06428571428571428 0.0761904761904762
0 0.3678571428571429 0.20476190476190476 0.04285714285714286 0.07047619047619047
1 0.24428571428571427 0.24142857142857144 0.054285714285714284 0.07333333333333333
0 0.32785714285714285 0.30857142857142855 0.07 0.05904761904761905
0 0.39964285714285713 0.3342857142857143 0.062142857142857146 0.049523809523809526
0 0.45571428571428574 0.3314285714285714 0.03857142857142857 0.09714285714285714
0 0.2960714285714286 0.42904761904761907 0.08357142857142857 0.05238095238095238
0 0.16357142857142856 0.8957142857142857 0.06285714285714286 0.12476190476190477
0 0.7632142857142857 0.38952380952380955 0.06642857142857143 0.08
2 0.7 0.6814285714285714 0.12142857142857143 0.2180952380952381
0 0.8575 0.7933333333333333 0.09214285714285714 0.06095238095238095
0 0.8735714285714286 0.13047619047619047 0.05 0.06857142857142857
0 0.9317857142857143 0.07333333333333333 0.062142857142857146 0.07047619047619047
