0 0.6232142857142857 0.7728571428571429 0.05928571428571429 0.10380952380952381
0 0.6996428571428571 0.8247619047619048 0.07357142857142857 0.1180952380952381
0 0.5907142857142857 0.9047619047619048 0.06857142857142857 0.13523809523809524
0 0.6825 0.9504761904761905 0.07785714285714286 0.09904761904761905
0 0.7628571428571429 0.960952380952381 0.07285714285714286 0.07809523809523809
0 0.16035714285714286 0.6542857142857142 0.07642857142857143 0.045714285714285714
0 0.29428571428571426 0.5838095238095238 0.07714285714285714 0.0380952380952381
0 0.2642857142857143 0.5476190476190477 0.07428571428571429 0.0419047619047619
0 0.08428571428571428 0.6152380952380953 0.09285714285714286 0.05333333333333334
0 0.6917857142857143 0.5228571428571429 0.062142857142857146 0.04
0 0.5289285714285714 0.5471428571428572 0.06785714285714285 0.04857142857142857
0 0.5332142857142858 0.5147619047619048 0.06357142857142857 0.035238095238095235
0 0.6564285714285715 0.5004761904761905 0.06714285714285714 0.04285714285714286
0 0.8321428571428572 0.4942857142857143 0.06571428571428571 0.04
0 0.9546428571428571 0.47333333333333333 0.05785714285714286 0.03619047619047619
0 0.34464285714285714 0.37523809523809526 0.020714285714285713 0.03619047619047619
0 0.38 0.36904761904761907 0.02142857142857143 0.040952380952380955
0 0.40714285714285714 0.3761904761904762 0.022857142857142857 0.0380952380952381
0 0.44035714285714284 0.36904761904761907 0.027857142857142858 0.039047619047619046
0 0.42928571428571427 0.33 0.018571428571428572 0.03142857142857143
0 0.4032142857142857 0.34 0.020714285714285713 0.0380952380952381
0 0.37107142857142855 0.33476190476190476 0.020714285714285713 0.040952380952380955
3 0.37142857142857144 0.30333333333333334 0.018571428571428572 0.035238095238095235
3 0.39464285714285713 0.2995238095238095 0.017857142857142856 0.03333333333333333
0 0.4203571428571429 0.2923809523809524 0.019285714285714285 0.03238095238095238
0 0.36607142857142855 0.28285714285714286 0.015 0.03238095238095238
0 0.34285714285714286 0.2638095238095238 0.015714285714285715 0.02857142857142857
0 0.3625 0.2542857142857143 0.015 0.024761904761904763
0 0.3582142857142857 0.20523809523809525 0.012142857142857143 0.02
0 0.39071428571428574 0.13047619047619047 0.01 0.011428571428571429
0 0.4160714285714286 0.13333333333333333 0.009285714285714286 0.011428571428571429
0 0.4125 0.1261904761904762 0.007857142857142858 0.012380952380952381
0 0.3342857142857143 0.08 0.007142857142857143 0.009523809523809525
0 0.3585714285714286 0.08238095238095237 0.007142857142857143 0.010476190476190476
0 0.3425 0.09095238095238095 0.007857142857142858 0.008571428571428572
0 0.3514285714285714 0.08761904761904762 0.007142857142857143 0.009523809523809525
0 0.3510714285714286 0.09380952380952381 0.0064285714285714285 0.004761904761904762
0 0.3532142857142857 0.09714285714285714 0.0064285714285714285 0.007619047619047619
0 0.3535714285714286 0.10285714285714286 0.008571428571428572 0.009523809523809525
0 0.3628571428571429 0.1 0.007142857142857143 0.009523809523809525
0 0.36142857142857143 0.09238095238095238 0.007142857142857143 0.009523809523809525
0 0.08321428571428571 0.570952380952381 0.08642857142857142 0.03142857142857143
