0 0.03175 0.951 0.0485 0.06733333333333333
0 0.05925 0.881 0.0455 0.058
0 0.02 0.708 0.04 0.028
0 0.1905 0.6056666666666667 0.028 0.03666666666666667
0 0.221 0.6966666666666667 0.034 0.042666666666666665
0 0.23375 0.708 0.0305 0.044
0 0.24825 0.726 0.0345 0.048
0 0.53225 0.9623333333333334 0.0455 0.074
0 0.5595 0.907 0.059 0.07133333333333333
0 0.586 0.86 0.047 0.07466666666666667
0 0.5245 0.8273333333333334 0.052 0.064
0 0.5425 0.7963333333333333 0.047 0.059333333333333335
0 0.5595 0.7636666666666667 0.051 0.058
0 0.63125 0.7516666666666667 0.0545 0.04733333333333333
0 0.5735 0.7333333333333333 0.049 0.048
3 0.58375 0.705 0.0555 0.04733333333333333
1 0.64175 0.7096666666666667 0.0675 0.06466666666666666
3 0.666 0.6816666666666666 0.054 0.03933333333333333
0 0.61675 0.6453333333333333 0.0405 0.04933333333333333
0 0.66975 0.656 0.0525 0.032
0 0.6845 0.632 0.046 0.030666666666666665
0 0.6385 0.5913333333333334 0.042 0.04933333333333333
0 0.689 0.6066666666666667 0.047 0.034666666666666665
0 0.64825 0.5673333333333334 0.0395 0.044
0 0.58075 0.5336666666666666 0.0395 0.03133333333333333
0 0.67225 0.536 0.0385 0.030666666666666665
1 0.74 0.574 0.039 0.072
0 0.77975 0.505 0.0295 0.028666666666666667
0 0.73125 0.4786666666666667 0.0355 0.02666666666666667
0 0.6585 0.43966666666666665 0.033 0.027333333333333334
1 0.4105 0.3006666666666667 0.025 0.02
0 0.3525 0.349 0.022 0.014
0 0.36925 0.31266666666666665 0.0145 0.017333333333333333
0 0.3855 0.28733333333333333 0.015 0.016
0 0.404 0.26166666666666666 0.013 0.014
0 0.4155 0.24433333333333335 0.011 0.011333333333333334
0 0.4225 0.233 0.011 0.01
0 0.43875 0.20866666666666667 0.0105 0.012
0 0.975 0.39666666666666667 0.036 0.021333333333333333
0 0.95075 0.37866666666666665 0.0335 0.021333333333333333
0 0.757 0.2663333333333333 0.025 0.016666666666666666
0 0.7295 0.25766666666666665 0.025 0.016666666666666666
0 0.64275 0.23133333333333334 0.0195 0.013333333333333334
0 0.657 0.25133333333333335 0.019 0.014666666666666666
0 0.679 0.26033333333333336 0.022 0.016666666666666666
0 0.70675 0.2673333333333333 0.0185 0.016
0 0.73475 0.2753333333333333 0.0225 0.017333333333333333
0 0.6525 0.275 0.023 0.014
0 0.68375 0.32266666666666666 0.0245 0.016
0 0.6965 0.31733333333333336 0.025 0.016
0 0.70475 0.30933333333333335 0.0245 0.014666666666666666
0 0.708 0.3426666666666667 0.024 0.016
0 0.71725 0.33666666666666667 0.0245 0.018666666666666668
3 0.726 0.3253333333333333 0.021 0.02
3 0.753 0.343 0.02 0.024666666666666667
0 0.76525 0.37733333333333335 0.0215 0.021333333333333333
0 0.77125 0.37066666666666664 0.0305 0.018666666666666668
0 0.77625 0.36233333333333334 0.0265 0.018
0 0.78825 0.3486666666666667 0.0255 0.017333333333333333
0 0.79675 0.339 0.0275 0.015333333333333332
