0 0.5296428571428572 0.8 0.05928571428571429 0.08571428571428572
0 0.5764285714285714 0.7228571428571429 0.05857142857142857 0.08571428571428572
0 0.6132142857142857 0.6538095238095238 0.04642857142857143 0.07142857142857142
0 0.4475 0.8023809523809524 0.06785714285714285 0.06952380952380953
0 0.4789285714285714 0.7552380952380953 0.07071428571428572 0.06285714285714286
0 0.5025 0.7157142857142857 0.07071428571428572 0.06190476190476191
0 0.5167857142857143 0.6861904761904762 0.065 0.05619047619047619
0 0.5346428571428572 0.6561904761904762 0.06642857142857143 0.05523809523809524
0 0.5478571428571428 0.6271428571428571 0.06428571428571428 0.05238095238095238
0 0.5721428571428572 0.5976190476190476 0.06428571428571428 0.054285714285714284
0 0.5967857142857143 0.5057142857142857 0.035 0.05523809523809524
0 0.6339285714285714 0.5066666666666667 0.02642857142857143 0.05333333333333334
0 0.6642857142857143 0.5119047619047619 0.03142857142857143 0.054285714285714284
0 0.6903571428571429 0.5323809523809524 0.030714285714285715 0.05523809523809524
0 0.7221428571428572 0.5290476190476191 0.02857142857142857 0.05238095238095238
3 0.7339285714285714 0.6776190476190476 0.065 0.05619047619047619
0 0.7392857142857143 0.6504761904761904 0.07 0.05333333333333334
0 0.7725 0.6314285714285715 0.06785714285714285 0.05904761904761905
0 0.7996428571428571 0.6076190476190476 0.06928571428571428 0.045714285714285714
