2 0.46964285714285714 0.3385714285714286 0.07214285714285715 0.26761904761904765
2 0.43107142857142855 0.7461904761904762 0.12357142857142857 0.4866666666666667
3 0.31357142857142856 0.7028571428571428 0.07142857142857142 0.16952380952380952
0 0.4125 0.14142857142857143 0.03357142857142857 0.06190476190476191
0 0.41535714285714287 0.09095238095238095 0.027857142857142858 0.06
0 0.7535714285714286 0.8752380952380953 0.09428571428571429 0.1961904761904762
3 0.7617857142857143 0.49047619047619045 0.07785714285714286 0.1219047619047619
0 0.9417857142857143 0.5071428571428571 0.11642857142857142 0.07904761904761905
0 0.9575 0.44047619047619047 0.085 0.07333333333333333
0 0.8467857142857143 0.22095238095238096 0.06357142857142857 0.08190476190476191
0 0.8742857142857143 0.2833333333333333 0.09142857142857143 0.06
0 0.9239285714285714 0.3223809523809524 0.10928571428571429 0.058095238095238096
0 0.9082142857142858 0.37285714285714283 0.10642857142857143 0.07714285714285714
0 0.9253571428571429 0.09714285714285714 0.03642857142857143 0.047619047619047616
0 0.9732142857142857 0.09571428571428571 0.039285714285714285 0.04476190476190476
0 0.8632142857142857 0.0838095238095238 0.039285714285714285 0.049523809523809526
0 0.73 0.07428571428571429 0.037142857142857144 0.047619047619047616
0 0.8128571428571428 0.08 0.03 0.0419047619047619
0 0.7514285714285714 0.041428571428571426 0.05857142857142857 0.040952380952380955
0 0.7060714285714286 0.01380952380952381 0.05785714285714286 0.02761904761904762
0 0.5675 0.048095238095238094 0.025 0.039047619047619046
0 0.7821428571428571 0.21 0.04 0.06
1 0.7267857142857143 0.21904761904761905 0.055 0.09333333333333334
3 0.7685714285714286 0.07809523809523809 0.037142857142857144 0.06095238095238095
0 0.6860714285714286 0.06380952380952382 0.035 0.0419047619047619
3 0.7021428571428572 0.10380952380952381 0.037142857142857144 0.05333333333333334
1 0.9378571428571428 0.05238095238095238 0.09857142857142857 0.05333333333333334
