1 0.36857142857142855 0.9385714285714286 0.10142857142857142 0.12285714285714286
0 0.48 0.9285714285714286 0.05285714285714286 0.14285714285714285
1 0.08071428571428571 0.820952380952381 0.07142857142857142 0.16952380952380952
0 0.14785714285714285 0.5242857142857142 0.05857142857142857 0.11523809523809524
0 0.17642857142857143 0.4104761904761905 0.05 0.10095238095238095
0 0.19964285714285715 0.30095238095238097 0.04642857142857143 0.09523809523809523
1 0.18928571428571428 0.15666666666666668 0.06142857142857143 0.12476190476190477
0 0.14214285714285715 0.16238095238095238 0.04285714285714286 0.07904761904761905
0 0.16285714285714287 0.041428571428571426 0.06571428571428571 0.04476190476190476
0 0.44392857142857145 0.37523809523809526 0.039285714285714285 0.09333333333333334
0 0.5675 0.4695238095238095 0.04071428571428572 0.10285714285714286
1 0.5617857142857143 0.3580952380952381 0.03642857142857143 0.10095238095238095
0 0.5560714285714285 0.14523809523809525 0.030714285714285715 0.06952380952380953
0 0.5546428571428571 0.06666666666666667 0.029285714285714286 0.06095238095238095
0 0.4689285714285714 0.08523809523809524 0.029285714285714286 0.06190476190476191
