0 0.3171428571428571 0.6919047619047619 0.037142857142857144 0.05238095238095238
0 0.39035714285714285 0.6266666666666667 0.016428571428571428 0.03619047619047619
0 0.39357142857142857 0.5352380952380953 0.015714285714285715 0.02857142857142857
1 0.3767857142857143 0.6842857142857143 0.029285714285714286 0.08285714285714285
1 0.39321428571428574 0.5728571428571428 0.019285714285714285 0.06
0 0.5371428571428571 0.579047619047619 0.027142857142857142 0.030476190476190476
1 0.4160714285714286 0.33714285714285713 0.015 0.05142857142857143
0 0.4253571428571429 0.20857142857142857 0.0064285714285714285 0.007619047619047619
0 0.43357142857142855 0.1961904761904762 0.005714285714285714 0.007619047619047619
0 0.32535714285714284 0.4138095238095238 0.015 0.012380952380952381
