1 0.3292857142857143 0.4542857142857143 0.047142857142857146 0.0380952380952381
2 0.4 0.38666666666666666 0.041428571428571426 0.047619047619047616
1 0.6057142857142858 0.3466666666666667 0.032857142857142856 0.030476190476190476
3 0.6096428571428572 0.30904761904761907 0.007857142857142858 0.008571428571428572
1 0.4953571428571429 0.3219047619047619 0.030714285714285715 0.02666666666666667
0 0.9728571428571429 0.44095238095238093 0.03428571428571429 0.024761904761904763
0 0.9775 0.5038095238095238 0.03214285714285714 0.02666666666666667
0 0.8478571428571429 0.42523809523809525 0.027142857142857142 0.023809523809523808
0 0.9339285714285714 0.41 0.027857142857142858 0.018095238095238095
0 0.7742857142857142 0.29333333333333333 0.014285714285714285 0.009523809523809525
0 0.7710714285714285 0.2919047619047619 0.015 0.010476190476190476
0 0.7967857142857143 0.28714285714285714 0.015 0.006666666666666667
1 0.795 0.29428571428571426 0.01 0.011428571428571429
0 0.7835714285714286 0.27714285714285714 0.007142857142857143 0.005714285714285714
0 0.7746428571428572 0.2780952380952381 0.007857142857142858 0.005714285714285714
