3 0.229 0.14766666666666667 0.056 0.08066666666666666
3 0.12175 0.705 0.0795 0.202
0 0.31325 0.10966666666666666 0.0565 0.06866666666666667
3 0.42725 0.35233333333333333 0.0625 0.10066666666666667
1 0.457 0.5383333333333333 0.117 0.126
3 0.64 0.012333333333333333 0.032 0.024666666666666667
0 0.66725 0.006333333333333333 0.0335 0.012666666666666666
0 0.5065 0.21 0.079 0.084
0 0.5595 0.2663333333333333 0.092 0.059333333333333335
0 0.61125 0.13466666666666666 0.0705 0.064
3 0.59125 0.33766666666666667 0.0935 0.09
0 0.6765 0.08333333333333333 0.063 0.05466666666666667
1 0.75125 0.816 0.1205 0.17466666666666666
0 0.801 0.5656666666666667 0.055 0.07
0 0.85975 0.943 0.1325 0.114
0 0.84025 0.621 0.1195 0.098
