0 0.03857142857142857 0.11952380952380952 0.03857142857142857 0.035238095238095235
0 0.055357142857142855 0.17142857142857143 0.02642857142857143 0.0380952380952381
0 0.13357142857142856 0.46095238095238095 0.037142857142857144 0.05714285714285714
0 0.19107142857142856 0.8285714285714286 0.07928571428571428 0.06857142857142857
0 0.39464285714285713 0.7433333333333333 0.052142857142857144 0.09428571428571429
3 0.24571428571428572 0.9623809523809523 0.054285714285714284 0.07333333333333333
3 0.36392857142857143 0.5257142857142857 0.04214285714285714 0.07047619047619047
3 0.3867857142857143 0.48 0.04214285714285714 0.08571428571428572
0 0.4275 0.48238095238095235 0.035 0.06190476190476191
0 0.52 0.4542857142857143 0.04 0.05904761904761905
0 0.5228571428571429 0.3952380952380952 0.041428571428571426 0.049523809523809526
3 0.6778571428571428 0.3438095238095238 0.05857142857142857 0.07047619047619047
3 0.7414285714285714 0.5366666666666666 0.06571428571428571 0.07523809523809524
0 0.8639285714285714 0.4076190476190476 0.05785714285714286 0.05523809523809524
0 0.915 0.3595238095238095 0.05285714285714286 0.04666666666666667
0 0.9471428571428572 0.3523809523809524 0.055714285714285716 0.05333333333333334
3 0.9485714285714286 0.49047619047619045 0.054285714285714284 0.06285714285714286
3 0.9746428571428571 0.47714285714285715 0.05071428571428571 0.06476190476190476
3 0.9232142857142858 0.26476190476190475 0.05785714285714286 0.06095238095238095
0 0.8546428571428571 0.24761904761904763 0.035 0.03619047619047619
