3 0.6896428571428571 0.9549492385786802 0.04357142857142857 0.08756345177664974
0 0.6589285714285714 0.8876903553299492 0.039285714285714285 0.0850253807106599
0 0.6292857142857143 0.800761421319797 0.032857142857142856 0.07868020304568528
3 0.6228571428571429 0.7404822335025381 0.02857142857142857 0.06472081218274112
0 0.48178571428571426 0.5926395939086294 0.023571428571428573 0.048223350253807105
0 0.5942857142857143 0.6814720812182741 0.027142857142857142 0.06091370558375635
0 0.5810714285714286 0.6072335025380711 0.025 0.05456852791878172
0 0.5689285714285715 0.5717005076142132 0.019285714285714285 0.04187817258883249
0 0.56 0.5342639593908629 0.02 0.04314720812182741
0 0.5492857142857143 0.5076142131979695 0.017142857142857144 0.04314720812182741
0 0.5446428571428571 0.4860406091370558 0.015 0.030456852791878174
0 0.535 0.4606598984771574 0.015714285714285715 0.03553299492385787
1 0.4857142857142857 0.47017766497461927 0.024285714285714285 0.06472081218274112
0 0.45571428571428574 0.42956852791878175 0.014285714285714285 0.02918781725888325
1 0.4735714285714286 0.31852791878172587 0.02 0.0583756345177665
1 0.4546428571428571 0.31408629441624364 0.015 0.03680203045685279
1 0.43535714285714283 0.20241116751269037 0.012142857142857143 0.03680203045685279
2 0.46 0.2766497461928934 0.012857142857142857 0.03299492385786802
2 0.47035714285714286 0.19416243654822335 0.013571428571428571 0.027918781725888325
0 0.46035714285714285 0.3477157360406091 0.010714285714285714 0.02030456852791878
0 0.235 0.6465736040609137 0.03428571428571429 0.06979695431472081
3 0.015714285714285715 0.6173857868020305 0.03142857142857143 0.06979695431472081
0 0.13357142857142856 0.5456852791878173 0.03571428571428571 0.04568527918781726
3 0.3003571428571429 0.3426395939086294 0.019285714285714285 0.03553299492385787
0 0.3092857142857143 0.25951776649746194 0.014285714285714285 0.0266497461928934
0 0.2642857142857143 0.24873096446700507 0.014285714285714285 0.02030456852791878
0 0.335 0.2017766497461929 0.01 0.017766497461928935
0 0.3467857142857143 0.17576142131979697 0.009285714285714286 0.01649746192893401
0 0.38321428571428573 0.1484771573604061 0.007857142857142858 0.015228426395939087
0 0.37392857142857144 0.14022842639593908 0.007857142857142858 0.013959390862944163
0 0.36392857142857143 0.13388324873096447 0.007857142857142858 0.011421319796954314
3 0.3025 0.1751269035532995 0.012142857142857143 0.02030456852791878
0 0.3360714285714286 0.15291878172588833 0.007857142857142858 0.01649746192893401
0 0.3467857142857143 0.13007614213197968 0.007857142857142858 0.011421319796954314
0 0.36464285714285716 0.06789340101522842 0.0064285714285714285 0.008883248730964468
0 0.33785714285714286 0.108502538071066 0.008571428571428572 0.011421319796954314
3 0.3414285714285714 0.12119289340101523 0.008571428571428572 0.013959390862944163
1 0.31642857142857145 0.1351522842639594 0.015714285714285715 0.0266497461928934
0 0.37107142857142855 0.11738578680203046 0.0064285714285714285 0.013959390862944163
0 0.3942857142857143 0.11802030456852793 0.005714285714285714 0.01015228426395939
0 0.3867857142857143 0.1065989847715736 0.0064285714285714285 0.01015228426395939
0 0.3982142857142857 0.07614213197969544 0.005 0.01015228426395939
0 0.3967857142857143 0.05901015228426396 0.005 0.008883248730964468
0 0.41035714285714286 0.05901015228426396 0.0035714285714285713 0.008883248730964468
0 0.41214285714285714 0.04885786802030457 0.004285714285714286 0.008883248730964468
0 0.4085714285714286 0.04568527918781726 0.002857142857142857 0.007614213197969543
0 0.4014285714285714 0.0450507614213198 0.004285714285714286 0.008883248730964468
0 0.40464285714285714 0.0399746192893401 0.0035714285714285713 0.006345177664974619
1 0.3717857142857143 0.05203045685279188 0.0064285714285714285 0.015228426395939087
1 0.38035714285714284 0.05139593908629442 0.007857142857142858 0.013959390862944163
1 0.38392857142857145 0.04314720812182741 0.007857142857142858 0.015228426395939087
0 0.4407142857142857 0.1681472081218274 0.008571428571428572 0.011421319796954314
0 0.4442857142857143 0.15736040609137056 0.005714285714285714 0.012690355329949238
0 0.4475 0.15355329949238578 0.005 0.01015228426395939
0 0.4589285714285714 0.15038071065989847 0.005 0.013959390862944163
