0 0.6839770354906054 0.9679962894248608 0.05793319415448852 0.06215213358070501
3 0.6343945720250522 0.6062152133580705 0.03288100208768267 0.038033395176252316
1 0.6905010438413361 0.475417439703154 0.061586638830897704 0.12708719851576994
0 0.660490605427975 0.362708719851577 0.02348643006263048 0.03525046382189239
0 0.642223382045929 0.2815398886827458 0.024530271398747392 0.030612244897959183
0 0.704070981210856 0.24675324675324675 0.024008350730688934 0.027829313543599257
0 0.7374739039665971 0.1841372912801484 0.024008350730688934 0.021335807050092765
0 0.8045407098121086 0.174860853432282 0.0255741127348643 0.023191094619666047
0 0.8113256784968684 0.16883116883116883 0.02348643006263048 0.02040816326530612
3 0.7343423799582464 0.12987012987012986 0.017745302713987474 0.02040816326530612
0 0.9363256784968684 0.09369202226345083 0.016701461377870562 0.01855287569573284
0 0.9548538622129437 0.08905380333951762 0.02035490605427975 0.016697588126159554
0 0.9754697286012526 0.08209647495361781 0.020876826722338204 0.01948051948051948
0 0.9749478079331941 0.05333951762523191 0.019832985386221295 0.01948051948051948
0 0.9916492693110647 0.04916512059369202 0.015657620041753653 0.01855287569573284
0 0.5294885177453027 0.1989795918367347 0.01722338204592902 0.023191094619666047
0 0.49843423799582465 0.1461038961038961 0.014613778705636743 0.01948051948051948
0 0.34342379958246344 0.30241187384044527 0.030271398747390398 0.027829313543599257
0 0.3418580375782881 0.27319109461966606 0.029227557411273485 0.026901669758812616
0 0.26043841336116913 0.5051020408163265 0.017745302713987474 0.04359925788497217
0 0.4240605427974948 0.6451762523191095 0.04018789144050104 0.04359925788497217
