0 0.4942857142857143 0.7151015228426396 0.037142857142857144 0.05964467005076142
0 0.45821428571428574 0.7030456852791879 0.029285714285714286 0.0532994923857868
0 0.675 0.5748730964467005 0.027142857142857142 0.0583756345177665
0 0.6660714285714285 0.766497461928934 0.03214285714285714 0.07360406091370558
0 0.5878571428571429 0.8775380710659898 0.03857142857142857 0.07741116751269035
0 0.335 0.9701776649746193 0.05 0.05710659898477157
0 0.7189285714285715 0.549492385786802 0.020714285714285713 0.0583756345177665
0 0.5914285714285714 0.18781725888324874 0.022857142857142857 0.025380710659898477
0 0.7521428571428571 0.29758883248730966 0.017142857142857144 0.03934010152284264
0 0.7482142857142857 0.41751269035532995 0.015 0.04568527918781726
0 0.7560714285714286 0.19860406091370558 0.017857142857142856 0.0266497461928934
0 0.7739285714285714 0.1484771573604061 0.013571428571428571 0.02284263959390863
0 0.7853571428571429 0.10913705583756345 0.010714285714285714 0.017766497461928935
0 0.7739285714285714 0.04251269035532995 0.007857142857142858 0.021573604060913704
0 0.7632142857142857 0.07233502538071065 0.012142857142857143 0.02030456852791878
0 0.7492857142857143 0.14022842639593908 0.011428571428571429 0.01903553299492386
0 0.7357142857142858 0.13578680203045684 0.012857142857142857 0.02030456852791878
3 0.7707142857142857 0.233502538071066 0.018571428571428572 0.03553299492385787
2 0.7832142857142858 0.2639593908629442 0.03357142857142857 0.10406091370558376
2 0.8103571428571429 0.15355329949238578 0.025 0.08121827411167512
0 0.8182142857142857 0.05901015228426396 0.012142857142857143 0.021573604060913704
0 0.8292857142857143 0.03680203045685279 0.011428571428571429 0.03553299492385787
0 0.795 0.01903553299492386 0.008571428571428572 0.02284263959390863
