3 0.03321428571428572 0.7538095238095238 0.06642857142857143 0.08095238095238096
0 0.18035714285714285 0.8523809523809524 0.08071428571428571 0.08761904761904762
0 0.29 0.8509523809523809 0.07857142857142857 0.09428571428571429
0 0.30892857142857144 0.7852380952380953 0.07785714285714286 0.07904761904761905
0 0.33071428571428574 0.73 0.07571428571428572 0.07523809523809524
0 0.44571428571428573 0.7333333333333333 0.05714285714285714 0.11047619047619048
0 0.4114285714285714 0.5766666666666667 0.07 0.06571428571428571
1 0.4139285714285714 0.5242857142857142 0.075 0.06952380952380953
0 0.4475 0.47 0.06785714285714285 0.058095238095238096
1 0.5275 0.25952380952380955 0.04642857142857143 0.05238095238095238
0 0.615 0.12904761904761905 0.03857142857142857 0.05619047619047619
0 0.5842857142857143 0.0919047619047619 0.055714285714285716 0.04476190476190476
0 0.5985714285714285 0.06476190476190476 0.05285714285714286 0.045714285714285714
0 0.6067857142857143 0.03857142857142857 0.05071428571428571 0.04285714285714286
1 0.6203571428571428 0.021904761904761906 0.060714285714285714 0.04380952380952381
0 0.017857142857142856 0.6195238095238095 0.03571428571428571 0.07142857142857142
0 0.49857142857142855 0.9438095238095238 0.08714285714285715 0.06095238095238095
0 0.5085714285714286 0.8685714285714285 0.08428571428571428 0.05904761904761905
0 0.5260714285714285 0.7947619047619048 0.075 0.058095238095238096
0 0.5453571428571429 0.7347619047619047 0.07214285714285715 0.05238095238095238
0 0.5625 0.6757142857142857 0.07642857142857143 0.05238095238095238
0 0.5667857142857143 0.61 0.07785714285714286 0.04666666666666667
0 0.5825 0.5647619047619048 0.06785714285714285 0.045714285714285714
0 0.6128571428571429 0.53 0.06714285714285714 0.06190476190476191
0 0.6292857142857143 0.4895238095238095 0.07 0.05523809523809524
0 0.6446428571428572 0.43666666666666665 0.06928571428571428 0.06190476190476191
0 0.6671428571428571 0.4 0.06142857142857143 0.05523809523809524
0 0.5542857142857143 0.4261904761904762 0.045714285714285714 0.09047619047619047
1 0.6917857142857143 0.26142857142857145 0.06785714285714285 0.054285714285714284
3 0.6917857142857143 0.21333333333333335 0.060714285714285714 0.047619047619047616
1 0.7078571428571429 0.18714285714285714 0.06571428571428571 0.05238095238095238
1 0.7157142857142857 0.15142857142857144 0.07 0.05714285714285714
3 0.7289285714285715 0.06380952380952382 0.04642857142857143 0.05142857142857143
0 0.7353571428571428 0.0380952380952381 0.039285714285714285 0.04
0 0.7396428571428572 0.015714285714285715 0.04071428571428572 0.03142857142857143
