1 0.38571428571428573 0.023477157360406092 0.008571428571428572 0.024111675126903553
3 0.38035714285714284 0.07106598984771574 0.009285714285714286 0.025380710659898477
0 0.4257142857142857 0.04758883248730964 0.008571428571428572 0.024111675126903553
0 0.4225 0.005710659898477157 0.007857142857142858 0.011421319796954314
0 0.36464285714285716 0.10469543147208121 0.007857142857142858 0.01903553299492386
0 0.36392857142857143 0.1935279187817259 0.007857142857142858 0.021573604060913704
3 0.3757142857142857 0.10977157360406091 0.008571428571428572 0.021573604060913704
3 0.37392857142857144 0.13895939086294415 0.009285714285714286 0.024111675126903553
0 0.26285714285714284 0.399746192893401 0.008571428571428572 0.02284263959390863
0 0.335 0.4619289340101523 0.01 0.03299492385786802
0 0.31785714285714284 0.5152284263959391 0.01 0.03553299492385787
2 0.3439285714285714 0.5266497461928934 0.013571428571428571 0.05583756345177665
3 0.23357142857142857 0.6345177664974619 0.012857142857142857 0.03807106598984772
