0 0.02642857142857143 0.006666666666666667 0.008571428571428572 0.009523809523809525
3 0.08607142857142858 0.039047619047619046 0.013571428571428571 0.015238095238095238
0 0.07142857142857142 0.01380952380952381 0.011428571428571429 0.008571428571428572
3 0.10392857142857143 0.027142857142857142 0.023571428571428573 0.012380952380952381
3 0.11214285714285714 0.03428571428571429 0.015714285714285715 0.011428571428571429
0 0.1417857142857143 0.03 0.016428571428571428 0.008571428571428572
3 0.08642857142857142 0.22238095238095237 0.032857142857142856 0.07523809523809524
0 0.08535714285714285 0.02095238095238095 0.015 0.007619047619047619
0 0.11642857142857142 0.054285714285714284 0.011428571428571429 0.009523809523809525
0 0.10571428571428572 0.07047619047619047 0.008571428571428572 0.011428571428571429
0 0.11857142857142858 0.06952380952380953 0.008571428571428572 0.009523809523809525
0 0.1325 0.08571428571428572 0.010714285714285714 0.009523809523809525
0 0.1475 0.08285714285714285 0.009285714285714286 0.011428571428571429
3 0.10964285714285714 0.08714285714285715 0.009285714285714286 0.012380952380952381
0 0.11892857142857143 0.08285714285714285 0.016428571428571428 0.009523809523809525
0 0.21928571428571428 0.08619047619047619 0.015714285714285715 0.006666666666666667
3 0.21 0.08285714285714285 0.015714285714285715 0.013333333333333334
0 0.15357142857142858 0.10380952380952381 0.02 0.013333333333333334
0 0.25142857142857145 0.1761904761904762 0.014285714285714285 0.017142857142857144
0 0.26571428571428574 0.17523809523809525 0.011428571428571429 0.015238095238095238
3 0.2857142857142857 0.23857142857142857 0.027142857142857142 0.05619047619047619
3 0.25535714285714284 0.24 0.02642857142857143 0.05714285714285714
0 0.2392857142857143 0.2519047619047619 0.01 0.018095238095238095
0 0.3375 0.26761904761904765 0.03357142857142857 0.022857142857142857
3 0.3557142857142857 0.3357142857142857 0.03142857142857143 0.02761904761904762
2 0.15678571428571428 0.34476190476190477 0.03357142857142857 0.08761904761904762
0 0.23964285714285713 0.36 0.039285714285714285 0.03238095238095238
3 0.31392857142857145 0.3585714285714286 0.027857142857142858 0.023809523809523808
3 0.2057142857142857 0.32476190476190475 0.04857142857142857 0.047619047619047616
3 0.21321428571428572 0.30142857142857143 0.04928571428571429 0.03142857142857143
3 0.25642857142857145 0.3314285714285714 0.03142857142857143 0.030476190476190476
3 0.22964285714285715 0.33380952380952383 0.03357142857142857 0.03333333333333333
0 0.3921428571428571 0.6771428571428572 0.032857142857142856 0.06095238095238095
0 0.34464285714285714 0.6966666666666667 0.03642857142857143 0.06952380952380953
0 0.39714285714285713 0.5252380952380953 0.037142857142857144 0.04476190476190476
0 0.5725 0.6895238095238095 0.060714285714285714 0.05904761904761905
0 0.5264285714285715 0.6266666666666667 0.05 0.05142857142857143
3 0.5521428571428572 0.6533333333333333 0.06571428571428571 0.07047619047619047
3 0.6535714285714286 0.9728571428571429 0.07571428571428572 0.054285714285714284
3 0.4110714285714286 0.2819047619047619 0.04214285714285714 0.047619047619047616
0 0.41 0.310952380952381 0.03142857142857143 0.01619047619047619
0 0.455 0.2795238095238095 0.025714285714285714 0.02
0 0.49214285714285716 0.3861904761904762 0.037142857142857144 0.037142857142857144
0 0.51 0.43142857142857144 0.037142857142857144 0.03428571428571429
0 0.4657142857142857 0.4685714285714286 0.03857142857142857 0.0380952380952381
0 0.7478571428571429 0.8076190476190476 0.06857142857142857 0.05714285714285714
0 0.8610714285714286 0.9638095238095238 0.07214285714285715 0.06857142857142857
0 0.9132142857142858 0.9576190476190476 0.08642857142857142 0.08285714285714285
0 0.9489285714285715 0.9447619047619048 0.09642857142857143 0.10857142857142857
0 0.9660714285714286 0.9352380952380952 0.06785714285714285 0.11428571428571428
0 0.9875 0.9 0.025 0.0419047619047619
3 0.8182142857142857 0.9742857142857143 0.056428571428571425 0.049523809523809526
