0 0.7246428571428571 0.09142857142857143 0.016428571428571428 0.022857142857142857
0 0.7342857142857143 0.11476190476190476 0.017142857142857144 0.02761904761904762
0 0.7557142857142857 0.16428571428571428 0.018571428571428572 0.02761904761904762
0 0.7653571428571428 0.18904761904761905 0.020714285714285713 0.03142857142857143
0 0.7932142857142858 0.2633333333333333 0.023571428571428573 0.029523809523809525
0 0.7275 0.22285714285714286 0.017857142857142856 0.02857142857142857
0 0.7182142857142857 0.19238095238095237 0.016428571428571428 0.02857142857142857
0 0.7089285714285715 0.16666666666666666 0.017857142857142856 0.02666666666666667
0 0.6985714285714286 0.14047619047619048 0.017142857142857144 0.02761904761904762
0 0.69 0.11428571428571428 0.017142857142857144 0.024761904761904763
3 0.8085714285714286 0.3547619047619048 0.025714285714285714 0.04285714285714286
3 0.8260714285714286 0.3495238095238095 0.02214285714285714 0.0380952380952381
3 0.9778571428571429 0.6161904761904762 0.04428571428571428 0.030476190476190476
0 0.8739285714285714 0.6733333333333333 0.052142857142857144 0.03238095238095238
0 0.8825 0.7142857142857143 0.04928571428571429 0.03619047619047619
0 0.0175 0.8085714285714286 0.035 0.03428571428571429
0 0.0125 0.8466666666666667 0.025 0.03428571428571429
0 0.1125 0.7257142857142858 0.03357142857142857 0.07238095238095238
2 0.20392857142857143 0.7204761904761905 0.07214285714285715 0.1895238095238095
0 0.0725 0.6185714285714285 0.05071428571428571 0.03142857142857143
0 0.08357142857142857 0.569047619047619 0.04285714285714286 0.02761904761904762
1 0.10357142857142858 0.5114285714285715 0.05857142857142857 0.04
0 0.5071428571428571 0.4919047619047619 0.017142857142857144 0.05047619047619047
1 0.5889285714285715 0.3280952380952381 0.029285714285714286 0.07142857142857142
0 0.46714285714285714 0.2919047619047619 0.015714285714285715 0.03333333333333333
2 0.46964285714285714 0.08666666666666667 0.019285714285714285 0.06285714285714286
0 0.08785714285714286 0.32285714285714284 0.041428571428571426 0.024761904761904763
0 0.2782142857142857 0.3380952380952381 0.023571428571428573 0.04
0 0.3182142857142857 0.18857142857142858 0.016428571428571428 0.030476190476190476
0 0.25107142857142856 0.16142857142857142 0.016428571428571428 0.025714285714285714
3 0.285 0.10428571428571429 0.025714285714285714 0.023809523809523808
0 0.285 0.08857142857142856 0.027142857142857142 0.017142857142857144
0 0.2860714285714286 0.07571428571428572 0.023571428571428573 0.014285714285714285
0 0.29285714285714287 0.06571428571428571 0.027142857142857142 0.017142857142857144
0 0.2957142857142857 0.0419047619047619 0.024285714285714285 0.01904761904761905
0 0.29928571428571427 0.030952380952380953 0.022857142857142857 0.012380952380952381
0 0.30142857142857143 0.021904761904761906 0.022857142857142857 0.013333333333333334
0 0.3082142857142857 0.015238095238095238 0.02214285714285714 0.013333333333333334
0 0.07464285714285715 0.3523809523809524 0.04071428571428572 0.01904761904761905
1 0.06464285714285714 0.3676190476190476 0.04642857142857143 0.02666666666666667
0 0.9167857142857143 0.7976190476190477 0.060714285714285714 0.039047619047619046
0 0.9182142857142858 0.8423809523809523 0.07357142857142857 0.040952380952380955
