0 0.1845 0.5023333333333333 0.157 0.102
0 0.5195 0.4786666666666667 0.09 0.124
3 0.214 0.4056666666666667 0.15 0.09533333333333334
3 0.68175 0.43433333333333335 0.1515 0.10466666666666667
3 0.317 0.173 0.11 0.07533333333333334
3 0.5515 0.883 0.119 0.22866666666666666
3 0.83925 0.9303333333333333 0.3175 0.13933333333333334
3 0.747 0.7876666666666666 0.257 0.16333333333333333
3 0.671 0.6773333333333333 0.188 0.13733333333333334
0 0.68475 0.378 0.1525 0.07333333333333333
0 0.60225 0.326 0.1275 0.076
0 0.36475 0.294 0.0655 0.08266666666666667
0 0.2325 0.35233333333333333 0.136 0.06866666666666667
0 0.267 0.31 0.135 0.076
3 0.65625 0.2786666666666667 0.0985 0.08266666666666667
0 0.64875 0.24366666666666667 0.1135 0.06466666666666666
0 0.626 0.21166666666666667 0.104 0.054
0 0.6225 0.19166666666666668 0.104 0.054
3 0.3315 0.15133333333333332 0.096 0.06
0 0.61075 0.163 0.0895 0.046
0 0.5925 0.10866666666666666 0.083 0.04133333333333333
0 0.5915 0.09133333333333334 0.076 0.030666666666666665
3 0.58775 0.06933333333333333 0.0635 0.04133333333333333
1 0.57925 0.056666666666666664 0.0715 0.037333333333333336
0 0.57525 0.037333333333333336 0.0625 0.029333333333333333
3 0.57 0.02033333333333333 0.058 0.034
0 0.5205 0.07133333333333333 0.033 0.044
0 0.46275 0.05466666666666667 0.0335 0.042666666666666665
0 0.35525 0.117 0.0835 0.04466666666666667
0 0.348 0.09333333333333334 0.083 0.044
0 0.3585 0.073 0.078 0.03666666666666667
0 0.3825 0.057666666666666665 0.078 0.03666666666666667
0 0.38025 0.035333333333333335 0.0705 0.037333333333333336
0 0.3725 0.021333333333333333 0.059 0.024
3 0.3835 0.012333333333333333 0.058 0.024666666666666667
