1 0.040357142857142855 0.38857142857142857 0.047857142857142855 0.04
0 0.2532142857142857 0.38571428571428573 0.04214285714285714 0.022857142857142857
0 0.32321428571428573 0.3352380952380952 0.03642857142857143 0.022857142857142857
0 0.5282142857142857 0.3547619047619048 0.013571428571428571 0.02761904761904762
0 0.5185714285714286 0.29333333333333333 0.015714285714285715 0.030476190476190476
0 0.5378571428571428 0.2923809523809524 0.017142857142857144 0.02857142857142857
0 0.53 0.26095238095238094 0.015714285714285715 0.02666666666666667
0 0.5260714285714285 0.2338095238095238 0.015 0.025714285714285714
3 0.41214285714285714 0.15761904761904763 0.017142857142857144 0.018095238095238095
0 0.41464285714285715 0.12 0.019285714285714285 0.013333333333333334
0 0.6364285714285715 0.07095238095238095 0.015714285714285715 0.012380952380952381
0 0.6917857142857143 0.16904761904761906 0.023571428571428573 0.02
0 0.6471428571428571 0.6328571428571429 0.037142857142857144 0.06571428571428571
0 0.7196428571428571 0.7638095238095238 0.04357142857142857 0.07809523809523809
0 0.8446428571428571 0.1319047619047619 0.016428571428571428 0.018095238095238095
0 0.8825 0.1680952380952381 0.016428571428571428 0.01619047619047619
0 0.9425 0.16523809523809524 0.023571428571428573 0.014285714285714285
0 0.92 0.14809523809523809 0.022857142857142857 0.014285714285714285
3 0.8871428571428571 0.13095238095238096 0.022857142857142857 0.014285714285714285
