0 0.15915593705293277 0.7433206106870229 0.10801144492131616 0.1450381679389313
0 0.23676680972818312 0.7495229007633588 0.08011444921316166 0.13263358778625955
0 0.6030042918454935 0.7538167938931297 0.13161659513590845 0.0916030534351145
0 0.6534334763948498 0.8354007633587787 0.14091559370529327 0.10400763358778627
0 0.0919170243204578 0.7409351145038168 0.10944206008583691 0.1269083969465649
0 0.0919170243204578 0.9661259541984732 0.1838340486409156 0.06583969465648855
2 0.1630901287553648 0.4952290076335878 0.2145922746781116 0.08587786259541985
0 0.21280400572246067 0.4446564885496183 0.06223175965665236 0.03244274809160305
0 0.3319027181688126 0.47280534351145037 0.06866952789699571 0.033396946564885496
0 0.30686695278969955 0.4470419847328244 0.06437768240343347 0.042938931297709926
0 0.9445636623748211 0.5691793893129771 0.07224606580829757 0.06965648854961833
0 0.7907725321888412 0.38740458015267176 0.030758226037195996 0.03244274809160305
3 0.8723175965665236 0.45896946564885494 0.05078683834048641 0.061068702290076333
0 0.9735336194563662 0.517175572519084 0.05150214592274678 0.03816793893129771
0 0.9206008583690987 0.3678435114503817 0.032904148783977114 0.025763358778625955
0 0.7675250357653791 0.3573473282442748 0.027181688125894134 0.02194656488549618
0 0.6176680972818311 0.3191793893129771 0.016452074391988557 0.01812977099236641
1 0.6419885550786838 0.3435114503816794 0.027896995708154508 0.04961832061068702
0 0.7392703862660944 0.31822519083969464 0.019313304721030045 0.01812977099236641
0 0.12446351931330472 0.4613549618320611 0.05007153075822604 0.02194656488549618
3 0.2753934191702432 0.37166030534351147 0.055793991416309016 0.039122137404580155
2 0.7339055793991416 0.29341603053435117 0.04864091559370529 0.039122137404580155
2 0.630901287553648 0.23091603053435114 0.0357653791130186 0.013358778625954198
0 0.5679542203147353 0.3597328244274809 0.04291845493562232 0.022900763358778626
0 0.4570815450643777 0.3368320610687023 0.02145922746781116 0.026717557251908396
0 0.43597997138769673 0.3425572519083969 0.022174535050071532 0.02480916030534351
0 0.5218168812589413 0.22900763358778625 0.009298998569384835 0.009541984732824428
0 0.5253934191702432 0.2428435114503817 0.016452074391988557 0.01049618320610687
0 0.4867668097281831 0.33826335877862596 0.035050071530758224 0.02385496183206107
0 0.501788268955651 0.33396946564885494 0.027896995708154508 0.022900763358778626
0 0.5100143061516452 0.3268129770992366 0.024320457796852647 0.01812977099236641
0 0.5089413447782547 0.321087786259542 0.03648068669527897 0.01812977099236641
0 0.5185979971387696 0.31822519083969464 0.020028612303290415 0.012404580152671756
0 0.509656652360515 0.31440839694656486 0.032188841201716736 0.01431297709923664
0 0.5042918454935622 0.3077290076335878 0.034334763948497854 0.020038167938931296
0 0.509656652360515 0.30104961832061067 0.029327610872675252 0.01812977099236641
0 0.5078683834048641 0.2924618320610687 0.02861230329041488 0.012404580152671756
0 0.5078683834048641 0.2862595419847328 0.02861230329041488 0.015267175572519083
0 0.5665236051502146 0.3363549618320611 0.017167381974248927 0.02385496183206107
0 0.5708154506437768 0.3234732824427481 0.02145922746781116 0.02099236641221374
0 0.5625894134477826 0.31154580152671757 0.015021459227467811 0.02194656488549618
0 0.5582975679542204 0.29866412213740456 0.0178826895565093 0.013358778625954198
0 0.5568669527896996 0.29150763358778625 0.016452074391988557 0.01812977099236641
0 0.36194563662374823 0.35639312977099236 0.04291845493562232 0.02194656488549618
0 0.41094420600858367 0.34303435114503816 0.02074391988555079 0.029580152671755726
