0 0.054285714285714284 0.13380952380952382 0.03428571428571429 0.06380952380952382
0 0.09464285714285714 0.13 0.03357142857142857 0.07333333333333333
0 0.04428571428571428 0.3323809523809524 0.06714285714285714 0.06095238095238095
0 0.12214285714285714 0.33714285714285713 0.055714285714285716 0.0419047619047619
0 0.19964285714285715 0.3547619047619048 0.06928571428571428 0.04476190476190476
1 0.3075 0.2985714285714286 0.095 0.06380952380952382
1 0.3917857142857143 0.27476190476190476 0.030714285714285715 0.09238095238095238
1 0.5635714285714286 0.36142857142857143 0.13142857142857142 0.13428571428571429
3 0.7575 0.18714285714285714 0.06357142857142857 0.04857142857142857
0 0.8617857142857143 0.2904761904761905 0.06642857142857143 0.047619047619047616
1 0.9246428571428571 0.40190476190476193 0.11071428571428571 0.08
1 0.7703571428571429 0.42714285714285716 0.05357142857142857 0.10571428571428572
0 0.5025 0.5638095238095238 0.04642857142857143 0.09333333333333334
3 0.5439285714285714 0.6014285714285714 0.045 0.07904761904761905
1 0.5721428571428572 0.7176190476190476 0.041428571428571426 0.12285714285714286
1 0.3242857142857143 0.4747619047619048 0.09 0.12095238095238095
1 0.24785714285714286 0.4919047619047619 0.07857142857142857 0.06190476190476191
1 0.08285714285714285 0.4657142857142857 0.12 0.07809523809523809
0 0.4857142857142857 0.8371428571428572 0.04 0.1295238095238095
0 0.5446428571428571 0.8447619047619047 0.04071428571428572 0.12
0 0.6067857142857143 0.9604761904761905 0.04642857142857143 0.07714285714285714
