0 0.5142857142857142 0.4619289340101523 0.02142857142857143 0.06598984771573604
0 0.5742857142857143 0.42258883248730966 0.02142857142857143 0.05583756345177665
0 0.4667857142857143 0.3934010152284264 0.025 0.0532994923857868
0 0.3975 0.45558375634517767 0.03214285714285714 0.07360406091370558
0 0.4575 0.4593908629441624 0.027857142857142858 0.07106598984771574
0 0.5203571428571429 0.40418781725888325 0.02214285714285714 0.04949238578680203
0 0.415 0.39276649746192893 0.024285714285714285 0.046954314720812185
0 0.4785714285714286 0.29441624365482233 0.02 0.048223350253807105
0 0.43107142857142855 0.29441624365482233 0.025 0.0532994923857868
0 0.3157142857142857 0.36548223350253806 0.027142857142857142 0.06091370558375635
0 0.6957142857142857 0.22906091370558376 0.022857142857142857 0.046954314720812185
0 0.72 0.16434010152284265 0.017142857142857144 0.03426395939086294
0 0.7142857142857143 0.1319796954314721 0.017142857142857144 0.03299492385786802
0 0.6525 0.1453045685279188 0.03642857142857143 0.024111675126903553
0 0.6557142857142857 0.12373096446700507 0.03 0.01903553299492386
0 0.7214285714285714 0.10786802030456853 0.03428571428571429 0.025380710659898477
3 0.7178571428571429 0.07868020304568528 0.03571428571428571 0.025380710659898477
3 0.7210714285714286 0.09200507614213198 0.03785714285714286 0.02918781725888325
1 0.9478571428571428 0.02284263959390863 0.02 0.04568527918781726
3 0.3025 0.31091370558375636 0.04214285714285714 0.03553299492385787
3 0.29964285714285716 0.4213197969543147 0.035 0.07106598984771574
3 0.5453571428571429 0.4651015228426396 0.02214285714285714 0.06979695431472081
0 0.4953571428571429 0.3965736040609137 0.020714285714285713 0.05710659898477157
0 0.5492857142857143 0.40545685279187815 0.022857142857142857 0.05710659898477157
0 0.38821428571428573 0.38388324873096447 0.027857142857142858 0.06472081218274112
3 0.37535714285714283 0.43591370558375636 0.030714285714285715 0.07233502538071065
0 0.4392857142857143 0.39403553299492383 0.024285714285714285 0.05964467005076142
