3 0.03678571428571428 0.6034263959390863 0.027857142857142858 0.03680203045685279
0 0.09178571428571429 0.6573604060913706 0.029285714285714286 0.04060913705583756
0 0.030357142857142857 0.6478426395939086 0.029285714285714286 0.04187817258883249
0 0.0067857142857142855 0.7271573604060914 0.013571428571428571 0.048223350253807105
0 0.026785714285714284 0.7633248730964467 0.027857142857142858 0.05456852791878172
0 0.04357142857142857 0.7715736040609137 0.02 0.04568527918781726
0 0.07892857142857143 0.8356598984771574 0.02214285714285714 0.04949238578680203
0 0.09214285714285714 0.8565989847715736 0.022857142857142857 0.04568527918781726
3 0.06428571428571428 0.815989847715736 0.027142857142857142 0.0583756345177665
3 0.14821428571428572 0.9727157360406091 0.03642857142857143 0.031725888324873094
0 0.16285714285714287 0.7220812182741116 0.03 0.03807106598984772
0 0.23785714285714285 0.7861675126903553 0.032857142857142856 0.04187817258883249
0 0.2892857142857143 0.8445431472081218 0.03142857142857143 0.03934010152284264
0 0.19071428571428573 0.7728426395939086 0.02857142857142857 0.04060913705583756
3 0.3610714285714286 0.751269035532995 0.035 0.04568527918781726
3 0.4235714285714286 0.8299492385786802 0.03571428571428571 0.04314720812182741
3 0.5914285714285714 0.8001269035532995 0.03142857142857143 0.03426395939086294
2 0.95 0.9092639593908629 0.1 0.10532994923857868
2 0.8246428571428571 0.4486040609137056 0.05785714285714286 0.03680203045685279
3 0.9253571428571429 0.4282994923857868 0.035 0.031725888324873094
3 0.8725 0.4498730964467005 0.030714285714285715 0.02918781725888325
0 0.7667857142857143 0.44923857868020306 0.03357142857142857 0.027918781725888325
0 0.7114285714285714 0.43908629441624364 0.032857142857142856 0.027918781725888325
3 0.6635714285714286 0.43147208121827413 0.03428571428571429 0.030456852791878174
0 0.5357142857142857 0.39149746192893403 0.03428571428571429 0.031725888324873094
2 0.6025 0.407994923857868 0.05357142857142857 0.044416243654822336
