0 0.17675 0.9636666666666667 0.1565 0.07266666666666667
0 0.12 0.8823333333333333 0.143 0.11666666666666667
0 0.286 0.871 0.136 0.17933333333333334
3 0.42925 0.82 0.1275 0.144
0 0.227 0.685 0.121 0.11666666666666667
0 0.39375 0.65 0.1255 0.108
0 0.078 0.729 0.12 0.13666666666666666
3 0.0905 0.4 0.087 0.104
0 0.0215 0.6206666666666667 0.043 0.12133333333333333
1 0.2 0.5096666666666667 0.125 0.14733333333333334
1 0.27625 0.47733333333333333 0.0975 0.11466666666666667
0 0.08975 0.017333333333333333 0.0615 0.034666666666666665
3 0.702 0.8743333333333333 0.132 0.17666666666666667
1 0.47025 0.47733333333333333 0.1125 0.112
1 0.6155 0.2713333333333333 0.11 0.09466666666666666
1 0.7865 0.528 0.127 0.09733333333333333
1 0.911 0.408 0.057 0.088
0 0.716 0.087 0.059 0.056666666666666664
