3 0.6371428571428571 0.09 0.02857142857142857 0.09428571428571429
0 0.6796428571428571 0.9261904761904762 0.04071428571428572 0.13047619047619047
0 0.8285714285714286 0.7842857142857143 0.047142857142857146 0.10952380952380952
0 0.5803571428571429 0.8957142857142857 0.08785714285714286 0.05619047619047619
0 0.585 0.8161904761904762 0.08428571428571428 0.05142857142857143
0 0.5907142857142857 0.6895238095238095 0.07142857142857142 0.049523809523809526
3 0.5685714285714286 0.5861904761904762 0.06857142857142857 0.06761904761904762
0 0.5721428571428572 0.4838095238095238 0.08142857142857143 0.047619047619047616
0 0.6546428571428572 0.40285714285714286 0.035 0.09904761904761905
0 0.6539285714285714 0.30714285714285716 0.035 0.09238095238095238
3 0.5703571428571429 0.4228571428571429 0.07357142857142857 0.05333333333333334
3 0.5646428571428571 0.2938095238095238 0.07357142857142857 0.05047619047619047
