2 0.515 0.03553299492385787 0.04428571428571428 0.027918781725888325
3 0.49714285714285716 0.018401015228426396 0.007142857142857143 0.013959390862944163
0 0.5071428571428571 0.01713197969543147 0.005714285714285714 0.011421319796954314
0 0.5025 0.012055837563451776 0.005 0.008883248730964468
0 0.5010714285714286 0.008248730964467006 0.0064285714285714285 0.011421319796954314
0 0.5596428571428571 0.27093908629441626 0.015 0.02918781725888325
0 0.6307142857142857 0.366751269035533 0.03571428571428571 0.027918781725888325
0 0.4325 0.35723350253807107 0.03785714285714286 0.0266497461928934
3 0.4564285714285714 0.3362944162436548 0.03571428571428571 0.030456852791878174
0 0.3267857142857143 0.35406091370558374 0.04071428571428572 0.027918781725888325
0 0.32535714285714284 0.3401015228426396 0.03785714285714286 0.027918781725888325
0 0.4421428571428571 0.5323604060913706 0.02142857142857143 0.046954314720812185
0 0.4775 0.5926395939086294 0.023571428571428573 0.05583756345177665
3 0.4757142857142857 0.5304568527918782 0.02142857142857143 0.04568527918781726
