3 0.14714285714285713 0.9073604060913706 0.037142857142857144 0.05583756345177665
3 0.06571428571428571 0.8064720812182741 0.032857142857142856 0.04949238578680203
0 0.009285714285714286 0.7214467005076142 0.018571428571428572 0.046954314720812185
0 0.22107142857142856 0.815989847715736 0.035 0.04568527918781726
0 0.033928571428571426 0.3039340101522843 0.02642857142857143 0.03680203045685279
0 0.014285714285714285 0.4156091370558376 0.02857142857142857 0.05456852791878172
0 0.13428571428571429 0.23413705583756345 0.03142857142857143 0.04187817258883249
0 0.3317857142857143 0.017766497461928935 0.023571428571428573 0.03553299492385787
1 0.29892857142857143 0.10596446700507614 0.030714285714285715 0.05456852791878172
2 0.2225 0.35215736040609136 0.07071428571428572 0.11548223350253807
3 0.1367857142857143 0.44352791878172587 0.025 0.04187817258883249
2 0.26607142857142857 0.5437817258883249 0.06642857142857143 0.10279187817258884
0 0.34785714285714286 0.7151015228426396 0.032857142857142856 0.04949238578680203
2 0.62 0.9384517766497462 0.09 0.12055837563451777
1 0.5257142857142857 0.5824873096446701 0.03428571428571429 0.05583756345177665
0 0.5035714285714286 0.6192893401015228 0.027142857142857142 0.04568527918781726
3 0.5228571428571429 0.7055837563451777 0.025714285714285714 0.0583756345177665
0 0.5553571428571429 0.7189086294416244 0.02214285714285714 0.05456852791878172
3 0.6592857142857143 0.7779187817258884 0.03571428571428571 0.0532994923857868
3 0.6714285714285714 0.751269035532995 0.03428571428571429 0.048223350253807105
0 0.6875 0.7277918781725888 0.03357142857142857 0.046954314720812185
1 0.7982142857142858 0.8318527918781726 0.09071428571428572 0.11548223350253807
1 0.8928571428571429 0.9428934010152284 0.07571428571428572 0.10406091370558376
3 0.8239285714285715 0.9873096446700508 0.04071428571428572 0.02284263959390863
3 0.8 0.9631979695431472 0.04285714285714286 0.03553299492385787
3 0.7682142857142857 0.934010152284264 0.04214285714285714 0.03553299492385787
3 0.7460714285714286 0.9029187817258884 0.04071428571428572 0.03934010152284264
0 0.5971428571428572 0.35723350253807107 0.03 0.03934010152284264
3 0.6614285714285715 0.2201776649746193 0.025714285714285714 0.031725888324873094
3 0.6289285714285714 0.18908629441624367 0.02642857142857143 0.03299492385786802
0 0.6010714285714286 0.1598984771573604 0.02642857142857143 0.03553299492385787
1 0.7471428571428571 0.021573604060913704 0.05 0.04314720812182741
2 0.5557142857142857 0.028553299492385786 0.06714285714285714 0.05710659898477157
2 0.5725 0.020939086294416244 0.05928571428571429 0.04187817258883249
