0 0.515 0.23477157360406092 0.018571428571428572 0.050761421319796954
0 0.3939285714285714 0.5545685279187818 0.02214285714285714 0.06598984771573604
0 0.37642857142857145 0.8350253807106599 0.027142857142857142 0.09137055837563451
0 0.34285714285714286 0.6928934010152284 0.02857142857142857 0.08629441624365482
3 0.46785714285714286 0.01713197969543147 0.012857142857142857 0.031725888324873094
1 0.3460714285714286 0.3356598984771574 0.039285714285714285 0.12563451776649745
1 0.2307142857142857 0.29885786802030456 0.02857142857142857 0.10025380710659898
0 0.26285714285714284 0.2785532994923858 0.017142857142857144 0.044416243654822336
2 0.2507142857142857 0.3299492385786802 0.025714285714285714 0.08121827411167512
0 0.225 0.40482233502538073 0.02142857142857143 0.05583756345177665
0 0.21642857142857144 0.45050761421319796 0.02 0.050761421319796954
0 0.2092857142857143 0.5190355329949239 0.022857142857142857 0.0583756345177665
0 0.19392857142857142 0.5894670050761421 0.025 0.06725888324873096
0 0.30607142857142855 0.06979695431472081 0.015 0.03299492385786802
3 0.30464285714285716 0.02284263959390863 0.013571428571428571 0.03807106598984772
3 0.39 0.02030456852791878 0.015714285714285715 0.04060913705583756
3 0.395 0.21192893401015228 0.02 0.050761421319796954
3 0.2807142857142857 0.9067258883248731 0.032857142857142856 0.09771573604060914
3 0.25142857142857145 0.028553299492385786 0.014285714285714285 0.02918781725888325
3 0.255 0.006979695431472081 0.012857142857142857 0.013959390862944163
