0 0.3464285714285714 0.6519047619047619 0.06857142857142857 0.19904761904761906
0 0.14607142857142857 0.6704761904761904 0.16642857142857143 0.1219047619047619
0 0.10928571428571429 0.5033333333333333 0.13857142857142857 0.0980952380952381
0 0.15428571428571428 0.42952380952380953 0.12 0.07047619047619047
0 0.1525 0.38571428571428573 0.12071428571428572 0.08
0 0.16607142857142856 0.3252380952380952 0.11928571428571429 0.06761904761904762
0 0.1792857142857143 0.28 0.10428571428571429 0.05142857142857143
0 0.1825 0.24047619047619048 0.09071428571428572 0.06380952380952382
0 0.19107142857142856 0.17952380952380953 0.08214285714285714 0.04857142857142857
0 0.19535714285714287 0.14523809523809525 0.08214285714285714 0.04285714285714286
0 0.19178571428571428 0.1180952380952381 0.07357142857142857 0.03428571428571429
0 0.024285714285714285 0.2623809523809524 0.045714285714285714 0.05619047619047619
0 0.030714285714285715 0.20952380952380953 0.06142857142857143 0.05333333333333334
0 0.0775 0.12571428571428572 0.047857142857142855 0.06095238095238095
0 0.15821428571428572 0.10666666666666667 0.075 0.05142857142857143
0 0.44142857142857145 0.28904761904761905 0.05142857142857143 0.10571428571428572
0 0.5417857142857143 0.28523809523809524 0.065 0.11523809523809524
0 0.5946428571428571 0.5580952380952381 0.06642857142857143 0.14666666666666667
0 0.7467857142857143 0.3523809523809524 0.095 0.12380952380952381
0 0.8032142857142858 0.29333333333333333 0.09642857142857143 0.10666666666666667
0 0.9475 0.650952380952381 0.105 0.19904761904761906
0 0.64 0.20285714285714285 0.06571428571428571 0.08761904761904762
0 0.6878571428571428 0.17238095238095238 0.06142857142857143 0.08571428571428572
0 0.6364285714285715 0.10380952380952381 0.06 0.07238095238095238
0 0.4807142857142857 0.1619047619047619 0.047142857142857146 0.07428571428571429
0 0.42714285714285716 0.028095238095238097 0.032857142857142856 0.04666666666666667
0 0.9621428571428572 0.08714285714285715 0.07285714285714286 0.06571428571428571
3 0.3196428571428571 0.8709523809523809 0.09071428571428572 0.23904761904761904
0 0.565 0.09 0.03857142857142857 0.06190476190476191
0 0.8885714285714286 0.05047619047619047 0.05714285714285714 0.047619047619047616
0 0.9785714285714285 0.5119047619047619 0.04285714285714286 0.0980952380952381
