0 0.4735 0.913 0.064 0.174
0 0.36625 0.711 0.0705 0.11933333333333333
0 0.33375 0.6263333333333333 0.0685 0.10066666666666667
3 0.60175 0.6586666666666666 0.0425 0.084
0 0.55825 0.6106666666666667 0.0355 0.07066666666666667
3 0.69475 0.5716666666666667 0.0665 0.07666666666666666
0 0.48 0.5306666666666666 0.068 0.05733333333333333
0 0.71625 0.43233333333333335 0.0585 0.043333333333333335
3 0.5615 0.41933333333333334 0.049 0.042666666666666665
3 0.4765 0.302 0.026 0.028
0 0.4485 0.2703333333333333 0.025 0.019333333333333334
1 0.38425 0.2783333333333333 0.0355 0.042
0 0.3645 0.2653333333333333 0.032 0.018666666666666668
1 0.93975 0.28633333333333333 0.0545 0.03266666666666666
0 0.956 0.29033333333333333 0.036 0.020666666666666667
0 0.9115 0.279 0.041 0.016666666666666666
0 0.86275 0.2673333333333333 0.0335 0.018666666666666668
0 0.8325 0.275 0.037 0.019333333333333334
0 0.82625 0.25866666666666666 0.0315 0.017333333333333333
0 0.79375 0.264 0.0355 0.018666666666666668
3 0.55375 0.19066666666666668 0.0165 0.013333333333333334
3 0.5365 0.187 0.016 0.012666666666666666
0 0.52275 0.18566666666666667 0.0155 0.01
0 0.9425 0.9546666666666667 0.115 0.088
0 0.26375 0.5176666666666667 0.0445 0.058
0 0.23825 0.4673333333333333 0.0405 0.05733333333333333
1 0.223 0.42733333333333334 0.039 0.056
0 0.43425 0.4876666666666667 0.0665 0.042
0 0.416 0.45866666666666667 0.062 0.04
3 0.39175 0.4266666666666667 0.0355 0.04
0 0.35675 0.411 0.0255 0.034
3 0.338 0.361 0.057 0.05266666666666667
0 0.286 0.323 0.025 0.024666666666666667
0 0.29925 0.3016666666666667 0.0305 0.022
0 0.2705 0.31066666666666665 0.022 0.02266666666666667
0 0.23375 0.31766666666666665 0.0255 0.026
1 0.24475 0.279 0.0205 0.028666666666666667
0 0.168 0.3403333333333333 0.027 0.034
3 0.283 0.19933333333333333 0.014 0.014666666666666666
0 0.25625 0.179 0.0105 0.008666666666666666
0 0.24025 0.19166666666666668 0.0205 0.01
0 0.33325 0.225 0.0155 0.014
0 0.10775 0.18966666666666668 0.0115 0.01
0 0.12025 0.17166666666666666 0.0095 0.01
0 0.1145 0.162 0.008 0.006666666666666667
0 0.14525 0.29533333333333334 0.0205 0.02666666666666667
0 0.1395 0.2803333333333333 0.015 0.015333333333333332
0 0.13675 0.269 0.0165 0.015333333333333332
0 0.12025 0.238 0.0165 0.014666666666666666
0 0.11625 0.22966666666666666 0.0155 0.011333333333333334
0 0.1105 0.221 0.015 0.012666666666666666
3 0.09 0.14733333333333334 0.007 0.009333333333333334
1 0.077 0.13966666666666666 0.008 0.01
0 0.09375 0.144 0.0055 0.008
0 0.085 0.134 0.005 0.006666666666666667
0 0.083 0.126 0.005 0.005333333333333333
0 0.07275 0.12533333333333332 0.0075 0.005333333333333333
3 0.044 0.128 0.005 0.006666666666666667
