0 0.6192857142857143 0.01904761904761905 0.025714285714285714 0.0380952380952381
3 0.39357142857142857 0.06666666666666667 0.06 0.045714285714285714
0 0.4992857142857143 0.06666666666666667 0.024285714285714285 0.05714285714285714
0 0.38821428571428573 0.14142857142857143 0.062142857142857146 0.039047619047619046
0 0.38571428571428573 0.21666666666666667 0.06 0.040952380952380955
0 0.38785714285714284 0.2923809523809524 0.05857142857142857 0.0380952380952381
0 0.6282142857142857 0.25857142857142856 0.029285714285714286 0.07714285714285714
0 0.6339285714285714 0.4204761904761905 0.03214285714285714 0.08285714285714285
0 0.6378571428571429 0.5219047619047619 0.03428571428571429 0.08952380952380952
0 0.49857142857142855 0.5238095238095238 0.02857142857142857 0.08761904761904762
0 0.6367857142857143 0.638095238095238 0.027857142857142858 0.09142857142857143
0 0.49392857142857144 0.6333333333333333 0.03214285714285714 0.0838095238095238
1 0.6382142857142857 0.7614285714285715 0.039285714285714285 0.11904761904761904
0 0.6103571428571428 0.8838095238095238 0.027857142857142858 0.10285714285714286
0 0.4928571428571429 0.9104761904761904 0.02857142857142857 0.10666666666666667
0 0.6471428571428571 0.9652380952380952 0.03428571428571429 0.06952380952380953
0 0.3517857142857143 0.8952380952380953 0.07642857142857143 0.04380952380952381
0 0.375 0.5857142857142857 0.07428571428571429 0.0419047619047619
3 0.3767857142857143 0.370952380952381 0.056428571428571425 0.05047619047619047
