3 0.42142857142857143 0.14952380952380953 0.05285714285714286 0.06857142857142857
0 0.5246428571428572 0.19857142857142857 0.052142857142857144 0.06761904761904762
1 0.64 0.20666666666666667 0.06857142857142857 0.12
1 0.5396428571428571 0.33285714285714285 0.07642857142857143 0.08857142857142856
1 0.4225 0.25952380952380955 0.05928571428571429 0.08476190476190476
0 0.3985714285714286 0.4542857142857143 0.04285714285714286 0.09714285714285714
1 0.14107142857142857 0.5142857142857142 0.07214285714285715 0.09523809523809523
1 0.06535714285714286 0.6142857142857143 0.11642857142857142 0.12761904761904763
0 0.6757142857142857 0.9114285714285715 0.09428571428571429 0.1180952380952381
0 0.5578571428571428 0.8542857142857143 0.08 0.11047619047619048
1 0.52 0.729047619047619 0.08285714285714285 0.10952380952380952
3 0.43785714285714283 0.6461904761904762 0.041428571428571426 0.08666666666666667
1 0.35714285714285715 0.7904761904761904 0.10285714285714286 0.2419047619047619
1 0.18107142857142858 0.758095238095238 0.12071428571428572 0.07809523809523809
1 0.11142857142857143 0.8547619047619047 0.07857142857142857 0.11523809523809524
0 0.0125 0.7561904761904762 0.025 0.05714285714285714
