3 0.03464285714285714 0.2042857142857143 0.035 0.039047619047619046
0 0.08071428571428571 0.22904761904761906 0.06285714285714286 0.037142857142857144
0 0.07785714285714286 0.24666666666666667 0.06 0.045714285714285714
0 0.024285714285714285 0.23761904761904762 0.047142857142857146 0.04285714285714286
0 0.9703571428571428 0.1 0.030714285714285715 0.022857142857142857
3 0.8589285714285714 0.14238095238095239 0.05357142857142857 0.039047619047619046
3 0.8921428571428571 0.13142857142857142 0.05142857142857143 0.03238095238095238
0 0.785 0.13238095238095238 0.037142857142857144 0.03238095238095238
0 0.5392857142857143 0.1676190476190476 0.04857142857142857 0.02857142857142857
0 0.5746428571428571 0.17 0.04642857142857143 0.03142857142857143
0 0.6117857142857143 0.16380952380952382 0.04357142857142857 0.045714285714285714
0 0.59 0.1538095238095238 0.037142857142857144 0.02761904761904762
0 0.6560714285714285 0.15571428571428572 0.04214285714285714 0.03333333333333333
0 0.6928571428571428 0.14238095238095239 0.03571428571428571 0.02761904761904762
0 0.6907142857142857 0.1357142857142857 0.032857142857142856 0.029523809523809525
0 0.7235714285714285 0.13333333333333333 0.03428571428571429 0.024761904761904763
3 0.7089285714285715 0.12571428571428572 0.030714285714285715 0.02666666666666667
3 0.6210714285714286 0.1419047619047619 0.04071428571428572 0.04
3 0.6660714285714285 0.12857142857142856 0.030714285714285715 0.02857142857142857
1 0.6535714285714286 0.1380952380952381 0.05142857142857143 0.030476190476190476
1 0.7482142857142857 0.11190476190476191 0.03785714285714286 0.035238095238095235
1 0.6642857142857143 0.10095238095238095 0.05142857142857143 0.03428571428571429
1 0.7510714285714286 0.07809523809523809 0.027857142857142858 0.024761904761904763
2 0.7053571428571429 0.11 0.065 0.040952380952380955
0 0.7335714285714285 0.11857142857142858 0.032857142857142856 0.02761904761904762
3 0.7764285714285715 0.11047619047619048 0.02 0.02095238095238095
0 0.7964285714285714 0.11 0.027142857142857142 0.021904761904761906
0 0.8110714285714286 0.10095238095238095 0.017857142857142856 0.017142857142857144
0 0.7896428571428571 0.09952380952380953 0.023571428571428573 0.01619047619047619
0 0.7692857142857142 0.10285714285714286 0.027142857142857142 0.01904761904761905
0 0.8278571428571428 0.09904761904761905 0.022857142857142857 0.02095238095238095
1 0.8 0.08761904761904762 0.03 0.024761904761904763
0 0.82 0.0880952380952381 0.014285714285714285 0.014285714285714285
0 0.8339285714285715 0.08619047619047619 0.013571428571428571 0.012380952380952381
0 0.8442857142857143 0.09285714285714286 0.02 0.018095238095238095
2 0.8514285714285714 0.07095238095238095 0.037142857142857144 0.03142857142857143
2 0.8882142857142857 0.06714285714285714 0.04214285714285714 0.029523809523809525
0 0.9782142857142857 0.055714285714285716 0.012142857142857143 0.014285714285714285
1 0.8407142857142857 0.15428571428571428 0.037142857142857144 0.049523809523809526
1 0.89 0.1219047619047619 0.025714285714285714 0.045714285714285714
2 0.13 0.5061904761904762 0.26 0.32666666666666666
