0 0.217 0.9616666666666667 0.049 0.07533333333333334
0 0.32675 0.9723333333333334 0.0395 0.05533333333333333
0 0.36825 0.901 0.0405 0.09266666666666666
0 0.243 0.8416666666666667 0.052 0.06866666666666667
0 0.26775 0.88 0.0485 0.07866666666666666
0 0.4115 0.8176666666666667 0.047 0.07666666666666666
0 0.375 0.663 0.05 0.082
3 0.3975 0.7273333333333334 0.047 0.084
3 0.4515 0.7493333333333333 0.042 0.06666666666666667
3 0.49525 0.6733333333333333 0.0545 0.07066666666666667
0 0.4815 0.49466666666666664 0.048 0.076
0 0.54125 0.581 0.0485 0.078
0 0.5265 0.4043333333333333 0.048 0.07933333333333334
0 0.58925 0.497 0.0475 0.074
0 0.57575 0.31833333333333336 0.0535 0.082
0 0.481 0.15866666666666668 0.059 0.07333333333333333
0 0.63825 0.4073333333333333 0.0465 0.07466666666666667
0 0.67875 0.32466666666666666 0.0495 0.07866666666666666
0 0.68125 0.20933333333333334 0.0475 0.07466666666666667
0 0.72975 0.23566666666666666 0.0515 0.082
0 0.77325 0.16366666666666665 0.0445 0.07133333333333333
3 0.61975 0.234 0.0445 0.07733333333333334
3 0.6555 0.16266666666666665 0.042 0.06533333333333333
0 0.70725 0.076 0.0535 0.084
0 0.74825 0.015333333333333332 0.0335 0.030666666666666665
0 0.8545 0.026 0.04 0.052
3 0.24275 0.33766666666666667 0.0375 0.07133333333333333
