0 0.7989285714285714 0.7614285714285715 0.135 0.07714285714285714
0 0.31857142857142856 0.9366666666666666 0.18714285714285714 0.12666666666666668
0 0.5717857142857142 0.5319047619047619 0.030714285714285715 0.035238095238095235
0 0.54 0.5342857142857143 0.027142857142857142 0.03428571428571429
0 0.5046428571428572 0.5361904761904762 0.025 0.045714285714285714
0 0.4682142857142857 0.5414285714285715 0.023571428571428573 0.035238095238095235
0 0.4632142857142857 0.5152380952380953 0.020714285714285713 0.030476190476190476
0 0.4953571428571429 0.5147619047619048 0.02214285714285714 0.029523809523809525
0 0.4853571428571429 0.5019047619047619 0.017857142857142856 0.022857142857142857
0 0.4775 0.48523809523809525 0.019285714285714285 0.023809523809523808
0 0.5260714285714285 0.5147619047619048 0.020714285714285713 0.025714285714285714
0 0.5125 0.49952380952380954 0.020714285714285713 0.023809523809523808
0 0.5035714285714286 0.48714285714285716 0.018571428571428572 0.02
0 0.49642857142857144 0.4747619047619048 0.014285714285714285 0.02
0 0.5453571428571429 0.5019047619047619 0.02214285714285714 0.02095238095238095
0 0.5285714285714286 0.4847619047619048 0.02 0.022857142857142857
0 0.5182142857142857 0.47333333333333333 0.019285714285714285 0.01904761904761905
0 0.5528571428571428 0.4704761904761905 0.02 0.022857142857142857
0 0.5071428571428571 0.43476190476190474 0.014285714285714285 0.02
0 0.8796428571428572 0.5042857142857143 0.05928571428571429 0.04285714285714286
