0 0.04321428571428571 0.5928571428571429 0.08642857142857142 0.029523809523809525
0 0.04928571428571429 0.5771428571428572 0.07714285714285714 0.04
0 0.365 0.4780952380952381 0.024285714285714285 0.022857142857142857
0 0.4782142857142857 0.5938095238095238 0.03357142857142857 0.05047619047619047
0 0.52 0.5523809523809524 0.05142857142857143 0.04
0 0.5878571428571429 0.5266666666666666 0.04857142857142857 0.03238095238095238
0 0.5242857142857142 0.5185714285714286 0.05285714285714286 0.037142857142857144
0 0.48857142857142855 0.5061904761904762 0.054285714285714284 0.025714285714285714
0 0.5032142857142857 0.48142857142857143 0.04642857142857143 0.025714285714285714
0 0.5914285714285714 0.49238095238095236 0.05285714285714286 0.02666666666666667
0 0.5778571428571428 0.4780952380952381 0.04285714285714286 0.01904761904761905
0 0.6310714285714286 0.49666666666666665 0.04928571428571429 0.02761904761904762
0 0.675 0.5014285714285714 0.05142857142857143 0.029523809523809525
0 0.6739285714285714 0.47619047619047616 0.045 0.024761904761904763
0 0.65 0.4685714285714286 0.04285714285714286 0.02666666666666667
0 0.7207142857142858 0.4595238095238095 0.04285714285714286 0.023809523809523808
0 0.6603571428571429 0.6228571428571429 0.08214285714285714 0.05523809523809524
0 0.7075 0.6066666666666667 0.07642857142857143 0.05714285714285714
0 0.7632142857142857 0.48 0.045 0.024761904761904763
0 0.7485714285714286 0.4723809523809524 0.04 0.02095238095238095
0 0.7696428571428572 0.45904761904761904 0.04214285714285714 0.024761904761904763
0 0.8225 0.46 0.04214285714285714 0.024761904761904763
0 0.8639285714285714 0.46190476190476193 0.04071428571428572 0.022857142857142857
0 0.8039285714285714 0.45 0.03357142857142857 0.021904761904761906
2 0.9317857142857143 0.43238095238095237 0.08357142857142857 0.045714285714285714
0 0.8907142857142857 0.44333333333333336 0.018571428571428572 0.012380952380952381
0 0.9867857142857143 0.43142857142857144 0.02642857142857143 0.017142857142857144
0 0.8185714285714286 0.7223809523809523 0.13857142857142857 0.08666666666666667
0 0.9578571428571429 0.83 0.08428571428571428 0.1019047619047619
