0 0.36428571428571427 0.7861904761904762 0.1457142857142857 0.08476190476190476
0 0.35 0.969047619047619 0.1742857142857143 0.06
0 0.9607142857142857 0.9442857142857143 0.07142857142857142 0.10380952380952381
0 0.9414285714285714 0.8133333333333334 0.11714285714285715 0.12380952380952381
0 0.8757142857142857 0.611904761904762 0.13285714285714287 0.07904761904761905
0 0.8460714285714286 0.5480952380952381 0.11357142857142857 0.07523809523809524
0 0.82 0.48904761904761906 0.11857142857142858 0.06571428571428571
0 0.7239285714285715 0.2638095238095238 0.07928571428571428 0.047619047619047616
0 0.7157142857142857 0.22142857142857142 0.08285714285714285 0.05238095238095238
0 0.7128571428571429 0.19428571428571428 0.07857142857142857 0.03428571428571429
0 0.7021428571428572 0.16666666666666666 0.07285714285714286 0.04380952380952381
0 0.6925 0.13523809523809524 0.07071428571428572 0.04380952380952381
0 0.6875 0.11238095238095239 0.06928571428571428 0.03428571428571429
0 0.675 0.09095238095238095 0.06285714285714286 0.035238095238095235
0 0.38142857142857145 0.05476190476190476 0.07 0.04285714285714286
0 0.37642857142857145 0.21333333333333335 0.06714285714285714 0.04380952380952381
0 0.2175 0.3423809523809524 0.10214285714285715 0.058095238095238096
0 0.8392857142857143 0.19238095238095237 0.05285714285714286 0.06095238095238095
0 0.7667857142857143 0.07523809523809524 0.04214285714285714 0.06095238095238095
0 0.7957142857142857 0.1280952380952381 0.04857142857142857 0.06571428571428571
0 0.8603571428571428 0.40095238095238095 0.10071428571428571 0.07428571428571429
0 0.7685714285714286 0.35333333333333333 0.10285714285714286 0.05904761904761905
3 0.7507142857142857 0.3019047619047619 0.10428571428571429 0.05333333333333334
3 0.795 0.19857142857142857 0.06142857142857143 0.09047619047619047
0 0.7282142857142857 0.0880952380952381 0.03642857142857143 0.06380952380952382
3 0.5117857142857143 0.10333333333333333 0.03642857142857143 0.07904761904761905
3 0.45535714285714285 0.05380952380952381 0.035 0.07523809523809524
3 0.35428571428571426 0.5871428571428572 0.10571428571428572 0.08095238095238096
0 0.3225 0.15142857142857144 0.08071428571428571 0.0380952380952381
3 0.3221428571428571 0.1738095238095238 0.08285714285714285 0.040952380952380955
1 0.285 0.2361904761904762 0.12857142857142856 0.09714285714285714
0 0.39464285714285713 0.02857142857142857 0.07071428571428572 0.030476190476190476
1 0.38285714285714284 0.016666666666666666 0.08285714285714285 0.03333333333333333
