0 0.30392857142857144 0.14047619047619048 0.019285714285714285 0.02
0 0.3028571428571429 0.2419047619047619 0.02857142857142857 0.02857142857142857
0 0.21571428571428572 0.18904761904761905 0.025714285714285714 0.021904761904761906
3 0.2875 0.1280952380952381 0.019285714285714285 0.02761904761904762
0 0.39285714285714285 0.18857142857142858 0.017142857142857144 0.03428571428571429
3 0.3767857142857143 0.2119047619047619 0.02642857142857143 0.04476190476190476
3 0.48642857142857143 0.35619047619047617 0.05285714285714286 0.0380952380952381
1 0.56 0.5471428571428572 0.09428571428571429 0.04857142857142857
3 0.15357142857142858 0.1380952380952381 0.015714285714285715 0.024761904761904763
3 0.1525 0.10857142857142857 0.02214285714285714 0.01904761904761905
3 0.05964285714285714 0.17952380952380953 0.025 0.02761904761904762
3 0.09642857142857143 0.2 0.03571428571428571 0.030476190476190476
0 0.12785714285714286 0.1823809523809524 0.018571428571428572 0.023809523809523808
0 0.07178571428571429 0.22238095238095237 0.035 0.029523809523809525
0 0.1717857142857143 0.22952380952380952 0.027857142857142858 0.02857142857142857
0 0.14392857142857143 0.24904761904761905 0.030714285714285715 0.02761904761904762
0 0.11607142857142858 0.2757142857142857 0.030714285714285715 0.039047619047619046
0 0.19214285714285714 0.20904761904761904 0.03142857142857143 0.023809523809523808
3 0.15035714285714286 0.2704761904761905 0.04642857142857143 0.049523809523809526
2 0.5403571428571429 0.31857142857142856 0.13785714285714284 0.058095238095238096
0 0.6825 0.3852380952380952 0.052142857142857144 0.03333333333333333
0 0.6396428571428572 0.36428571428571427 0.05071428571428571 0.035238095238095235
0 0.6671428571428571 0.3404761904761905 0.04857142857142857 0.023809523809523808
0 0.4367857142857143 0.09619047619047619 0.009285714285714286 0.009523809523809525
0 0.9767857142857143 0.30523809523809525 0.04214285714285714 0.021904761904761906
0 0.9417857142857143 0.3261904761904762 0.04357142857142857 0.02761904761904762
0 0.8532142857142857 0.3576190476190476 0.047857142857142855 0.03142857142857143
0 0.7275 0.35619047619047617 0.05071428571428571 0.030476190476190476
0 0.7096428571428571 0.31761904761904763 0.04928571428571429 0.039047619047619046
3 0.795 0.34095238095238095 0.055714285714285716 0.0380952380952381
3 0.9403571428571429 0.38952380952380955 0.052142857142857144 0.03238095238095238
0 0.8653571428571428 0.33666666666666667 0.04214285714285714 0.023809523809523808
0 0.8335714285714285 0.3233333333333333 0.04428571428571428 0.025714285714285714
0 0.7539285714285714 0.33095238095238094 0.04357142857142857 0.021904761904761906
