3 0.6507142857142857 0.8533333333333334 0.1442857142857143 0.2
0 0.6985714285714286 0.4857142857142857 0.07714285714285714 0.12761904761904763
0 0.5978571428571429 0.08904761904761904 0.032857142857142856 0.04857142857142857
0 0.33535714285714285 0.5328571428571428 0.09357142857142857 0.16666666666666666
0 0.4757142857142857 0.1 0.03857142857142857 0.05333333333333334
0 0.47785714285714287 0.05952380952380952 0.03142857142857143 0.040952380952380955
0 0.6032142857142857 0.30666666666666664 0.04642857142857143 0.0838095238095238
3 0.5996428571428571 0.13333333333333333 0.030714285714285715 0.06285714285714286
3 0.4317857142857143 0.21 0.05071428571428571 0.07142857142857142
3 0.40785714285714286 0.2876190476190476 0.06 0.08571428571428572
3 0.4521428571428571 0.1442857142857143 0.04 0.08095238095238096
3 0.49464285714285716 0.017619047619047618 0.030714285714285715 0.035238095238095235
3 0.3807142857142857 0.3852380952380952 0.07142857142857142 0.1361904761904762
0 0.2692857142857143 0.7333333333333333 0.12714285714285714 0.22285714285714286
0 0.9167857142857143 0.5361904761904762 0.09357142857142857 0.17333333333333334
