0 0.13125 0.43933333333333335 0.0625 0.04533333333333334
3 0.04325 0.6226666666666667 0.0365 0.06666666666666667
0 0.03325 0.8493333333333334 0.0655 0.08266666666666667
0 0.08225 0.839 0.0625 0.08466666666666667
0 0.025 0.9713333333333334 0.05 0.05733333333333333
0 0.205 0.976 0.066 0.04666666666666667
0 0.28025 0.9723333333333334 0.0675 0.05533333333333333
0 0.15525 0.8053333333333333 0.0665 0.07066666666666667
0 0.2535 0.761 0.056 0.05533333333333333
3 0.30275 0.7483333333333333 0.0495 0.059333333333333335
0 0.39725 0.916 0.0615 0.06133333333333333
0 0.4565 0.8936666666666667 0.064 0.048666666666666664
0 0.5105 0.8676666666666667 0.059 0.06066666666666667
0 0.5855 0.8353333333333334 0.065 0.05333333333333334
0 0.65475 0.804 0.0595 0.06666666666666667
0 0.70875 0.7783333333333333 0.0585 0.07266666666666667
3 0.75 0.7596666666666667 0.049 0.058
0 0.7875 0.7336666666666667 0.061 0.06466666666666666
0 0.849 0.719 0.06 0.054
0 0.89725 0.6943333333333334 0.0625 0.054
0 0.95725 0.6706666666666666 0.0625 0.048
0 0.98 0.6356666666666667 0.039 0.05
3 0.2675 0.615 0.05 0.04466666666666667
0 0.323 0.6323333333333333 0.01 0.007333333333333333
0 0.39425 0.338 0.0565 0.044
0 0.55925 0.2763333333333333 0.0535 0.042
0 0.49625 0.6473333333333333 0.0565 0.04666666666666667
0 0.71275 0.569 0.0665 0.04466666666666667
1 0.79225 0.521 0.0645 0.05
0 0.859 0.5103333333333333 0.06 0.056666666666666664
0 0.983 0.479 0.033 0.038
