0 0.018571428571428572 0.15857142857142856 0.037142857142857144 0.07714285714285714
0 0.026785714285714284 0.28476190476190477 0.052142857142857144 0.09333333333333334
0 0.07428571428571429 0.021904761904761906 0.054285714285714284 0.04380952380952381
0 0.12071428571428572 0.022857142857142857 0.04 0.045714285714285714
0 0.1625 0.023333333333333334 0.04214285714285714 0.04476190476190476
3 0.2042857142857143 0.017619047619047618 0.03571428571428571 0.035238095238095235
0 0.2714285714285714 0.015714285714285715 0.037142857142857144 0.03142857142857143
0 0.047142857142857146 0.1619047619047619 0.06428571428571428 0.08
0 0.11357142857142857 0.17857142857142858 0.06142857142857143 0.08476190476190476
0 0.18357142857142858 0.16714285714285715 0.05142857142857143 0.08095238095238096
0 0.2332142857142857 0.15666666666666668 0.05071428571428571 0.08857142857142856
0 0.27964285714285714 0.17476190476190476 0.04214285714285714 0.09047619047619047
0 0.3275 0.16523809523809524 0.04357142857142857 0.07523809523809524
0 0.24321428571428572 0.27904761904761904 0.055 0.08952380952380952
3 0.12714285714285714 0.2866666666666667 0.07857142857142857 0.11047619047619048
3 0.29642857142857143 0.2752380952380952 0.045714285714285714 0.10285714285714286
3 0.34785714285714286 0.27904761904761904 0.047142857142857146 0.12761904761904763
3 0.5025 0.04857142857142857 0.08071428571428571 0.06476190476190476
1 0.4635714285714286 0.20333333333333334 0.054285714285714284 0.10761904761904761
1 0.5025 0.42095238095238097 0.07214285714285715 0.17142857142857143
1 0.6785714285714286 0.29428571428571426 0.05714285714285714 0.17523809523809525
0 0.705 0.6528571428571428 0.06 0.16666666666666666
0 0.9689285714285715 0.8385714285714285 0.062142857142857146 0.18
0 0.8771428571428571 0.45476190476190476 0.07285714285714286 0.10761904761904761
1 0.7653571428571428 0.910952380952381 0.10928571428571429 0.17809523809523808
0 0.8446428571428571 0.3566666666666667 0.07357142857142857 0.09619047619047619
0 0.19678571428571429 0.5542857142857143 0.06785714285714285 0.1219047619047619
3 0.05392857142857143 0.5414285714285715 0.08357142857142857 0.12857142857142856
1 0.14892857142857144 0.7280952380952381 0.10071428571428571 0.18761904761904763
1 0.05678571428571429 0.6976190476190476 0.11357142857142857 0.2580952380952381
