1 0.11142857142857143 0.9095238095238095 0.09 0.12
1 0.41214285714285714 0.5885714285714285 0.06285714285714286 0.08761904761904762
0 0.17821428571428571 0.8257142857142857 0.052142857142857144 0.06666666666666667
3 0.18857142857142858 0.7466666666666667 0.04285714285714286 0.049523809523809526
0 0.4203571428571429 0.4585714285714286 0.027857142857142858 0.021904761904761906
3 0.4664285714285714 0.5438095238095239 0.03 0.0419047619047619
0 0.54 0.47095238095238096 0.022857142857142857 0.03333333333333333
0 0.5632142857142857 0.44 0.019285714285714285 0.024761904761904763
1 0.5075 0.4895238095238095 0.03642857142857143 0.0419047619047619
0 0.5103571428571428 0.3780952380952381 0.025 0.02095238095238095
0 0.5264285714285715 0.36333333333333334 0.022857142857142857 0.01619047619047619
0 0.5585714285714286 0.3342857142857143 0.02142857142857143 0.013333333333333334
0 0.5346428571428572 0.3557142857142857 0.02214285714285714 0.01619047619047619
0 0.5457142857142857 0.34809523809523807 0.02 0.014285714285714285
0 0.5535714285714286 0.3419047619047619 0.02142857142857143 0.011428571428571429
0 0.6825 0.27 0.02214285714285714 0.014285714285714285
0 0.6739285714285714 0.2804761904761905 0.020714285714285713 0.014285714285714285
0 0.705 0.24476190476190476 0.018571428571428572 0.011428571428571429
0 0.9325 0.2814285714285714 0.012142857142857143 0.014285714285714285
1 0.9242857142857143 0.23 0.014285714285714285 0.018095238095238095
1 0.9414285714285714 0.09285714285714286 0.05142857142857143 0.018095238095238095
0 0.008571428571428572 0.7842857142857143 0.017142857142857144 0.05047619047619047
0 0.9417857142857143 0.520952380952381 0.019285714285714285 0.030476190476190476
0 0.9925 0.46285714285714286 0.015 0.01904761904761905
3 0.9828571428571429 0.33095238095238094 0.011428571428571429 0.018095238095238095
0 0.9946428571428572 0.26476190476190475 0.010714285714285714 0.015238095238095238
3 0.9953571428571428 0.3357142857142857 0.009285714285714286 0.018095238095238095
1 0.9746428571428571 0.06 0.007857142857142858 0.011428571428571429
0 0.9675 0.07380952380952381 0.0064285714285714285 0.004761904761904762
