0 0.48035714285714287 0.3923809523809524 0.045 0.04
0 0.41464285714285715 0.44571428571428573 0.05071428571428571 0.045714285714285714
0 0.37285714285714283 0.35523809523809524 0.04 0.03238095238095238
0 0.6246428571428572 0.310952380952381 0.030714285714285715 0.02761904761904762
0 0.6417857142857143 0.25666666666666665 0.027857142857142858 0.021904761904761906
0 0.6535714285714286 0.22904761904761906 0.02857142857142857 0.018095238095238095
0 0.3025 0.38285714285714284 0.05928571428571429 0.02666666666666667
0 0.6160714285714286 0.3442857142857143 0.03785714285714286 0.03142857142857143
0 0.43607142857142855 0.3138095238095238 0.03357142857142857 0.021904761904761906
0 0.4182142857142857 0.310952380952381 0.030714285714285715 0.02761904761904762
0 0.4007142857142857 0.30904761904761907 0.025714285714285714 0.025714285714285714
0 0.3585714285714286 0.34809523809523807 0.037142857142857144 0.02761904761904762
0 0.34 0.3461904761904762 0.037142857142857144 0.02761904761904762
0 0.3221428571428571 0.3433333333333333 0.037142857142857144 0.02761904761904762
0 0.6889285714285714 0.26 0.02214285714285714 0.02095238095238095
0 0.7060714285714286 0.24142857142857144 0.019285714285714285 0.018095238095238095
3 0.17785714285714285 0.3933333333333333 0.05 0.0419047619047619
0 0.72 0.9519047619047619 0.16857142857142857 0.09619047619047619
0 0.32392857142857145 0.36904761904761907 0.039285714285714285 0.025714285714285714
0 0.6242857142857143 0.21571428571428572 0.018571428571428572 0.01619047619047619
0 0.7110714285714286 0.21428571428571427 0.04214285714285714 0.02666666666666667
0 0.7153571428571428 0.25761904761904764 0.017857142857142856 0.018095238095238095
