0 0.8675 0.8976190476190476 0.07785714285714286 0.13428571428571429
3 0.955 0.6528571428571428 0.07857142857142857 0.08857142857142856
3 0.5567857142857143 0.8552380952380952 0.075 0.09904761904761905
0 0.24714285714285714 0.1180952380952381 0.055714285714285716 0.05333333333333334
0 0.29642857142857143 0.46285714285714286 0.07571428571428572 0.07809523809523809
3 0.26607142857142857 0.40904761904761905 0.065 0.1
1 0.14285714285714285 0.25 0.11428571428571428 0.09047619047619047
0 0.135 0.21047619047619048 0.08285714285714285 0.049523809523809526
3 0.12035714285714286 0.18619047619047618 0.060714285714285714 0.04285714285714286
0 0.11178571428571428 0.16 0.060714285714285714 0.04
0 0.10035714285714285 0.14 0.05785714285714286 0.0419047619047619
0 0.06785714285714285 0.10238095238095238 0.07428571428571429 0.05619047619047619
0 0.0525 0.07380952380952381 0.07071428571428572 0.040952380952380955
3 0.037142857142857144 0.051904761904761905 0.055714285714285716 0.035238095238095235
0 0.12428571428571429 0.75 0.07857142857142857 0.1361904761904762
