0 0.5360714285714285 0.9247619047619048 0.07642857142857143 0.14285714285714285
3 0.4828571428571429 0.7914285714285715 0.06 0.12
0 0.43892857142857145 0.6552380952380953 0.06785714285714285 0.12761904761904763
0 0.565 0.5009523809523809 0.09142857142857143 0.06476190476190476
0 0.5628571428571428 0.4438095238095238 0.09714285714285714 0.06095238095238095
3 0.37464285714285717 0.49047619047619045 0.07214285714285715 0.1219047619047619
1 0.3171428571428571 0.36047619047619045 0.08428571428571428 0.15142857142857144
0 0.3610714285714286 0.23142857142857143 0.09214285714285714 0.07238095238095238
3 0.22464285714285714 0.14238095238095239 0.05071428571428571 0.08857142857142856
0 0.2882142857142857 0.030952380952380953 0.05785714285714286 0.06190476190476191
