3 0.08785714285714286 0.10904761904761905 0.05142857142857143 0.06761904761904762
3 0.23464285714285715 0.19476190476190477 0.06357142857142857 0.07142857142857142
3 0.26785714285714285 0.2966666666666667 0.06142857142857143 0.07523809523809524
0 0.19035714285714286 0.22714285714285715 0.062142857142857146 0.07142857142857142
0 0.7314285714285714 0.08047619047619048 0.05142857142857143 0.07142857142857142
0 0.6314285714285715 0.0761904761904762 0.05142857142857143 0.07047619047619047
0 0.6857142857142857 0.39904761904761904 0.06142857142857143 0.08
0 0.5628571428571428 0.32571428571428573 0.055714285714285716 0.08190476190476191
3 0.7067857142857142 0.22523809523809524 0.055 0.07523809523809524
0 0.8028571428571428 0.800952380952381 0.09 0.10285714285714286
0 0.7903571428571429 0.8938095238095238 0.08785714285714286 0.10761904761904761
3 0.6921428571428572 0.7966666666666666 0.07428571428571429 0.08285714285714285
0 0.4032142857142857 0.8461904761904762 0.07357142857142857 0.11523809523809524
0 0.4446428571428571 0.9123809523809524 0.055 0.08190476190476191
0 0.4860714285714286 0.5795238095238096 0.062142857142857146 0.09428571428571429
0 0.4082142857142857 0.5814285714285714 0.05928571428571429 0.09428571428571429
0 0.22035714285714286 0.8847619047619047 0.07642857142857143 0.11238095238095239
0 0.0525 0.9452380952380952 0.08928571428571429 0.10952380952380952
1 0.1982142857142857 0.7385714285714285 0.11928571428571429 0.15142857142857144
