0 0.909446764091858 0.6470315398886828 0.04749478079331942 0.05102040816326531
0 0.8924843423799582 0.6201298701298701 0.04175365344467641 0.04359925788497217
0 0.8710855949895616 0.5904452690166976 0.049060542797494784 0.045454545454545456
3 0.8327244258872651 0.50139146567718 0.05897703549060543 0.04359925788497217
0 0.8538622129436325 0.5282931354359925 0.04384133611691023 0.023191094619666047
0 0.7139874739039666 0.3274582560296846 0.025052192066805846 0.025974025974025976
0 0.7411273486430062 0.2606679035250464 0.025052192066805846 0.02411873840445269
0 0.7319937369519833 0.20918367346938777 0.02348643006263048 0.023191094619666047
0 0.607776617954071 0.18645640074211503 0.02244258872651357 0.016697588126159554
1 0.4825156576200417 0.7203153988868275 0.04645093945720251 0.2680890538033395
1 0.4047494780793319 0.5445269016697588 0.02139874739039666 0.05380333951762523
0 0.34055323590814196 0.4271799628942486 0.019311064718162838 0.041743970315398886
1 0.46242171189979125 0.25139146567717996 0.012526096033402923 0.029684601113172542
0 0.4744258872651357 0.16280148423005567 0.009394572025052192 0.01948051948051948
0 0.4519832985386221 0.05333951762523191 0.009394572025052192 0.01020408163265306
1 0.4525052192066806 0.041743970315398886 0.008350730688935281 0.02040816326530612
0 0.4251043841336117 0.008348794063079777 0.005741127348643006 0.012987012987012988
0 0.453027139874739 0.018089053803339517 0.005219206680584551 0.01020408163265306
1 0.4525052192066806 0.006029684601113173 0.009394572025052192 0.012059369202226345
3 0.4545929018789144 0.06818181818181818 0.006263048016701462 0.01020408163265306
