2 0.9496428571428571 0.8388324873096447 0.10071428571428571 0.20812182741116753
2 0.8267857142857142 0.9308375634517766 0.105 0.13578680203045684
3 0.3075 0.9644670050761421 0.025 0.06852791878172589
0 0.26035714285714284 0.7163705583756346 0.02214285714285714 0.07487309644670051
0 0.2885714285714286 0.6123096446700508 0.022857142857142857 0.05710659898477157
2 0.37607142857142856 0.6211928934010152 0.035 0.12563451776649745
3 0.4110714285714286 0.5748730964467005 0.02214285714285714 0.07360406091370558
3 0.43142857142857144 0.5139593908629442 0.02 0.06091370558375635
3 0.42714285714285716 0.44416243654822335 0.017142857142857144 0.05583756345177665
3 0.42214285714285715 0.3635786802030457 0.018571428571428572 0.06218274111675127
0 0.38571428571428573 0.25761421319796957 0.022857142857142857 0.04314720812182741
1 0.30964285714285716 0.07741116751269035 0.027857142857142858 0.06091370558375635
1 0.33071428571428574 0.12880710659898478 0.025714285714285714 0.05710659898477157
0 0.3539285714285714 0.17068527918781726 0.03357142857142857 0.031725888324873094
2 0.14392857142857143 0.09137055837563451 0.03642857142857143 0.10152284263959391
0 0.19071428571428573 0.10215736040609137 0.015714285714285715 0.02918781725888325
0 0.2425 0.2430203045685279 0.016428571428571428 0.03680203045685279
