3 0.48329853862212946 0.039888682745825604 0.055323590814196244 0.059369202226345084
0 0.4866910229645094 0.09740259740259741 0.054801670146137786 0.05380333951762523
0 0.48173277661795405 0.24257884972170687 0.055323590814196244 0.05473098330241188
0 0.5720250521920668 0.06818181818181818 0.024008350730688934 0.08998144712430427
0 0.47990605427974947 0.1924860853432282 0.05897703549060543 0.04916512059369202
0 0.47677453027139877 0.14888682745825602 0.05688935281837161 0.04916512059369202
0 0.5764613778705637 0.24768089053803338 0.029749478079331943 0.10575139146567718
0 0.639874739039666 0.24582560296846012 0.033402922755741124 0.09461966604823747
0 0.4744258872651357 0.349721706864564 0.06263048016701461 0.05194805194805195
0 0.47755741127348644 0.4090909090909091 0.06576200417536535 0.05194805194805195
0 0.47494780793319413 0.4675324675324675 0.06576200417536535 0.05009276437847866
0 0.47755741127348644 0.5296846011131725 0.06367432150313153 0.05194805194805195
0 0.4725991649269311 0.5927643784786641 0.06732776617954071 0.06307977736549165
0 0.6419624217118998 0.4387755102040816 0.03444676409185804 0.11317254174397032
0 0.6959812108559499 0.33719851576994436 0.030793319415448852 0.10667903525046382
0 0.583768267223382 0.6563079777365491 0.02870563674321503 0.11966604823747681
1 0.6524008350730689 0.661873840445269 0.033402922755741124 0.15120593692022263
3 0.46242171189979125 0.6609461966604824 0.05636743215031315 0.05287569573283859
0 0.46659707724425886 0.7305194805194806 0.0720250521920668 0.06215213358070501
0 0.46764091858037576 0.8102968460111317 0.07306889352818371 0.05658627087198516
0 0.4658141962421712 0.8928571428571429 0.07150313152400835 0.05844155844155844
0 0.4723382045929019 0.9730983302411874 0.0720250521920668 0.05194805194805195
0 0.5892484342379958 0.9304267161410018 0.03444676409185804 0.137291280148423
0 0.6633611691022965 0.9304267161410018 0.029227557411273485 0.13543599257884972
3 0.6325678496868476 0.08024118738404452 0.026096033402922755 0.09183673469387756
