0 0.084 0.33566666666666667 0.01 0.008666666666666666
0 0.0665 0.334 0.012 0.008
0 0.0715 0.34 0.006 0.008
0 0.0825 0.353 0.01 0.01
0 0.1365 0.32666666666666666 0.008 0.006666666666666667
0 0.15725 0.309 0.0055 0.006
0 0.04125 0.36333333333333334 0.0125 0.010666666666666666
0 0.16375 0.36933333333333335 0.0085 0.013333333333333334
3 0.17175 0.38966666666666666 0.0135 0.012666666666666666
0 0.087 0.3293333333333333 0.01 0.006666666666666667
0 0.09175 0.326 0.0085 0.005333333333333333
0 0.09425 0.32066666666666666 0.0075 0.005333333333333333
0 0.0995 0.31733333333333336 0.007 0.005333333333333333
3 0.10475 0.313 0.0065 0.006
0 0.23825 0.418 0.0275 0.012
0 0.29725 0.4103333333333333 0.0265 0.011333333333333334
0 0.333 0.4053333333333333 0.022 0.010666666666666666
0 0.36125 0.40166666666666667 0.0225 0.01
0 0.391 0.397 0.023 0.011333333333333334
0 0.45525 0.4026666666666667 0.0155 0.010666666666666666
1 0.461 0.372 0.031 0.016
0 0.52425 0.3963333333333333 0.0165 0.011333333333333334
0 0.4985 0.36866666666666664 0.014 0.009333333333333334
0 0.57025 0.36666666666666664 0.0175 0.010666666666666666
0 0.58675 0.363 0.0145 0.01
0 0.6065 0.36666666666666664 0.014 0.009333333333333334
0 0.59125 0.395 0.0185 0.012666666666666666
0 0.61075 0.39366666666666666 0.0145 0.011333333333333334
0 0.617 0.4096666666666667 0.017 0.011333333333333334
0 0.514 0.44133333333333336 0.031 0.014666666666666666
0 0.60925 0.42133333333333334 0.0195 0.010666666666666666
0 0.60775 0.4266666666666667 0.0225 0.013333333333333334
0 0.6 0.44566666666666666 0.028 0.012666666666666666
0 0.5995 0.453 0.023 0.016666666666666666
0 0.583 0.462 0.032 0.017333333333333333
0 0.59775 0.468 0.0335 0.017333333333333333
0 0.60425 0.478 0.0235 0.016
0 0.58475 0.489 0.0355 0.015333333333333332
0 0.59 0.49966666666666665 0.035 0.018
3 0.59825 0.43766666666666665 0.0245 0.019333333333333334
0 0.62575 0.5403333333333333 0.0435 0.026
0 0.68625 0.586 0.0355 0.032
0 0.52175 0.5826666666666667 0.0435 0.03333333333333333
0 0.378 0.688 0.057 0.052
0 0.39375 0.7366666666666667 0.0625 0.05333333333333334
0 0.9785 0.7663333333333333 0.043 0.054
0 0.9175 0.7396666666666667 0.059 0.054
3 0.882 0.6993333333333334 0.055 0.048
0 0.80675 0.6816666666666666 0.0595 0.04466666666666667
0 0.48975 0.7926666666666666 0.0335 0.076
0 0.6185 0.6763333333333333 0.058 0.043333333333333335
0 0.57475 0.6403333333333333 0.0465 0.03666666666666667
