0 0.1675 0.9080952380952381 0.09928571428571428 0.1761904761904762
0 0.38392857142857145 0.3319047619047619 0.052142857142857144 0.08285714285714285
3 0.3275 0.379047619047619 0.04928571428571429 0.08571428571428572
3 0.22 0.6480952380952381 0.07857142857142857 0.11333333333333333
0 0.2817857142857143 0.5133333333333333 0.07357142857142857 0.10285714285714286
0 0.16035714285714286 0.579047619047619 0.07928571428571428 0.10857142857142857
3 0.3875 0.23761904761904762 0.04928571428571429 0.08857142857142856
0 0.30464285714285716 0.27095238095238094 0.05357142857142857 0.08476190476190476
0 0.5485714285714286 0.48238095238095235 0.045714285714285714 0.09619047619047619
0 0.5753571428571429 0.3823809523809524 0.04214285714285714 0.08476190476190476
0 0.675 0.4819047619047619 0.045714285714285714 0.09904761904761905
0 0.6667857142857143 0.20857142857142857 0.03357142857142857 0.0761904761904762
0 0.6078571428571429 0.22523809523809524 0.03571428571428571 0.06380952380952382
0 0.48214285714285715 0.08761904761904762 0.03428571428571429 0.06476190476190476
0 0.6367857142857143 0.06095238095238095 0.027857142857142858 0.045714285714285714
0 0.7292857142857143 0.09714285714285714 0.06 0.04380952380952381
0 0.7178571428571429 0.38476190476190475 0.08571428571428572 0.06095238095238095
3 0.7246428571428571 0.42333333333333334 0.07642857142857143 0.058095238095238096
3 0.7396428571428572 0.07142857142857142 0.06642857142857143 0.045714285714285714
3 0.6485714285714286 0.019523809523809523 0.024285714285714285 0.039047619047619046
3 0.5842857142857143 0.8533333333333334 0.05142857142857143 0.15047619047619049
