0 0.37857142857142856 0.08285714285714285 0.03571428571428571 0.04380952380952381
0 0.4875 0.02238095238095238 0.04214285714285714 0.03333333333333333
0 0.4853571428571429 0.05142857142857143 0.045 0.03238095238095238
0 0.4857142857142857 0.08095238095238096 0.04857142857142857 0.03428571428571429
3 0.4692857142857143 0.14761904761904762 0.045714285714285714 0.03619047619047619
3 0.4742857142857143 0.11523809523809524 0.04857142857142857 0.03619047619047619
3 0.47035714285714286 0.17809523809523808 0.04071428571428572 0.03428571428571429
3 0.5132142857142857 0.21857142857142858 0.04642857142857143 0.039047619047619046
0 0.45607142857142857 0.20809523809523808 0.04642857142857143 0.037142857142857144
1 0.8032142857142858 0.04857142857142857 0.020714285714285713 0.06285714285714286
2 0.8503571428571428 0.023809523809523808 0.03642857142857143 0.047619047619047616
1 0.7582142857142857 0.2823809523809524 0.07214285714285715 0.05047619047619047
3 0.7228571428571429 0.35 0.04428571428571428 0.035238095238095235
0 0.6939285714285715 0.27380952380952384 0.045 0.035238095238095235
0 0.6396428571428572 0.25761904761904764 0.04642857142857143 0.035238095238095235
0 0.6092857142857143 0.3219047619047619 0.04428571428571428 0.03619047619047619
0 0.5810714285714286 0.2742857142857143 0.047857142857142855 0.03428571428571429
0 0.55 0.3076190476190476 0.05285714285714286 0.0380952380952381
0 0.48857142857142855 0.3 0.04857142857142857 0.03238095238095238
0 0.4607142857142857 0.37238095238095237 0.05 0.03428571428571429
0 0.4539285714285714 0.44857142857142857 0.05357142857142857 0.03428571428571429
3 0.4514285714285714 0.5138095238095238 0.04428571428571428 0.03333333333333333
3 0.44392857142857145 0.5442857142857143 0.045 0.029523809523809525
0 0.9507142857142857 0.9033333333333333 0.03 0.07904761904761905
0 0.38785714285714284 0.9809523809523809 0.05714285714285714 0.0380952380952381
0 0.4082142857142857 0.9157142857142857 0.05785714285714286 0.05238095238095238
3 0.34214285714285714 0.9666666666666667 0.032857142857142856 0.06666666666666667
3 0.29464285714285715 0.9076190476190477 0.029285714285714286 0.06666666666666667
3 0.4160714285714286 0.8642857142857143 0.06357142857142857 0.039047619047619046
0 0.4107142857142857 0.8157142857142857 0.055714285714285716 0.040952380952380955
0 0.4203571428571429 0.7652380952380953 0.05785714285714286 0.039047619047619046
0 0.42214285714285715 0.7204761904761905 0.054285714285714284 0.037142857142857144
3 0.41964285714285715 0.6714285714285714 0.04642857142857143 0.030476190476190476
0 0.42642857142857143 0.63 0.05857142857142857 0.037142857142857144
0 0.4257142857142857 0.5880952380952381 0.05142857142857143 0.035238095238095235
0 0.32785714285714285 0.508095238095238 0.055714285714285716 0.035238095238095235
