0 0.05975 0.733 0.1195 0.16733333333333333
0 0.9005 0.574 0.165 0.116
3 0.908 0.503 0.149 0.10466666666666667
0 0.7355 0.44866666666666666 0.098 0.08533333333333333
0 0.63175 0.4146666666666667 0.0955 0.08533333333333333
0 0.53875 0.38566666666666666 0.0675 0.078
0 0.544 0.31166666666666665 0.071 0.074
0 0.34025 0.289 0.0845 0.066
0 0.47975 0.2743333333333333 0.0705 0.06866666666666667
3 0.44875 0.217 0.0535 0.07533333333333334
3 0.4085 0.21133333333333335 0.063 0.07466666666666667
0 0.38025 0.20033333333333334 0.0585 0.04733333333333333
3 0.3425 0.189 0.067 0.07
3 0.30925 0.18266666666666667 0.0595 0.06266666666666666
1 0.27275 0.17466666666666666 0.0625 0.05733333333333333
1 0.2135 0.15566666666666668 0.071 0.054
0 0.164 0.14366666666666666 0.072 0.03933333333333333
0 0.13225 0.13366666666666666 0.0595 0.043333333333333335
0 0.1135 0.12533333333333332 0.063 0.04133333333333333
3 0.095 0.114 0.067 0.05333333333333334
3 0.05575 0.10833333333333334 0.0685 0.034
3 0.025 0.09533333333333334 0.05 0.04533333333333334
3 0.02425 0.08266666666666667 0.0485 0.04533333333333334
0 0.19525 0.23966666666666667 0.0455 0.05266666666666667
0 0.13375 0.21 0.0675 0.04666666666666667
3 0.08525 0.18366666666666667 0.0625 0.054
0 0.02675 0.17533333333333334 0.0415 0.048
1 0.55625 0.172 0.0635 0.056
0 0.322 0.12 0.056 0.04133333333333333
0 0.2935 0.10733333333333334 0.051 0.048
3 0.246 0.092 0.07 0.04933333333333333
1 0.166 0.069 0.056 0.03933333333333333
3 0.1495 0.06166666666666667 0.044 0.042
