0 0.3215307582260372 0.11354961832061068 0.10515021459227468 0.07251908396946564
0 0.4510014306151645 0.15076335877862596 0.09227467811158799 0.08587786259541985
0 0.188483547925608 0.08540076335877862 0.10085836909871244 0.05438931297709924
0 0.18490701001430615 0.03148854961832061 0.10228898426323318 0.06297709923664122
0 0.0840486409155937 0.26145038167938933 0.0765379113018598 0.12213740458015267
0 0.14127324749642345 0.2824427480916031 0.09370529327610873 0.13931297709923665
0 0.19921316165951358 0.30486641221374045 0.08512160228898426 0.1364503816793893
0 0.3197424892703863 0.33158396946564883 0.07296137339055794 0.12881679389312978
0 0.37553648068669526 0.3458969465648855 0.07725321888412018 0.1383587786259542
0 0.44635193133047213 0.35877862595419846 0.0715307582260372 0.1450381679389313
0 0.5007153075822603 0.3816793893129771 0.06723891273247497 0.13358778625954199
0 0.5661659513590844 0.38549618320610685 0.056509298998569386 0.13549618320610687
0 0.867310443490701 0.9441793893129771 0.1709585121602289 0.10782442748091603
