0 0.47475 0.84 0.0755 0.212
3 0.75075 0.839 0.1065 0.182
0 0.5775 0.5216666666666666 0.052 0.074
3 0.634 0.5293333333333333 0.059 0.08
3 0.605 0.444 0.045 0.06
0 0.5705 0.375 0.04 0.05
0 0.473 0.31166666666666665 0.025 0.03666666666666667
3 0.41925 0.3463333333333333 0.0545 0.03266666666666666
0 0.4745 0.23933333333333334 0.013 0.016
3 0.523 0.24333333333333335 0.015 0.02
0 0.517 0.23133333333333334 0.013 0.016
3 0.5075 0.21066666666666667 0.014 0.02266666666666667
3 0.48975 0.19733333333333333 0.0095 0.014666666666666666
3 0.5105 0.19033333333333333 0.01 0.014
3 0.53075 0.18966666666666668 0.0095 0.012666666666666666
3 0.512 0.157 0.014 0.008666666666666666
0 0.474 0.21366666666666667 0.012 0.018
0 0.47725 0.20833333333333334 0.0095 0.014
0 0.477 0.198 0.011 0.014666666666666666
0 0.50175 0.20966666666666667 0.0105 0.014
0 0.5245 0.21233333333333335 0.013 0.016666666666666666
0 0.53775 0.21133333333333335 0.0135 0.014666666666666666
0 0.5315 0.19833333333333333 0.01 0.011333333333333334
0 0.50375 0.199 0.0095 0.011333333333333334
0 0.518 0.19766666666666666 0.01 0.012666666666666666
0 0.46175 0.2 0.0105 0.012
0 0.44825 0.27466666666666667 0.0475 0.021333333333333333
0 0.43525 0.38033333333333336 0.0575 0.038
