0 0.15187891440501045 0.4290352504638219 0.049060542797494784 0.038033395176252316
0 0.13413361169102297 0.45964749536178107 0.04697286012526096 0.039888682745825604
0 0.1818893528183716 0.462430426716141 0.049582463465553235 0.038033395176252316
0 0.2914926931106472 0.3974953617810761 0.0255741127348643 0.0640074211502783
0 0.34498956158663885 0.4100185528756957 0.028183716075156576 0.06679035250463822
0 0.43606471816283926 0.4253246753246753 0.02348643006263048 0.0640074211502783
0 0.4668580375782881 0.4267161410018553 0.02139874739039666 0.07235621521335807
0 0.3335073068893528 0.700834879406308 0.033402922755741124 0.07699443413729128
0 0.30062630480167013 0.6818181818181818 0.031315240083507306 0.07421150278293136
0 0.3656054279749478 0.7031539888682746 0.027661795407098122 0.08163265306122448
1 0.14613778705636743 0.5496289424860853 0.08037578288100208 0.06029684601113173
3 0.17484342379958245 0.673469387755102 0.04592901878914405 0.07792207792207792
0 0.550365344467641 0.7282003710575139 0.024530271398747392 0.07606679035250463
0 0.649008350730689 0.7481447124304267 0.02661795407098121 0.0862708719851577
0 0.7103340292275574 0.7620593692022264 0.028183716075156576 0.08070500927643785
0 0.7439979123173278 0.775974025974026 0.029749478079331943 0.09369202226345083
0 0.7805323590814196 0.7815398886827458 0.030793319415448852 0.08998144712430427
0 0.8436847599164927 0.7741187384044527 0.038100208768267224 0.08998144712430427
0 0.7852296450939458 0.5166975881261595 0.05167014613778706 0.04081632653061224
3 0.8935281837160751 0.5769944341372912 0.031315240083507306 0.07792207792207792
0 0.9665970772442589 0.7393320964749536 0.0407098121085595 0.09647495361781076
0 0.8517745302713987 0.24582560296846012 0.015657620041753653 0.04638218923933209
0 0.8924843423799582 0.2541743970315399 0.021920668058455117 0.04638218923933209
0 0.9016179540709812 0.026901669758812616 0.02139874739039666 0.04267161410018553
