3 0.06714285714285714 0.32476190476190475 0.03142857142857143 0.04380952380952381
0 0.64 0.9371428571428572 0.017142857142857144 0.045714285714285714
0 0.5803571428571429 0.6523809523809524 0.015 0.04380952380952381
0 0.6121428571428571 0.4828571428571429 0.017142857142857144 0.04
0 0.5925 0.3433333333333333 0.016428571428571428 0.04666666666666667
0 0.6939285714285715 0.579047619047619 0.03357142857142857 0.022857142857142857
0 0.8378571428571429 0.6661904761904762 0.03857142857142857 0.02761904761904762
0 0.9760714285714286 0.6714285714285714 0.03357142857142857 0.02095238095238095
3 0.5989285714285715 0.4014285714285714 0.016428571428571428 0.039047619047619046
1 0.5625 0.4147619047619048 0.017857142857142856 0.04285714285714286
0 0.8792857142857143 0.06619047619047619 0.037142857142857144 0.02761904761904762
3 0.9075 0.1180952380952381 0.023571428571428573 0.05333333333333334
