0 0.4139285714285714 0.8804761904761905 0.08357142857142857 0.16666666666666666
0 0.45964285714285713 0.6838095238095238 0.062142857142857146 0.14476190476190476
0 0.5514285714285714 0.7947619047619048 0.07 0.16857142857142857
0 0.4810714285714286 0.5685714285714286 0.04642857142857143 0.09904761904761905
0 0.7907142857142857 0.5685714285714286 0.06 0.08761904761904762
0 0.8192857142857143 0.7128571428571429 0.07428571428571429 0.12095238095238095
0 0.8992857142857142 0.6804761904761905 0.07714285714285714 0.10952380952380952
0 0.8728571428571429 0.8928571428571429 0.10571428571428572 0.1819047619047619
0 0.9571428571428572 0.8933333333333333 0.08571428571428572 0.17904761904761904
0 0.9535714285714286 0.3580952380952381 0.09285714285714286 0.08571428571428572
0 0.8289285714285715 0.3385714285714286 0.07071428571428572 0.06190476190476191
0 0.5525 0.3280952380952381 0.035 0.05238095238095238
0 0.5582142857142857 0.3871428571428571 0.04928571428571429 0.06190476190476191
3 0.5975 0.25952380952380955 0.03357142857142857 0.04285714285714286
1 0.6389285714285714 0.33904761904761904 0.05071428571428571 0.09714285714285714
0 0.6439285714285714 0.30238095238095236 0.03357142857142857 0.04666666666666667
0 0.56 0.23238095238095238 0.045714285714285714 0.03238095238095238
0 0.9778571428571429 0.16095238095238096 0.04428571428571428 0.02666666666666667
3 0.9478571428571428 0.10857142857142857 0.03428571428571429 0.024761904761904763
0 0.8603571428571428 0.11952380952380952 0.04071428571428572 0.021904761904761906
0 0.8171428571428572 0.15142857142857144 0.018571428571428572 0.022857142857142857
0 0.7814285714285715 0.15619047619047619 0.018571428571428572 0.02666666666666667
0 0.7767857142857143 0.18047619047619048 0.045 0.023809523809523808
1 0.7485714285714286 0.14904761904761904 0.037142857142857144 0.05238095238095238
0 0.7185714285714285 0.14238095238095239 0.025714285714285714 0.03142857142857143
0 0.6892857142857143 0.14666666666666667 0.024285714285714285 0.02095238095238095
2 0.6503571428571429 0.1138095238095238 0.09642857142857143 0.03142857142857143
0 0.08071428571428571 0.19857142857142857 0.04285714285714286 0.018095238095238095
0 0.11535714285714285 0.20523809523809525 0.04214285714285714 0.01619047619047619
0 0.10464285714285715 0.22095238095238096 0.04357142857142857 0.02095238095238095
0 0.15642857142857142 0.19714285714285715 0.04285714285714286 0.01904761904761905
0 0.17821428571428571 0.21285714285714286 0.04357142857142857 0.021904761904761906
0 0.22892857142857143 0.20857142857142857 0.04357142857142857 0.02095238095238095
0 0.27464285714285713 0.18619047619047618 0.03785714285714286 0.021904761904761906
0 0.2925 0.20857142857142857 0.04071428571428572 0.022857142857142857
0 0.35428571428571426 0.2123809523809524 0.041428571428571426 0.02666666666666667
3 0.4278571428571429 0.1980952380952381 0.04285714285714286 0.02666666666666667
3 0.0425 0.6161904761904762 0.085 0.08
0 0.029285714285714286 0.5757142857142857 0.055714285714285716 0.04666666666666667
0 0.02035714285714286 0.5423809523809524 0.03642857142857143 0.04476190476190476
0 0.9757142857142858 0.7138095238095238 0.04857142857142857 0.11523809523809524
