3 0.095 0.061548223350253804 0.05 0.06218274111675127
0 0.13714285714285715 0.05203045685279188 0.04857142857142857 0.05583756345177665
0 0.10892857142857143 0.17766497461928935 0.047857142857142855 0.0583756345177665
3 0.16035714285714286 0.22144670050761422 0.056428571428571425 0.07233502538071065
0 0.22 0.282994923857868 0.055714285714285716 0.07106598984771574
1 0.25214285714285717 0.14403553299492386 0.07857142857142857 0.11294416243654823
0 0.3182142857142857 0.3464467005076142 0.060714285714285714 0.048223350253807105
0 0.41214285714285714 0.36548223350253806 0.05857142857142857 0.07614213197969544
0 0.6775 0.6833756345177665 0.045 0.10532994923857868
0 0.7178571428571429 0.41116751269035534 0.04 0.08375634517766498
1 0.7532142857142857 0.12626903553299493 0.06785714285714285 0.217005076142132
0 0.8160714285714286 0.08375634517766498 0.030714285714285715 0.06345177664974619
0 0.7992857142857143 0.25380710659898476 0.03571428571428571 0.07614213197969544
3 0.8846428571428572 0.6586294416243654 0.047857142857142855 0.1218274111675127
2 0.7914285714285715 0.8686548223350253 0.10428571428571429 0.26015228426395937
