0 0.415 0.08433333333333333 0.012 0.020666666666666667
0 0.44325 0.06833333333333333 0.0105 0.019333333333333334
0 0.44575 0.086 0.0125 0.018666666666666668
0 0.45075 0.10566666666666667 0.0135 0.022
0 0.45375 0.13266666666666665 0.0125 0.021333333333333333
0 0.50175 0.064 0.0115 0.018666666666666668
0 0.4445 0.248 0.022 0.03333333333333333
0 0.46825 0.2693333333333333 0.0355 0.03866666666666667
0 0.43575 0.2836666666666667 0.0205 0.035333333333333335
0 0.47725 0.303 0.0185 0.035333333333333335
0 0.47875 0.3456666666666667 0.0255 0.048666666666666664
0 0.44 0.327 0.027 0.042
0 0.4065 0.308 0.02 0.048
0 0.452 0.37733333333333335 0.029 0.048
0 0.39975 0.356 0.0475 0.048
0 0.41375 0.4653333333333333 0.0305 0.07333333333333333
0 0.3955 0.5606666666666666 0.034 0.084
0 0.378 0.7913333333333333 0.048 0.14
3 0.38525 0.663 0.0385 0.094
3 0.52575 0.684 0.0425 0.11733333333333333
3 0.51725 0.5563333333333333 0.0375 0.07666666666666666
3 0.49375 0.402 0.0265 0.06533333333333333
3 0.56625 0.23166666666666666 0.0525 0.03133333333333333
3 0.43825 0.18866666666666668 0.0185 0.04
1 0.47825 0.17833333333333334 0.0215 0.03933333333333333
0 0.526 0.024333333333333332 0.027 0.016666666666666666
0 0.561 0.06433333333333334 0.028 0.019333333333333334
3 0.4335 0.054 0.01 0.024
0 0.418 0.06466666666666666 0.013 0.021333333333333333
0 0.46775 0.11 0.0145 0.021333333333333333
0 0.464 0.082 0.013 0.021333333333333333
0 0.42625 0.028333333333333332 0.0125 0.018
0 0.42525 0.008666666666666666 0.0115 0.017333333333333333
0 0.4635 0.057 0.014 0.024666666666666667
1 0.39 0.06133333333333333 0.017 0.036
0 0.36325 0.045 0.0155 0.020666666666666667
0 0.37075 0.02 0.0105 0.014666666666666666
3 0.51725 0.22466666666666665 0.0375 0.029333333333333333
0 0.50925 0.243 0.0385 0.03
0 0.472 0.14866666666666667 0.018 0.032
0 0.45325 0.152 0.0155 0.025333333333333333
0 0.435 0.16566666666666666 0.016 0.020666666666666667
0 0.416 0.17533333333333334 0.017 0.021333333333333333
0 0.419 0.19666666666666666 0.016 0.030666666666666665
0 0.40825 0.21666666666666667 0.0365 0.025333333333333333
0 0.4065 0.23633333333333334 0.037 0.03
0 0.02725 0.5666666666666667 0.0545 0.07333333333333333
3 0.04125 0.3396666666666667 0.0575 0.038
0 0.0455 0.26866666666666666 0.04 0.032
0 0.01525 0.25966666666666666 0.0305 0.024666666666666667
