0 0.38785714285714284 0.430952380952381 0.022857142857142857 0.018095238095238095
0 0.44642857142857145 0.43 0.027142857142857142 0.01619047619047619
0 0.4492857142857143 0.4676190476190476 0.027142857142857142 0.01904761904761905
0 0.395 0.4738095238095238 0.025714285714285714 0.01619047619047619
0 0.3925 0.5261904761904762 0.023571428571428573 0.018095238095238095
0 0.45 0.5223809523809524 0.03142857142857143 0.021904761904761906
0 0.39464285714285713 0.5780952380952381 0.030714285714285715 0.02095238095238095
0 0.39464285714285713 0.62 0.027857142857142858 0.01904761904761905
0 0.39464285714285713 0.6538095238095238 0.03214285714285714 0.018095238095238095
0 0.4564285714285714 0.6461904761904762 0.03 0.02
0 0.4 0.7276190476190476 0.027142857142857142 0.02095238095238095
3 0.40535714285714286 0.8590476190476191 0.025 0.02095238095238095
0 0.06857142857142857 0.8385714285714285 0.03571428571428571 0.023809523809523808
0 0.7389285714285714 0.2823809523809524 0.013571428571428571 0.037142857142857144
