0 0.11892857142857143 0.5623809523809524 0.062142857142857146 0.10952380952380952
0 0.2907142857142857 0.4676190476190476 0.05857142857142857 0.10476190476190476
0 0.4032142857142857 0.38761904761904764 0.07928571428571428 0.0838095238095238
0 0.37892857142857145 0.3385714285714286 0.06357142857142857 0.06380952380952382
0 0.19214285714285714 0.22238095238095237 0.06285714285714286 0.10571428571428572
0 0.31285714285714283 0.1357142857142857 0.07714285714285714 0.07523809523809524
0 0.32785714285714285 0.18857142857142858 0.08142857142857143 0.07238095238095238
0 0.3485714285714286 0.24142857142857144 0.08428571428571428 0.08285714285714285
0 0.04 0.6257142857142857 0.06142857142857143 0.10857142857142857
0 0.14821428571428572 0.7528571428571429 0.08928571428571429 0.09047619047619047
0 0.47214285714285714 0.6428571428571429 0.07571428571428572 0.07428571428571429
0 0.7528571428571429 0.5147619047619048 0.08142857142857143 0.06571428571428571
0 0.9385714285714286 0.6457142857142857 0.06571428571428571 0.11047619047619048
0 0.7410714285714286 0.1680952380952381 0.05785714285714286 0.1
0 0.9757142857142858 0.16285714285714287 0.04857142857142857 0.08952380952380952
0 0.7657142857142857 0.7976190476190477 0.06 0.1
0 0.8125 0.8995238095238095 0.062142857142857146 0.11142857142857143
0 0.7067857142857142 0.8104761904761905 0.055 0.12
1 0.655 0.8357142857142857 0.04857142857142857 0.13428571428571429
3 0.43857142857142856 0.44904761904761903 0.07285714285714286 0.06952380952380953
