3 0.21625 0.638 0.0365 0.056
0 0.431 0.9013333333333333 0.042 0.104
0 0.6375 0.8183333333333334 0.056 0.08333333333333333
0 0.54375 0.6553333333333333 0.0315 0.042666666666666665
0 0.76425 0.737 0.0705 0.048666666666666664
0 0.75175 0.707 0.0735 0.043333333333333335
0 0.73075 0.6766666666666666 0.0645 0.042666666666666665
0 0.6965 0.6493333333333333 0.062 0.04133333333333333
0 0.67975 0.6293333333333333 0.0595 0.034666666666666665
0 0.6085 0.5846666666666667 0.048 0.029333333333333333
0 0.65125 0.5946666666666667 0.0545 0.030666666666666665
3 0.66625 0.6083333333333333 0.0475 0.03666666666666667
1 0.5785 0.542 0.024 0.032
0 0.43475 0.5983333333333334 0.0235 0.043333333333333335
0 0.4375 0.5646666666666667 0.025 0.03333333333333333
0 0.4345 0.5373333333333333 0.019 0.02666666666666667
0 0.43375 0.514 0.0185 0.024
0 0.501 0.5193333333333333 0.018 0.02266666666666667
0 0.5245 0.48633333333333334 0.016 0.019333333333333334
3 0.40575 0.48433333333333334 0.0115 0.023333333333333334
0 0.55025 0.4713333333333333 0.0345 0.014666666666666666
0 0.55325 0.4653333333333333 0.0295 0.013333333333333334
0 0.5565 0.457 0.029 0.014
0 0.49125 0.453 0.0295 0.018
3 0.53975 0.44733333333333336 0.0235 0.017333333333333333
3 0.53125 0.43333333333333335 0.0245 0.014666666666666666
0 0.53025 0.431 0.0265 0.014
0 0.52625 0.4266666666666667 0.0255 0.012
0 0.5155 0.412 0.022 0.012
0 0.31025 0.6466666666666666 0.0575 0.034666666666666665
0 0.3115 0.621 0.055 0.028666666666666667
3 0.322 0.601 0.045 0.03266666666666666
3 0.33075 0.5736666666666667 0.0435 0.03133333333333333
1 0.4135 0.42733333333333334 0.013 0.028
0 0.438 0.446 0.012 0.016
0 0.438 0.434 0.011 0.013333333333333334
0 0.46275 0.4136666666666667 0.0105 0.012666666666666666
0 0.43475 0.41833333333333333 0.0105 0.012666666666666666
0 0.43875 0.4076666666666667 0.0085 0.011333333333333334
0 0.43675 0.4003333333333333 0.0075 0.01
0 0.459 0.39366666666666666 0.009 0.01
0 0.45875 0.37233333333333335 0.0065 0.008666666666666666
0 0.45475 0.36566666666666664 0.0065 0.008666666666666666
0 0.43525 0.394 0.0075 0.008
0 0.43675 0.3883333333333333 0.0075 0.01
3 0.437 0.378 0.006 0.012
0 0.4375 0.371 0.006 0.01
0 0.4365 0.36566666666666664 0.008 0.007333333333333333
1 0.43375 0.35733333333333334 0.0105 0.012
