3 0.16362212943632568 0.5691094619666048 0.024530271398747392 0.041743970315398886
1 0.20381002087682673 0.7722634508348795 0.04540709812108559 0.11595547309833024
3 0.24086638830897703 0.8701298701298701 0.07254697286012526 0.08719851576994433
1 0.3181106471816284 0.9591836734693877 0.06837160751565761 0.07050092764378478
0 0.42693110647181626 0.4675324675324675 0.015657620041753653 0.03525046382189239
1 0.43893528183716074 0.34461966604823746 0.011482254697286013 0.021335807050092765
0 0.447286012526096 0.25 0.007306889352818371 0.012059369202226345
1 0.42849686847599167 0.20454545454545456 0.006263048016701462 0.013914656771799629
3 0.4024008350730689 0.16001855287569575 0.003131524008350731 0.006493506493506494
0 0.6894572025052192 0.5667903525046383 0.0407098121085595 0.03339517625231911
0 0.7314718162839249 0.5644712430426716 0.04018789144050104 0.0287569573283859
3 0.5161795407098121 0.4805194805194805 0.016701461377870562 0.03525046382189239
1 0.4762526096033403 0.3427643784786642 0.02035490605427975 0.039888682745825604
