0 0.42 0.5219047619047619 0.011428571428571429 0.03619047619047619
0 0.47464285714285714 0.5261904761904762 0.012142857142857143 0.035238095238095235
0 0.5042857142857143 0.5328571428571428 0.011428571428571429 0.035238095238095235
0 0.5332142857142858 0.5342857142857143 0.012142857142857143 0.03428571428571429
0 0.5621428571428572 0.5347619047619048 0.011428571428571429 0.03142857142857143
0 0.5753571428571429 0.5328571428571428 0.012142857142857143 0.035238095238095235
3 0.6146428571428572 0.540952380952381 0.016428571428571428 0.04380952380952381
0 0.4539285714285714 0.8185714285714286 0.013571428571428571 0.04666666666666667
0 0.47285714285714286 0.810952380952381 0.014285714285714285 0.04476190476190476
0 0.49 0.8204761904761905 0.012857142857142857 0.04285714285714286
0 0.5128571428571429 0.6942857142857143 0.037142857142857144 0.02095238095238095
0 0.7978571428571428 0.5304761904761904 0.02857142857142857 0.017142857142857144
