0 0.9860714285714286 0.3223809523809524 0.027857142857142858 0.03333333333333333
0 0.43892857142857145 0.04904761904761905 0.017857142857142856 0.010476190476190476
0 0.4421428571428571 0.04285714285714286 0.017142857142857144 0.015238095238095238
0 0.37892857142857145 0.07904761904761905 0.02214285714285714 0.013333333333333334
3 0.76 0.05238095238095238 0.01 0.013333333333333334
0 0.9803571428571428 0.047142857142857146 0.016428571428571428 0.014285714285714285
3 0.9789285714285715 0.040952380952380955 0.016428571428571428 0.015238095238095238
1 0.9625 0.007619047619047619 0.016428571428571428 0.013333333333333334
0 0.9921428571428571 0.011428571428571429 0.011428571428571429 0.011428571428571429
1 0.7385714285714285 0.13333333333333333 0.03428571428571429 0.05333333333333334
3 0.31535714285714284 0.09 0.019285714285714285 0.018095238095238095
