0 0.5464509394572025 0.8153988868274582 0.0511482254697286 0.08163265306122448
0 0.6495302713987474 0.6767161410018553 0.04645093945720251 0.05287569573283859
0 0.7147703549060542 0.6692949907235621 0.04123173277661795 0.05102040816326531
0 0.8663883089770354 0.6178107606679035 0.038622129436325675 0.05380333951762523
3 0.9316283924843424 0.16975881261595546 0.013569937369519834 0.022263450834879406
0 0.26278705636743216 0.5760667903525046 0.027661795407098122 0.05009276437847866
0 0.23538622129436326 0.6071428571428571 0.021920668058455117 0.05287569573283859
0 0.20746346555323592 0.5918367346938775 0.02661795407098121 0.04823747680890538
3 0.21711899791231734 0.537569573283859 0.024008350730688934 0.05287569573283859
0 0.19337160751565763 0.5565862708719852 0.019311064718162838 0.04267161410018553
0 0.18319415448851775 0.5051020408163265 0.018789144050104383 0.03432282003710575
0 0.2225991649269311 0.44712430426716143 0.01826722338204593 0.03710575139146568
0 0.2653966597077244 0.43506493506493504 0.01826722338204593 0.03710575139146568
1 0.20694154488517746 0.4837662337662338 0.02244258872651357 0.05473098330241188
0 0.17379958246346555 0.46567717996289426 0.015657620041753653 0.04081632653061224
0 0.18397703549060543 0.4049165120593692 0.01722338204592902 0.036178107606679034
0 0.1649269311064718 0.42764378478664195 0.020876826722338204 0.03153988868274583
0 0.17510438413361168 0.37012987012987014 0.015135699373695199 0.027829313543599257
0 0.15370563674321502 0.3984230055658627 0.015135699373695199 0.030612244897959183
0 0.1477035490605428 0.3557513914656772 0.015657620041753653 0.036178107606679034
0 0.1782359081419624 0.310760667903525 0.016179540709812108 0.02411873840445269
0 0.15266179540709812 0.29730983302411873 0.013048016701461378 0.02504638218923933
0 0.13308977035490605 0.2940630797773655 0.012526096033402923 0.022263450834879406
0 0.12473903966597077 0.21289424860853431 0.012526096033402923 0.017625231910946195
0 0.1080375782881002 0.25510204081632654 0.011482254697286013 0.01855287569573284
2 0.0936847599164927 0.09833024118738404 0.014091858037578288 0.03153988868274583
0 0.14378914405010437 0.45454545454545453 0.019311064718162838 0.04267161410018553
