0 0.6142857142857143 0.5203045685279187 0.02857142857142857 0.09137055837563451
0 0.39785714285714285 0.5875634517766497 0.03 0.08375634517766498
0 0.445 0.18972081218274112 0.018571428571428572 0.044416243654822336
0 0.2817857142857143 0.7062182741116751 0.05928571428571429 0.0901015228426396
0 0.2557142857142857 0.8318527918781726 0.054285714285714284 0.10279187817258884
0 0.2932142857142857 0.6541878172588832 0.04642857142857143 0.0799492385786802
0 0.1175 0.36484771573604063 0.04642857142857143 0.03426395939086294
0 0.06571428571428571 0.3616751269035533 0.05714285714285714 0.03553299492385787
0 0.17214285714285715 0.36484771573604063 0.054285714285714284 0.03426395939086294
0 0.22464285714285714 0.36611675126903553 0.04928571428571429 0.044416243654822336
3 0.29178571428571426 0.5203045685279187 0.05357142857142857 0.09137055837563451
3 0.23892857142857143 0.8984771573604061 0.06357142857142857 0.13959390862944163
3 0.5432142857142858 0.08692893401015228 0.017857142857142856 0.046954314720812185
0 0.5371428571428571 0.9498730964467005 0.04 0.09771573604060914
2 0.6867857142857143 0.7544416243654822 0.07928571428571428 0.3769035532994924
