0 0.1375 0.6971428571428572 0.13214285714285715 0.12
0 0.3846428571428571 0.6171428571428571 0.11642857142857142 0.10666666666666667
0 0.2542857142857143 0.4819047619047619 0.09142857142857143 0.08
0 0.3657142857142857 0.4438095238095238 0.07714285714285714 0.05523809523809524
0 0.6353571428571428 0.42714285714285716 0.052142857142857144 0.05047619047619047
0 0.5546428571428571 0.38333333333333336 0.045 0.037142857142857144
0 0.5221428571428571 0.3719047619047619 0.05 0.039047619047619046
1 0.5039285714285714 0.6738095238095239 0.255 0.2923809523809524
0 0.7364285714285714 0.2976190476190476 0.05 0.037142857142857144
0 0.025357142857142856 0.5523809523809524 0.05071428571428571 0.07809523809523809
