0 0.012142857142857143 0.018571428571428572 0.024285714285714285 0.035238095238095235
0 0.13428571428571429 0.0761904761904762 0.027142857142857142 0.049523809523809526
1 0.13214285714285715 0.14333333333333334 0.02142857142857143 0.04285714285714286
0 0.245 0.016666666666666666 0.02 0.03142857142857143
0 0.13464285714285715 0.2519047619047619 0.029285714285714286 0.06
0 0.175 0.35714285714285715 0.03571428571428571 0.08
0 0.13428571428571429 0.3919047619047619 0.03428571428571429 0.08285714285714285
0 0.18571428571428572 0.4719047619047619 0.03857142857142857 0.09238095238095238
0 0.19892857142857143 0.6323809523809524 0.04071428571428572 0.09523809523809523
0 0.25357142857142856 0.6947619047619048 0.047142857142857146 0.12666666666666668
0 0.1275 0.8028571428571428 0.04357142857142857 0.12761904761904763
0 0.27285714285714285 0.8557142857142858 0.05285714285714286 0.15333333333333332
