0 0.44175 0.7243333333333334 0.0815 0.058
0 0.453 0.66 0.075 0.04933333333333333
0 0.475 0.2816666666666667 0.016 0.026
0 0.45 0.26866666666666666 0.022 0.018666666666666668
3 0.415 0.23366666666666666 0.022 0.018
3 0.4395 0.21833333333333332 0.021 0.015333333333333332
3 0.422 0.20533333333333334 0.012 0.018666666666666668
0 0.41875 0.19966666666666666 0.0175 0.015333333333333332
3 0.40375 0.195 0.0145 0.018
0 0.39025 0.18633333333333332 0.0135 0.015333333333333332
3 0.3815 0.17566666666666667 0.015 0.018
3 0.36375 0.178 0.0145 0.017333333333333333
0 0.3665 0.16633333333333333 0.015 0.014
0 0.364 0.19733333333333333 0.015 0.014666666666666666
0 0.35175 0.18633333333333332 0.0165 0.014
0 0.493 0.2966666666666667 0.024 0.025333333333333333
0 0.51825 0.293 0.0265 0.026
3 0.03925 0.29333333333333333 0.0425 0.02666666666666667
1 0.085 0.2763333333333333 0.062 0.042
3 0.389 0.2683333333333333 0.022 0.026
1 0.59675 0.27 0.0305 0.025333333333333333
0 0.9605 0.5926666666666667 0.079 0.064
0 0.863 0.5213333333333333 0.067 0.052
3 0.797 0.468 0.056 0.048
0 0.73875 0.43466666666666665 0.0545 0.042666666666666665
3 0.68825 0.3943333333333333 0.0375 0.04466666666666667
3 0.651 0.368 0.042 0.044
0 0.62025 0.37733333333333335 0.0395 0.032
0 0.616 0.285 0.031 0.022
1 0.69075 0.287 0.0455 0.038
0 0.73225 0.21766666666666667 0.0305 0.019333333333333334
0 0.74475 0.18766666666666668 0.0255 0.015333333333333332
