0 0.4471428571428571 0.9847715736040609 0.012857142857142857 0.027918781725888325
0 0.46214285714285713 0.934010152284264 0.014285714285714285 0.05583756345177665
1 0.4425 0.8883248730964467 0.017857142857142856 0.10913705583756345
0 0.4607142857142857 0.8381979695431472 0.011428571428571429 0.04949238578680203
0 0.4425 0.791243654822335 0.012142857142857143 0.04187817258883249
0 0.45964285714285713 0.7696700507614214 0.012142857142857143 0.04949238578680203
0 0.5203571428571429 0.7385786802030457 0.013571428571428571 0.048223350253807105
3 0.4421428571428571 0.7106598984771574 0.015714285714285715 0.05583756345177665
3 0.4564285714285714 0.6941624365482234 0.014285714285714285 0.050761421319796954
3 0.45714285714285713 0.6110406091370558 0.011428571428571429 0.046954314720812185
0 0.44107142857142856 0.618020304568528 0.012142857142857143 0.04568527918781726
0 0.43964285714285717 0.5583756345177665 0.013571428571428571 0.04568527918781726
0 0.4546428571428571 0.5450507614213198 0.012142857142857143 0.04187817258883249
0 0.4392857142857143 0.5019035532994924 0.011428571428571429 0.03934010152284264
0 0.4539285714285714 0.4606598984771574 0.012142857142857143 0.04060913705583756
0 0.4382142857142857 0.44289340101522845 0.012142857142857143 0.04060913705583756
0 0.43642857142857144 0.38451776649746194 0.011428571428571429 0.04060913705583756
0 0.46785714285714286 0.41116751269035534 0.012857142857142857 0.04314720812182741
0 0.5307142857142857 0.5818527918781726 0.012857142857142857 0.046954314720812185
0 0.5275 0.48286802030456855 0.012142857142857143 0.046954314720812185
1 0.615 0.3013959390862944 0.08 0.03680203045685279
0 0.5725 0.26649746192893403 0.023571428571428573 0.02030456852791878
0 0.6017857142857143 0.2626903553299492 0.023571428571428573 0.02030456852791878
2 0.5892857142857143 0.23223350253807107 0.054285714285714284 0.04314720812182741
1 0.6442857142857142 0.22842639593908629 0.03571428571428571 0.03299492385786802
2 0.6225 0.20304568527918782 0.062142857142857146 0.03807106598984772
1 0.5657142857142857 0.21383248730964466 0.03428571428571429 0.03680203045685279
0 0.09821428571428571 0.3001269035532995 0.02642857142857143 0.021573604060913704
0 0.025357142857142856 0.2982233502538071 0.023571428571428573 0.02284263959390863
2 0.785 0.21637055837563451 0.06571428571428571 0.04187817258883249
0 0.9157142857142857 0.12753807106598986 0.02142857142857143 0.01903553299492386
