0 0.36116910229645094 0.7518552875695733 0.025052192066805846 0.075139146567718
0 0.5086116910229646 0.7625231910946196 0.02870563674321503 0.0686456400742115
0 0.5670668058455115 0.7458256029684601 0.0255741127348643 0.061224489795918366
0 0.8723903966597077 0.950834879406308 0.06941544885177453 0.0575139146567718
0 0.39509394572025053 0.5153061224489796 0.016701461377870562 0.041743970315398886
0 0.4363256784968685 0.4772727272727273 0.016701461377870562 0.038033395176252316
0 0.4112734864300626 0.4039888682745826 0.016701461377870562 0.030612244897959183
0 0.4167536534446764 0.33302411873840443 0.013048016701461378 0.025974025974025976
0 0.3637787056367432 0.9642857142857143 0.030271398747390398 0.0640074211502783
0 0.38100208768267224 0.23376623376623376 0.011482254697286013 0.016697588126159554
0 0.39926931106471814 0.22680890538033396 0.011482254697286013 0.01948051948051948
0 0.38126304801670147 0.16929499072356216 0.009916492693110648 0.013914656771799629
0 0.34055323590814196 0.19294990723562153 0.010960334029227558 0.01855287569573284
0 0.375 0.137291280148423 0.007828810020876827 0.012987012987012988
3 0.36143006263048016 0.13682745825602968 0.008872651356993737 0.021335807050092765
2 0.3102818371607516 0.06029684601113173 0.009916492693110648 0.027829313543599257
0 0.3288100208768267 0.06215213358070501 0.007306889352818371 0.012987012987012988
3 0.3596033402922756 0.05983302411873841 0.006263048016701462 0.013914656771799629
0 0.3653444676409186 0.08302411873840446 0.006263048016701462 0.01020408163265306
0 0.3285490605427975 0.027829313543599257 0.005741127348643006 0.00927643784786642
0 0.35020876826722336 0.03153988868274583 0.005219206680584551 0.00927643784786642
0 0.3564718162839248 0.017625231910946195 0.005219206680584551 0.0074211502782931356
0 0.3248956158663883 0.011595547309833023 0.005741127348643006 0.01020408163265306
0 0.33168058455114824 0.003246753246753247 0.005741127348643006 0.006493506493506494
3 0.6333507306889353 0.5282931354359925 0.031837160751565764 0.03432282003710575
0 0.5973382045929019 0.4448051948051948 0.03392484342379958 0.026901669758812616
0 0.543580375782881 0.39332096474953615 0.03288100208768267 0.025974025974025976
3 0.5386221294363257 0.36688311688311687 0.022964509394572025 0.02504638218923933
3 0.5224425887265136 0.3232838589981447 0.032359081419624215 0.026901669758812616
3 0.5086116910229646 0.2982374768089054 0.02348643006263048 0.02504638218923933
0 0.5046972860125261 0.2820037105751391 0.025052192066805846 0.01855287569573284
0 0.46424843423799583 0.26437847866419295 0.012004175365344467 0.02411873840445269
0 0.4772964509394572 0.22634508348794063 0.024530271398747392 0.01855287569573284
0 0.477035490605428 0.2147495361781076 0.020876826722338204 0.012059369202226345
3 0.4702505219206681 0.20640074211502782 0.020876826722338204 0.012059369202226345
3 0.47312108559498955 0.18877551020408162 0.016179540709812108 0.017625231910946195
3 0.46555323590814196 0.18692022263450836 0.015657620041753653 0.015769944341372914
0 0.43997912317327764 0.174860853432282 0.008350730688935281 0.015769944341372914
0 0.4535490605427975 0.15445269016697588 0.018789144050104383 0.01020408163265306
0 0.45328810020876825 0.14935064935064934 0.01826722338204593 0.011131725417439703
3 0.4157098121085595 0.10204081632653061 0.006784968684759917 0.016697588126159554
3 0.42667014613778703 0.09415584415584416 0.014091858037578288 0.013914656771799629
0 0.4660751565762004 0.13589981447124305 0.017745302713987474 0.013914656771799629
0 0.4459812108559499 0.13868274582560297 0.01722338204592902 0.012059369202226345
