0 0.75075 0.42933333333333334 0.0825 0.128
3 0.63875 0.22433333333333333 0.0715 0.11133333333333334
0 0.5945 0.10033333333333333 0.073 0.06333333333333334
3 0.502 0.034333333333333334 0.047 0.06866666666666667
0 0.53675 0.24366666666666667 0.0745 0.09666666666666666
3 0.794 0.15 0.062 0.050666666666666665
3 0.821 0.19933333333333333 0.064 0.050666666666666665
3 0.85775 0.24266666666666667 0.0555 0.04133333333333333
3 0.98025 0.195 0.0395 0.05266666666666667
3 0.8775 0.11766666666666667 0.074 0.07533333333333334
3 0.9715 0.035 0.054 0.07
3 0.3235 0.06533333333333333 0.075 0.07066666666666667
3 0.25525 0.013 0.0445 0.026
1 0.03275 0.009333333333333334 0.0655 0.017333333333333333
0 0.018 0.030666666666666665 0.036 0.05333333333333334
3 0.01675 0.098 0.0335 0.072
0 0.4005 0.45766666666666667 0.083 0.106
3 0.3285 0.546 0.096 0.10933333333333334
3 0.3575 0.6066666666666667 0.1 0.11066666666666666
