0 0.6605 0.432 0.056 0.088
0 0.5385 0.31233333333333335 0.043 0.058
3 0.6255 0.32066666666666666 0.044 0.07066666666666667
3 0.6485 0.2673333333333333 0.05 0.04133333333333333
3 0.893 0.32066666666666666 0.072 0.064
3 0.68 0.241 0.037 0.043333333333333335
3 0.66675 0.21966666666666668 0.0315 0.04466666666666667
0 0.3625 0.36333333333333334 0.04 0.048
3 0.27 0.399 0.083 0.054
3 0.28325 0.37133333333333335 0.0805 0.04933333333333333
3 0.453 0.23366666666666666 0.042 0.038
0 0.66575 0.09466666666666666 0.0215 0.013333333333333334
2 0.69375 0.06633333333333333 0.0195 0.024666666666666667
1 0.63125 0.08166666666666667 0.0385 0.020666666666666667
0 0.63325 0.07266666666666667 0.0215 0.010666666666666666
0 0.63025 0.07166666666666667 0.0185 0.011333333333333334
0 0.60625 0.073 0.0195 0.011333333333333334
1 0.62325 0.06533333333333333 0.0225 0.018666666666666668
0 0.679 0.06466666666666666 0.017 0.010666666666666666
0 0.67075 0.061 0.0175 0.01
3 0.44275 0.168 0.0175 0.02666666666666667
0 0.4805 0.17266666666666666 0.034 0.02
0 0.4225 0.16866666666666666 0.026 0.021333333333333333
0 0.386 0.17333333333333334 0.02 0.021333333333333333
3 0.39375 0.15966666666666668 0.0185 0.023333333333333334
0 0.41575 0.15766666666666668 0.0195 0.023333333333333334
0 0.4035 0.14733333333333334 0.017 0.02
0 0.4105 0.13266666666666665 0.017 0.02266666666666667
3 0.417 0.12466666666666666 0.012 0.021333333333333333
0 0.423 0.11933333333333333 0.012 0.014666666666666666
0 0.428 0.11033333333333334 0.014 0.018
0 0.45125 0.11433333333333333 0.0105 0.015333333333333332
0 0.4325 0.105 0.011 0.015333333333333332
3 0.4385 0.09866666666666667 0.012 0.017333333333333333
3 0.3615 0.09666666666666666 0.012 0.017333333333333333
0 0.346 0.167 0.019 0.020666666666666667
3 0.35075 0.15366666666666667 0.0155 0.022
0 0.32725 0.16033333333333333 0.0175 0.019333333333333334
0 0.30825 0.16333333333333333 0.0205 0.02
3 0.2905 0.173 0.029 0.019333333333333334
0 0.28725 0.16366666666666665 0.0175 0.016666666666666666
