0 0.02035714285714286 0.45714285714285713 0.04071428571428572 0.0380952380952381
0 0.16 0.42714285714285716 0.06142857142857143 0.04476190476190476
0 0.2692857142857143 0.39 0.05857142857142857 0.04285714285714286
0 0.2667857142857143 0.32095238095238093 0.04214285714285714 0.04
0 0.15214285714285714 0.3419047619047619 0.05857142857142857 0.0380952380952381
0 0.07642857142857143 0.26666666666666666 0.03 0.045714285714285714
1 0.44285714285714284 0.29619047619047617 0.055714285714285716 0.05904761904761905
0 0.515 0.319047619047619 0.05 0.0380952380952381
0 0.5914285714285714 0.25333333333333335 0.025714285714285714 0.047619047619047616
0 0.2575 0.5876190476190476 0.06785714285714285 0.047619047619047616
0 0.44857142857142857 0.5285714285714286 0.06714285714285714 0.045714285714285714
0 0.7925 0.27714285714285714 0.05357142857142857 0.03619047619047619
0 0.6760714285714285 0.23285714285714285 0.03214285714285714 0.04476190476190476
0 0.6328571428571429 0.1361904761904762 0.025714285714285714 0.03619047619047619
0 0.5782142857142857 0.16666666666666666 0.023571428571428573 0.04380952380952381
