2 0.07535714285714286 0.2838095238095238 0.15071428571428572 0.29904761904761906
0 0.13285714285714287 0.030952380952380953 0.06571428571428571 0.058095238095238096
1 0.28214285714285714 0.03333333333333333 0.047142857142857146 0.045714285714285714
0 0.5792857142857143 0.27095238095238094 0.041428571428571426 0.13238095238095238
0 0.6514285714285715 0.29619047619047617 0.04857142857142857 0.11619047619047619
0 0.7746428571428572 0.2876190476190476 0.065 0.11619047619047619
0 0.84 0.2895238095238095 0.05857142857142857 0.09523809523809523
3 0.7117857142857142 0.2695238095238095 0.060714285714285714 0.14095238095238094
0 0.6382142857142857 0.19333333333333333 0.04928571428571429 0.08761904761904762
0 0.8075 0.2057142857142857 0.055 0.07809523809523809
0 0.9067857142857143 0.2866666666666667 0.07214285714285715 0.11619047619047619
0 0.9642857142857143 0.25666666666666665 0.07142857142857142 0.06761904761904762
0 0.9532142857142857 0.21047619047619048 0.09357142857142857 0.049523809523809526
0 0.9457142857142857 0.16904761904761906 0.10857142857142857 0.05238095238095238
0 0.7010714285714286 0.5728571428571428 0.07785714285714286 0.19714285714285715
3 0.8585714285714285 0.5728571428571428 0.10428571428571429 0.19904761904761906
0 0.9728571428571429 0.5433333333333333 0.05142857142857143 0.15142857142857144
3 0.9710714285714286 0.7742857142857142 0.05785714285714286 0.2038095238095238
3 0.9214285714285714 0.8047619047619048 0.15571428571428572 0.2723809523809524
0 0.7078571428571429 0.8171428571428572 0.09285714285714286 0.24571428571428572
3 0.5696428571428571 0.8247619047619048 0.125 0.2914285714285714
1 0.1757142857142857 0.23761904761904762 0.17 0.2752380952380952
3 0.9542857142857143 0.055714285714285716 0.06428571428571428 0.0980952380952381
3 0.9003571428571429 0.06190476190476191 0.04642857142857143 0.08761904761904762
3 0.8810714285714286 0.018095238095238095 0.04071428571428572 0.03619047619047619
