0 0.48964285714285716 0.8395238095238096 0.05357142857142857 0.15142857142857144
0 0.5582142857142857 0.7409523809523809 0.045 0.12761904761904763
0 0.4775 0.508095238095238 0.04357142857142857 0.11904761904761904
0 0.5571428571428572 0.43857142857142856 0.03571428571428571 0.08666666666666667
0 0.7457142857142857 0.49047619047619045 0.08428571428571428 0.05142857142857143
0 0.9028571428571428 0.4757142857142857 0.09285714285714286 0.05619047619047619
0 0.8864285714285715 0.26 0.07428571428571429 0.05333333333333334
0 0.30642857142857144 0.25857142857142856 0.03428571428571429 0.08857142857142856
0 0.15428571428571428 0.5419047619047619 0.03571428571428571 0.08190476190476191
0 0.16535714285714287 0.3233333333333333 0.039285714285714285 0.09047619047619047
0 0.35892857142857143 0.22095238095238096 0.03214285714285714 0.0838095238095238
0 0.3117857142857143 0.14095238095238094 0.03357142857142857 0.0838095238095238
0 0.31357142857142856 0.04476190476190476 0.03428571428571429 0.07428571428571429
0 0.35285714285714287 0.10904761904761905 0.03142857142857143 0.08095238095238096
0 0.6296428571428572 0.9680952380952381 0.056428571428571425 0.06190476190476191
0 0.018214285714285714 0.47285714285714286 0.035 0.11714285714285715
2 0.06 0.56 0.12 0.3295238095238095
3 0.35 0.024761904761904763 0.03 0.049523809523809526
0 0.4032142857142857 0.012857142857142857 0.02642857142857143 0.025714285714285714
3 0.24 0.6685714285714286 0.04857142857142857 0.12571428571428572
2 0.5417857142857143 0.19380952380952382 0.10928571428571429 0.2257142857142857
