0 0.4625 0.756979695431472 0.05928571428571429 0.04949238578680203
0 0.7539285714285714 0.8204314720812182 0.06785714285714285 0.04949238578680203
0 0.8382142857142857 0.815989847715736 0.07357142857142857 0.05583756345177665
2 0.6821428571428572 0.6624365482233503 0.09142857142857143 0.06345177664974619
3 0.20142857142857143 0.35786802030456855 0.022857142857142857 0.025380710659898477
0 0.22071428571428572 0.36484771573604063 0.017142857142857144 0.024111675126903553
0 0.2332142857142857 0.37753807106598986 0.017857142857142856 0.0266497461928934
0 0.24428571428571427 0.39213197969543145 0.018571428571428572 0.02284263959390863
0 0.2575 0.4067258883248731 0.019285714285714285 0.0266497461928934
0 0.2732142857142857 0.4352791878172589 0.017857142857142856 0.027918781725888325
2 0.9578571428571429 0.6230964467005076 0.07857142857142857 0.1218274111675127
1 0.7503571428571428 0.4720812182741117 0.047857142857142855 0.09137055837563451
1 0.6853571428571429 0.46954314720812185 0.04928571428571429 0.08375634517766498
3 0.6142857142857143 0.45050761421319796 0.03142857142857143 0.04314720812182741
3 0.5910714285714286 0.43908629441624364 0.030714285714285715 0.04568527918781726
