3 0.6664285714285715 0.6419047619047619 0.045714285714285714 0.1180952380952381
0 0.5621428571428572 0.35904761904761906 0.04 0.09904761904761905
0 0.3485714285714286 0.7690476190476191 0.05285714285714286 0.16857142857142857
0 0.35035714285714287 0.61 0.047857142857142855 0.1380952380952381
0 0.3603571428571429 0.4261904761904762 0.04642857142857143 0.10380952380952381
0 0.37392857142857144 0.2752380952380952 0.045 0.10476190476190476
0 0.37642857142857145 0.1823809523809524 0.032857142857142856 0.08666666666666667
0 0.3742857142857143 0.08904761904761904 0.03857142857142857 0.08285714285714285
0 0.37107142857142855 0.012857142857142857 0.023571428571428573 0.025714285714285714
3 0.8117857142857143 0.22476190476190477 0.06928571428571428 0.047619047619047616
0 0.8232142857142857 0.2671428571428571 0.08357142857142857 0.04476190476190476
0 0.83 0.31285714285714283 0.09 0.054285714285714284
0 0.8464285714285714 0.35523809523809524 0.08571428571428572 0.045714285714285714
0 0.865 0.3961904761904762 0.08 0.049523809523809526
3 0.8835714285714286 0.4423809523809524 0.09857142857142857 0.04857142857142857
0 0.9017857142857143 0.5071428571428571 0.10928571428571429 0.054285714285714284
0 0.9189285714285714 0.5747619047619048 0.105 0.06952380952380953
0 0.9375 0.6333333333333333 0.10642857142857143 0.05904761904761905
0 0.9542857142857143 0.7038095238095238 0.09142857142857143 0.07047619047619047
3 0.9578571428571429 0.78 0.08428571428571428 0.06285714285714286
3 0.9782142857142857 0.8604761904761905 0.04357142857142857 0.04476190476190476
3 0.7535714285714286 0.045714285714285714 0.06714285714285714 0.047619047619047616
3 0.7432142857142857 0.01619047619047619 0.062142857142857146 0.03238095238095238
