0 0.21857142857142858 0.08619047619047619 0.03571428571428571 0.06380952380952382
1 0.1682142857142857 0.09380952380952381 0.05357142857142857 0.08857142857142856
3 0.32035714285714284 0.016666666666666666 0.04357142857142857 0.03333333333333333
0 0.15464285714285714 0.2957142857142857 0.07785714285714286 0.07904761904761905
0 0.2542857142857143 0.35285714285714287 0.07714285714285714 0.07333333333333333
1 0.09178571428571429 0.4633333333333333 0.18357142857142858 0.20476190476190476
1 0.05607142857142857 0.37238095238095237 0.11214285714285714 0.11047619047619048
0 0.3539285714285714 0.3171428571428571 0.07785714285714286 0.06476190476190476
0 0.4139285714285714 0.24285714285714285 0.065 0.06666666666666667
0 0.35464285714285715 0.1823809523809524 0.06785714285714285 0.054285714285714284
3 0.29285714285714287 0.24761904761904763 0.07714285714285714 0.07809523809523809
3 0.4967857142857143 0.26 0.056428571428571425 0.07238095238095238
0 0.3457142857142857 0.06666666666666667 0.06 0.047619047619047616
3 0.3657142857142857 0.03333333333333333 0.047142857142857146 0.047619047619047616
3 0.5603571428571429 0.07380952380952381 0.05928571428571429 0.06380952380952382
1 0.8675 0.2261904761904762 0.07357142857142857 0.08666666666666667
0 0.8614285714285714 0.6685714285714286 0.09142857142857143 0.11238095238095239
1 0.835 0.9276190476190476 0.08428571428571428 0.14476190476190476
