0 0.08035714285714286 0.22238095238095237 0.11642857142857142 0.07333333333333333
3 0.23892857142857143 0.2042857142857143 0.062142857142857146 0.12476190476190477
3 0.8128571428571428 0.8404761904761905 0.08428571428571428 0.19333333333333333
0 0.5660714285714286 0.9428571428571428 0.16642857142857143 0.11428571428571428
0 0.43857142857142856 0.5814285714285714 0.07 0.17238095238095238
0 0.7764285714285715 0.38476190476190475 0.06714285714285714 0.14857142857142858
0 0.3271428571428571 0.2995238095238095 0.09285714285714286 0.11142857142857143
3 0.2032142857142857 0.3461904761904762 0.06928571428571428 0.13047619047619047
0 0.3407142857142857 0.22 0.09714285714285714 0.11619047619047619
0 0.36428571428571427 0.1442857142857143 0.10571428571428572 0.09047619047619047
0 0.4857142857142857 0.23333333333333334 0.055714285714285716 0.11428571428571428
0 0.5971428571428572 0.039523809523809524 0.09 0.07333333333333333
0 0.3842857142857143 0.03142857142857143 0.08714285714285715 0.06095238095238095
