3 0.33820459290187893 0.39239332096474955 0.033402922755741124 0.04638218923933209
0 0.4772964509394572 0.8487940630797773 0.06732776617954071 0.07421150278293136
3 0.6205636743215032 0.6739332096474954 0.03444676409185804 0.07699443413729128
3 0.6375260960334029 0.37708719851576994 0.04018789144050104 0.041743970315398886
1 0.6495302713987474 0.4452690166975881 0.05688935281837161 0.05194805194805195
3 0.6771920668058455 0.27133580705009275 0.0255741127348643 0.02504638218923933
1 0.8815240083507306 0.5616883116883117 0.022964509394572025 0.06957328385899815
3 0.9271920668058455 0.4707792207792208 0.02139874739039666 0.04730983302411874
0 0.7032881002087683 0.2782931354359926 0.014091858037578288 0.027829313543599257
3 0.7870563674321504 0.24257884972170687 0.025052192066805846 0.02504638218923933
1 0.8969206680584552 0.18460111317254174 0.030793319415448852 0.05009276437847866
