0 0.36775 0.654 0.1585 0.14
0 0.20675 0.593 0.1675 0.146
0 0.083 0.5586666666666666 0.158 0.108
3 0.0625 0.48966666666666664 0.125 0.12466666666666666
0 0.2315 0.42933333333333334 0.129 0.088
0 0.3735 0.387 0.123 0.066
3 0.4945 0.3526666666666667 0.116 0.07066666666666667
0 0.5315 0.32366666666666666 0.095 0.06066666666666667
0 0.6015 0.2926666666666667 0.1 0.056
0 0.7185 0.2803333333333333 0.078 0.062
0 0.6915 0.25366666666666665 0.081 0.056666666666666664
0 0.756 0.22233333333333333 0.082 0.054
0 0.69525 0.194 0.0625 0.05333333333333334
0 0.874 0.17666666666666667 0.054 0.04533333333333334
0 0.9385 0.18833333333333332 0.048 0.04733333333333333
3 0.917 0.14 0.046 0.064
3 0.849 0.12066666666666667 0.048 0.044
3 0.838 0.09766666666666667 0.03 0.04733333333333333
3 0.79425 0.08333333333333333 0.0405 0.04
0 0.81975 0.059 0.0285 0.03
3 0.84875 0.06233333333333333 0.0335 0.043333333333333335
0 0.874 0.078 0.025 0.029333333333333333
3 0.9075 0.07833333333333334 0.026 0.04066666666666666
0 0.9355 0.07433333333333333 0.05 0.03
0 0.97375 0.08033333333333334 0.0515 0.034
3 0.989 0.07066666666666667 0.022 0.032
1 0.82925 0.041 0.0695 0.046
1 0.7625 0.021666666666666667 0.046 0.043333333333333335
