3 0.3846428571428571 0.9346446700507615 0.04357142857142857 0.11294416243654823
3 0.37142857142857144 0.7506345177664975 0.04285714285714286 0.0850253807106599
2 0.17964285714285713 0.3210659898477157 0.09214285714285714 0.07106598984771574
2 0.32107142857142856 0.29949238578680204 0.08357142857142857 0.06598984771573604
2 0.46535714285714286 0.26903553299492383 0.10928571428571429 0.08375634517766498
2 0.5878571428571429 0.25761421319796957 0.07714285714285714 0.06345177664974619
0 0.6132142857142857 0.03426395939086294 0.007857142857142858 0.012690355329949238
3 0.6196428571428572 0.04060913705583756 0.007857142857142858 0.012690355329949238
0 0.6239285714285714 0.03426395939086294 0.007857142857142858 0.01015228426395939
0 0.6439285714285714 0.03553299492385787 0.007857142857142858 0.012690355329949238
0 0.6732142857142858 0.03934010152284264 0.0064285714285714285 0.012690355329949238
3 0.9864285714285714 0.21954314720812182 0.027142857142857142 0.03807106598984772
3 0.9467857142857142 0.21954314720812182 0.04642857142857143 0.03553299492385787
3 0.9010714285714285 0.22588832487309646 0.03785714285714286 0.03299492385786802
3 0.9460714285714286 0.3902284263959391 0.06357142857142857 0.08756345177664974
3 0.9871428571428571 0.43210659898477155 0.025714285714285714 0.06472081218274112
3 0.9107142857142857 0.4137055837563452 0.05142857142857143 0.09390862944162437
3 0.88 0.4213197969543147 0.05 0.09644670050761421
0 0.8457142857142858 0.42956852791878175 0.027142857142857142 0.05710659898477157
0 0.9796428571428571 0.5786802030456852 0.04071428571428572 0.09137055837563451
0 0.9896428571428572 0.6408629441624365 0.020714285714285713 0.0583756345177665
0 0.5796428571428571 0.43718274111675126 0.017857142857142856 0.04187817258883249
0 0.565 0.3286802030456853 0.02 0.030456852791878174
3 0.8114285714285714 0.2315989847715736 0.045714285714285714 0.03934010152284264
3 0.8553571428571428 0.2265228426395939 0.04071428571428572 0.03680203045685279
