0 0.07464285714285715 0.0380952380952381 0.023571428571428573 0.017142857142857144
0 0.0575 0.06428571428571428 0.017857142857142856 0.014285714285714285
0 0.08214285714285714 0.06476190476190476 0.017142857142857144 0.017142857142857144
0 0.11107142857142857 0.06571428571428571 0.020714285714285713 0.017142857142857144
0 0.2292857142857143 0.14857142857142858 0.018571428571428572 0.015238095238095238
0 0.23142857142857143 0.16238095238095238 0.017142857142857144 0.012380952380952381
0 0.22142857142857142 0.17523809523809525 0.024285714285714285 0.013333333333333334
0 0.21321428571428572 0.18857142857142858 0.023571428571428573 0.015238095238095238
0 0.19892857142857143 0.21714285714285714 0.02214285714285714 0.013333333333333334
0 0.18678571428571428 0.2342857142857143 0.025 0.013333333333333334
0 0.17821428571428571 0.24619047619047618 0.023571428571428573 0.012380952380952381
0 0.16535714285714287 0.2604761904761905 0.02214285714285714 0.01619047619047619
0 0.16357142857142856 0.27476190476190476 0.024285714285714285 0.02
0 0.5253571428571429 0.04428571428571428 0.0064285714285714285 0.02
0 0.5346428571428572 0.04476190476190476 0.007857142857142858 0.02095238095238095
0 0.5642857142857143 0.047619047619047616 0.008571428571428572 0.022857142857142857
0 0.5742857142857143 0.049523809523809526 0.007142857142857143 0.01904761904761905
0 0.5460714285714285 0.04619047619047619 0.007857142857142858 0.021904761904761906
0 0.8178571428571428 0.9271428571428572 0.018571428571428572 0.04666666666666667
0 0.8664285714285714 0.8952380952380953 0.018571428571428572 0.0380952380952381
0 0.875 0.9538095238095238 0.02 0.05047619047619047
0 0.9432142857142857 0.8528571428571429 0.03214285714285714 0.02
1 0.8639285714285714 0.8433333333333334 0.03214285714285714 0.058095238095238096
0 0.8510714285714286 0.79 0.019285714285714285 0.040952380952380955
0 0.8428571428571429 0.7423809523809524 0.017142857142857144 0.039047619047619046
0 0.8367857142857142 0.6985714285714286 0.017857142857142856 0.037142857142857144
0 0.83 0.6528571428571428 0.017142857142857144 0.035238095238095235
1 0.8257142857142857 0.6090476190476191 0.017142857142857144 0.03333333333333333
0 0.8107142857142857 0.5342857142857143 0.014285714285714285 0.03428571428571429
0 0.8753571428571428 0.5319047619047619 0.013571428571428571 0.03333333333333333
0 0.89 0.5323809523809524 0.012857142857142857 0.030476190476190476
0 0.9032142857142857 0.530952380952381 0.017857142857142856 0.02761904761904762
0 0.8628571428571429 0.49857142857142855 0.02 0.01619047619047619
0 0.8635714285714285 0.4757142857142857 0.014285714285714285 0.03142857142857143
0 0.8757142857142857 0.47523809523809524 0.018571428571428572 0.03238095238095238
0 0.8885714285714286 0.4780952380952381 0.015714285714285715 0.030476190476190476
3 0.8914285714285715 0.36523809523809525 0.012857142857142857 0.021904761904761906
0 0.9060714285714285 0.3080952380952381 0.015 0.029523809523809525
0 0.9185714285714286 0.3076190476190476 0.014285714285714285 0.02666666666666667
0 0.93 0.310952380952381 0.015714285714285715 0.029523809523809525
0 0.9442857142857143 0.3119047619047619 0.015714285714285715 0.029523809523809525
0 0.9571428571428572 0.31142857142857144 0.015714285714285715 0.02666666666666667
0 0.9757142857142858 0.3566666666666667 0.017142857142857144 0.025714285714285714
0 0.9542857142857143 0.7619047619047619 0.027142857142857142 0.02666666666666667
0 0.9910714285714286 0.8861904761904762 0.017857142857142856 0.04476190476190476
0 0.7307142857142858 0.07285714285714286 0.011428571428571429 0.021904761904761906
0 0.8596428571428572 0.1 0.012142857142857143 0.022857142857142857
0 0.8821428571428571 0.09619047619047619 0.012857142857142857 0.022857142857142857
0 0.925 0.1 0.015714285714285715 0.024761904761904763
