0 0.6885714285714286 0.97 0.047142857142857146 0.06
0 0.32571428571428573 0.05761904761904762 0.012857142857142857 0.02
0 0.34035714285714286 0.16857142857142857 0.015 0.030476190476190476
3 0.26785714285714285 0.4604761904761905 0.024285714285714285 0.05238095238095238
0 0.4042857142857143 0.6580952380952381 0.03142857142857143 0.06666666666666667
0 0.38785714285714284 0.560952380952381 0.024285714285714285 0.07238095238095238
0 0.38142857142857145 0.48 0.025714285714285714 0.05142857142857143
0 0.4228571428571429 0.06476190476190476 0.012857142857142857 0.01904761904761905
0 0.4975 0.10285714285714286 0.015 0.022857142857142857
0 0.48392857142857143 0.06904761904761905 0.015 0.02
0 0.4757142857142857 0.05238095238095238 0.014285714285714285 0.017142857142857144
3 0.5517857142857143 0.22095238095238096 0.020714285714285713 0.03238095238095238
0 0.8425 0.8723809523809524 0.06357142857142857 0.10857142857142857
