0 0.4812108559498956 0.9615027829313544 0.037578288100208766 0.075139146567718
0 0.5866388308977035 0.6029684601113172 0.020876826722338204 0.04452690166975881
0 0.6631002087682673 0.5204081632653061 0.03496868475991649 0.03153988868274583
0 0.4660751565762004 0.4448051948051948 0.016701461377870562 0.039888682745825604
0 0.10046972860125261 0.32142857142857145 0.02139874739039666 0.017625231910946195
0 0.4519832985386221 0.36595547309833026 0.013569937369519834 0.0287569573283859
0 0.39326722338204595 0.29081632653061223 0.010960334029227558 0.0287569573283859
0 0.44780793319415446 0.26762523191094617 0.011482254697286013 0.023191094619666047
0 0.4725991649269311 0.2815398886827458 0.013048016701461378 0.023191094619666047
0 0.3995302713987474 0.1859925788497217 0.008872651356993737 0.017625231910946195
0 0.39326722338204595 0.13868274582560297 0.008872651356993737 0.013914656771799629
0 0.40605427974947805 0.11966604823747681 0.008350730688935281 0.012987012987012988
0 0.42745302713987476 0.14517625231910947 0.007306889352818371 0.013914656771799629
0 0.4394572025052192 0.1442486085343228 0.009394572025052192 0.013914656771799629
0 0.43502087682672236 0.10714285714285714 0.006784968684759917 0.015769944341372914
0 0.4204070981210856 0.07096474953617811 0.006784968684759917 0.01020408163265306
3 0.3958768267223382 0.05612244897959184 0.006784968684759917 0.013914656771799629
2 0.37839248434237993 0.07096474953617811 0.010438413361169102 0.026901669758812616
0 0.42745302713987476 0.04916512059369202 0.006263048016701462 0.011131725417439703
0 0.42171189979123175 0.03525046382189239 0.006263048016701462 0.00927643784786642
0 0.42275574112734865 0.02365491651205937 0.006263048016701462 0.008348794063079777
3 0.41597077244258873 0.015769944341372914 0.005219206680584551 0.012987012987012988
3 0.4809498956158664 0.11873840445269017 0.005741127348643006 0.016697588126159554
3 0.600991649269311 0.42346938775510207 0.0255741127348643 0.0287569573283859
3 0.5704592901878914 0.34183673469387754 0.024008350730688934 0.02504638218923933
3 0.5373173277661796 0.21846011131725418 0.01722338204592902 0.017625231910946195
3 0.5863778705636743 0.3715213358070501 0.030793319415448852 0.0287569573283859
3 0.7030271398747391 0.6252319109461967 0.03549060542797495 0.03525046382189239
3 0.534446764091858 0.23794063079777367 0.017745302713987474 0.017625231910946195
3 0.49295407098121086 0.11131725417439703 0.013048016701461378 0.016697588126159554
0 0.6082985386221295 0.4536178107606679 0.02870563674321503 0.02411873840445269
0 0.5247912317327766 0.300556586270872 0.012004175365344467 0.025974025974025976
0 0.56758872651357 0.3232838589981447 0.0255741127348643 0.01948051948051948
0 0.541231732776618 0.25742115027829315 0.024008350730688934 0.015769944341372914
0 0.5302713987473904 0.21196660482374768 0.018789144050104383 0.017625231910946195
0 0.5039144050104384 0.19944341372912802 0.009916492693110648 0.016697588126159554
0 0.5180062630480167 0.17346938775510204 0.01826722338204593 0.014842300556586271
0 0.517223382045929 0.18042671614100186 0.017745302713987474 0.013914656771799629
0 0.532098121085595 0.15862708719851576 0.01722338204592902 0.014842300556586271
0 0.5106993736951984 0.15862708719851576 0.01722338204592902 0.014842300556586271
0 0.46555323590814196 0.050556586270871985 0.005219206680584551 0.01020408163265306
0 0.4618997912317328 0.03896103896103896 0.006263048016701462 0.00927643784786642
0 0.45772442588726514 0.026437847866419294 0.006263048016701462 0.008348794063079777
0 0.4561586638830898 0.022263450834879406 0.006263048016701462 0.0074211502782931356
0 0.456419624217119 0.017625231910946195 0.004697286012526096 0.00927643784786642
0 0.6150835073068893 0.5890538033395176 0.005741127348643006 0.02411873840445269
0 0.07332985386221294 0.323747680890538 0.01826722338204593 0.01855287569573284
0 0.027661795407098122 0.3209647495361781 0.022964509394572025 0.012987012987012988
0 0.10829853862212943 0.2662337662337662 0.02244258872651357 0.02040816326530612
0 0.12004175365344467 0.25139146567717996 0.027139874739039668 0.014842300556586271
0 0.44806889352818374 0.022727272727272728 0.004697286012526096 0.008348794063079777
2 0.4859081419624217 0.3877551020408163 0.029227557411273485 0.07606679035250463
