0 0.205 0.27714285714285714 0.025714285714285714 0.02666666666666667
0 0.1875 0.3061904761904762 0.029285714285714286 0.023809523809523808
0 0.1792857142857143 0.32666666666666666 0.032857142857142856 0.022857142857142857
3 0.15964285714285714 0.3619047619047619 0.03357142857142857 0.024761904761904763
0 0.12857142857142856 0.8476190476190476 0.037142857142857144 0.03428571428571429
0 0.12321428571428572 0.8952380952380953 0.03642857142857143 0.03238095238095238
0 0.10714285714285714 0.92 0.03571428571428571 0.03238095238095238
0 0.07321428571428572 0.8952380952380953 0.03642857142857143 0.03428571428571429
0 0.02857142857142857 0.8676190476190476 0.03571428571428571 0.030476190476190476
0 0.052142857142857144 0.9157142857142857 0.03428571428571429 0.035238095238095235
0 0.4228571428571429 0.5385714285714286 0.022857142857142857 0.035238095238095235
