0 0.2925 0.9828571428571429 0.03642857142857143 0.03428571428571429
0 0.25357142857142856 0.97 0.07 0.06
0 0.3325 0.9280952380952381 0.05928571428571429 0.08666666666666667
0 0.3053571428571429 0.9023809523809524 0.06642857142857143 0.09619047619047619
0 0.28 0.8738095238095238 0.06285714285714286 0.0980952380952381
0 0.2575 0.8357142857142857 0.05928571428571429 0.08666666666666667
0 0.22964285714285715 0.8071428571428572 0.06785714285714285 0.08476190476190476
0 0.2125 0.780952380952381 0.062142857142857146 0.07428571428571429
0 0.18821428571428572 0.7557142857142857 0.06785714285714285 0.08285714285714285
0 0.1657142857142857 0.7309523809523809 0.06142857142857143 0.07523809523809524
0 0.14642857142857144 0.7028571428571428 0.06142857142857143 0.0761904761904762
0 0.12214285714285714 0.6804761904761905 0.06428571428571428 0.08095238095238096
0 0.10178571428571428 0.6580952380952381 0.07214285714285715 0.08
0 0.22285714285714286 0.9566666666666667 0.055714285714285716 0.08285714285714285
0 0.2057142857142857 0.9195238095238095 0.06857142857142857 0.09238095238095238
0 0.17785714285714285 0.8947619047619048 0.07285714285714286 0.09619047619047619
0 0.15428571428571428 0.8561904761904762 0.06428571428571428 0.08571428571428572
0 0.12857142857142856 0.8342857142857143 0.06285714285714286 0.08190476190476191
0 0.1075 0.8042857142857143 0.06357142857142857 0.08476190476190476
0 0.08214285714285714 0.7761904761904762 0.06571428571428571 0.0761904761904762
0 0.05785714285714286 0.7561904761904762 0.06714285714285714 0.07809523809523809
0 0.028214285714285713 0.7214285714285714 0.056428571428571425 0.08476190476190476
0 0.2892857142857143 0.5261904761904762 0.07142857142857142 0.07714285714285714
0 0.40964285714285714 0.7309523809523809 0.095 0.11523809523809524
0 0.37357142857142855 0.7976190476190477 0.07285714285714286 0.09238095238095238
1 0.9310714285714285 0.8371428571428572 0.13785714285714284 0.15619047619047619
0 0.8510714285714286 0.7052380952380952 0.030714285714285715 0.07714285714285714
0 0.8842857142857142 0.7119047619047619 0.03428571428571429 0.07333333333333333
1 0.11785714285714285 0.2138095238095238 0.045714285714285714 0.05238095238095238
3 0.1425 0.18476190476190477 0.03357142857142857 0.0419047619047619
1 0.20285714285714285 0.19285714285714287 0.07857142857142857 0.08476190476190476
0 0.07285714285714286 0.17285714285714285 0.04 0.039047619047619046
0 0.12785714285714286 0.051904761904761905 0.041428571428571426 0.025714285714285714
0 0.39714285714285713 0.3119047619047619 0.03571428571428571 0.05238095238095238
0 0.4257142857142857 0.32285714285714284 0.03 0.05142857142857143
0 0.44821428571428573 0.3485714285714286 0.03785714285714286 0.05142857142857143
0 0.5235714285714286 0.4033333333333333 0.037142857142857144 0.054285714285714284
0 0.5989285714285715 0.4633333333333333 0.025 0.06
