0 0.3794363256784969 0.300556586270872 0.026096033402922755 0.04081632653061224
0 0.39744258872651356 0.2662337662337662 0.02348643006263048 0.04267161410018553
0 0.07828810020876827 0.6317254174397031 0.0511482254697286 0.05009276437847866
0 0.24843423799582465 0.7263450834879406 0.04175365344467641 0.08163265306122448
0 0.28470772442588727 0.6479591836734694 0.03496868475991649 0.05473098330241188
0 0.3739561586638831 0.7184601113172542 0.03914405010438413 0.07884972170686456
0 0.40005219206680587 0.7411873840445269 0.04018789144050104 0.08348794063079777
0 0.5156576200417536 0.8102968460111317 0.03549060542797495 0.09183673469387756
0 0.6761482254697286 0.8803339517625232 0.03288100208768267 0.11317254174397032
0 0.7126826722338204 0.9035250463821892 0.03392484342379958 0.10946196660482375
0 0.7494780793319415 0.9276437847866419 0.032359081419624215 0.10575139146567718
0 0.8640396659707724 0.9703153988868275 0.03496868475991649 0.0575139146567718
0 0.9016179540709812 0.985621521335807 0.03288100208768267 0.026901669758812616
1 0.42745302713987476 0.5166975881261595 0.027139874739039668 0.061224489795918366
0 0.46216075156576203 0.5204081632653061 0.029749478079331943 0.06679035250463822
1 0.5446242171189979 0.5403525046382189 0.037056367432150315 0.06586270871985157
0 0.5866388308977035 0.6043599257884972 0.028183716075156576 0.06957328385899815
0 0.7061586638830898 0.640074211502783 0.026096033402922755 0.07792207792207792
0 0.7382567849686847 0.6470315398886828 0.0255741127348643 0.07884972170686456
0 0.7967118997912317 0.6702226345083488 0.02661795407098121 0.08070500927643785
0 0.9026617954070981 0.7170686456400742 0.030793319415448852 0.08719851576994433
