0 0.41925 0.7276666666666667 0.0405 0.11666666666666667
0 0.48425 0.7133333333333334 0.0345 0.11066666666666666
0 0.1715 0.9463333333333334 0.057 0.10733333333333334
0 0.33 0.919 0.06 0.15666666666666668
0 0.59475 0.9596666666666667 0.0535 0.08066666666666666
0 0.8525 0.952 0.066 0.096
3 0.81 0.788 0.077 0.13866666666666666
0 0.6545 0.6306666666666667 0.05 0.09066666666666667
0 0.59375 0.5493333333333333 0.0485 0.08666666666666667
0 0.43675 0.471 0.0335 0.082
0 0.22475 0.6596666666666666 0.0515 0.10333333333333333
3 0.2365 0.5393333333333333 0.053 0.104
0 0.74325 0.5433333333333333 0.0475 0.08133333333333333
0 0.7195 0.4603333333333333 0.044 0.07533333333333334
0 0.3 0.46366666666666667 0.036 0.059333333333333335
0 0.481 0.37966666666666665 0.026 0.07133333333333333
0 0.286 0.3576666666666667 0.031 0.06333333333333334
0 0.3035 0.275 0.034 0.05533333333333333
0 0.6955 0.36966666666666664 0.036 0.058
0 0.681 0.309 0.033 0.04733333333333333
0 0.528 0.31466666666666665 0.027 0.056
0 0.59125 0.2806666666666667 0.0265 0.04666666666666667
0 0.65875 0.22566666666666665 0.0285 0.03666666666666667
0 0.549 0.18033333333333335 0.024 0.038
2 0.642 0.09966666666666667 0.042 0.08733333333333333
0 0.3375 0.14933333333333335 0.024 0.037333333333333336
0 0.3555 0.095 0.021 0.034
0 0.4505 0.060333333333333336 0.019 0.03133333333333333
3 0.53525 0.05733333333333333 0.0185 0.037333333333333336
0 0.47725 0.025666666666666667 0.0165 0.03266666666666666
3 0.3675 0.06633333333333333 0.02 0.04066666666666666
0 0.376 0.043 0.019 0.027333333333333334
0 0.38825 0.010666666666666666 0.0175 0.021333333333333333
3 0.6155 0.015 0.02 0.03
