0 0.31214285714285717 0.9328571428571428 0.16285714285714287 0.11523809523809524
0 0.285 0.8395238095238096 0.15285714285714286 0.12476190476190477
0 0.2975 0.7209523809523809 0.14214285714285715 0.11238095238095239
0 0.22357142857142856 0.08190476190476191 0.11571428571428571 0.06476190476190476
0 0.20892857142857144 0.03380952380952381 0.11642857142857142 0.06761904761904762
0 0.5710714285714286 0.4676190476190476 0.12785714285714286 0.09904761904761905
0 0.5575 0.37857142857142856 0.12357142857142857 0.09619047619047619
0 0.5335714285714286 0.30142857142857143 0.11857142857142858 0.08857142857142856
3 0.49 0.1295238095238095 0.1 0.08952380952380952
0 0.4878571428571429 0.06952380952380953 0.10857142857142857 0.07809523809523809
3 0.4607142857142857 0.027142857142857142 0.12 0.054285714285714284
0 0.6660714285714285 0.7080952380952381 0.14214285714285715 0.10571428571428572
