0 0.5828571428571429 0.7695238095238095 0.02857142857142857 0.09333333333333334
0 0.6414285714285715 0.809047619047619 0.02857142857142857 0.07714285714285714
0 0.45 0.8504761904761905 0.037142857142857144 0.09714285714285714
0 0.5978571428571429 0.5795238095238096 0.022857142857142857 0.06380952380952382
0 0.5767857142857142 0.4033333333333333 0.019285714285714285 0.040952380952380955
0 0.6917857142857143 0.4742857142857143 0.05071428571428571 0.030476190476190476
0 0.8767857142857143 0.4080952380952381 0.05071428571428571 0.037142857142857144
0 0.5214285714285715 0.9423809523809524 0.03857142857142857 0.11523809523809524
0 0.465 0.7666666666666667 0.032857142857142856 0.07428571428571429
0 0.48642857142857143 0.6252380952380953 0.024285714285714285 0.06761904761904762
0 0.5010714285714286 0.5280952380952381 0.02642857142857143 0.054285714285714284
0 0.5121428571428571 0.4423809523809524 0.02142857142857143 0.04857142857142857
0 0.5239285714285714 0.37952380952380954 0.020714285714285713 0.04476190476190476
0 0.5296428571428572 0.33714285714285713 0.017857142857142856 0.0380952380952381
0 0.5017857142857143 0.2704761904761905 0.019285714285714285 0.03619047619047619
0 0.5407142857142857 0.27095238095238094 0.018571428571428572 0.037142857142857144
0 0.5435714285714286 0.24142857142857144 0.015714285714285715 0.025714285714285714
0 0.5478571428571428 0.21428571428571427 0.015714285714285715 0.030476190476190476
0 0.5521428571428572 0.18571428571428572 0.014285714285714285 0.02666666666666667
0 0.5571428571428572 0.1619047619047619 0.012857142857142857 0.024761904761904763
0 0.5585714285714286 0.1442857142857143 0.012857142857142857 0.02
0 0.5625 0.13 0.013571428571428571 0.023809523809523808
0 0.5653571428571429 0.10809523809523809 0.012142857142857143 0.023809523809523808
0 0.5735714285714286 0.06428571428571428 0.011428571428571429 0.018095238095238095
0 0.5475 0.03190476190476191 0.010714285714285714 0.02
0 0.5596428571428571 0.006666666666666667 0.015 0.013333333333333334
0 0.5775 0.029523809523809525 0.009285714285714286 0.015238095238095238
0 0.5760714285714286 0.04238095238095238 0.009285714285714286 0.014285714285714285
0 0.5735714285714286 0.05333333333333334 0.01 0.015238095238095238
0 0.5710714285714286 0.08190476190476191 0.012142857142857143 0.01904761904761905
0 0.5810714285714286 0.006666666666666667 0.010714285714285714 0.013333333333333334
1 0.5332142857142858 0.014761904761904763 0.005 0.010476190476190476
0 0.6417857142857143 0.7080952380952381 0.025 0.06
0 0.64 0.63 0.025714285714285714 0.06571428571428571
0 0.7089285714285715 0.5495238095238095 0.055 0.03428571428571429
0 0.6414285714285715 0.43523809523809526 0.02142857142857143 0.047619047619047616
0 0.6685714285714286 0.43952380952380954 0.02 0.040952380952380955
1 0.6996428571428571 0.4342857142857143 0.023571428571428573 0.05904761904761905
2 0.7271428571428571 0.43666666666666665 0.02142857142857143 0.054285714285714284
0 0.6060714285714286 0.2509523809523809 0.016428571428571428 0.03142857142857143
0 0.6410714285714286 0.31666666666666665 0.017857142857142856 0.03142857142857143
0 0.6417857142857143 0.28809523809523807 0.017857142857142856 0.029523809523809525
0 0.6407142857142857 0.21476190476190476 0.014285714285714285 0.023809523809523808
0 0.6407142857142857 0.1919047619047619 0.014285714285714285 0.023809523809523808
0 0.6403571428571428 0.14476190476190476 0.012142857142857143 0.01904761904761905
0 0.6407142857142857 0.1219047619047619 0.012857142857142857 0.01904761904761905
0 0.64 0.1019047619047619 0.011428571428571429 0.017142857142857144
0 0.6396428571428572 0.08476190476190476 0.010714285714285714 0.01904761904761905
0 0.6396428571428572 0.06952380952380953 0.009285714285714286 0.013333333333333334
0 0.64 0.05333333333333334 0.011428571428571429 0.015238095238095238
0 0.6717857142857143 0.039523809523809524 0.009285714285714286 0.01619047619047619
0 0.6417857142857143 0.015714285714285715 0.009285714285714286 0.010476190476190476
0 0.6421428571428571 0.004761904761904762 0.01 0.009523809523809525
0 0.6160714285714286 0.002380952380952381 0.009285714285714286 0.004761904761904762
0 0.6667857142857143 0.004761904761904762 0.010714285714285714 0.009523809523809525
0 0.7292857142857143 0.3638095238095238 0.047142857142857146 0.02666666666666667
0 0.7521428571428571 0.44666666666666666 0.024285714285714285 0.047619047619047616
0 0.7757142857142857 0.4033333333333333 0.05 0.029523809523809525
0 0.9142857142857143 0.39380952380952383 0.045714285714285714 0.02761904761904762
0 0.9357142857142857 0.38047619047619047 0.05 0.02761904761904762
0 0.9782142857142857 0.4266666666666667 0.03214285714285714 0.0380952380952381
