1 0.6185714285714285 0.8851522842639594 0.06428571428571428 0.22208121827411167
3 0.5525 0.940989847715736 0.03785714285714286 0.11548223350253807
0 0.6403571428571428 0.618020304568528 0.035 0.09898477157360407
0 0.5617857142857143 0.3350253807106599 0.025 0.07106598984771574
3 0.39785714285714285 0.25888324873096447 0.022857142857142857 0.06598984771573604
0 0.4660714285714286 0.16307106598984772 0.019285714285714285 0.046954314720812185
1 0.4325 0.10279187817258884 0.02642857142857143 0.08121827411167512
0 0.9882142857142857 0.7404822335025381 0.023571428571428573 0.09517766497461928
0 0.8953571428571429 0.34390862944162437 0.030714285714285715 0.0583756345177665
0 0.9314285714285714 0.3052030456852792 0.041428571428571426 0.046954314720812185
0 0.8910714285714286 0.28426395939086296 0.04214285714285714 0.048223350253807105
0 0.7885714285714286 0.21637055837563451 0.022857142857142857 0.044416243654822336
0 0.7957142857142857 0.07106598984771574 0.015714285714285715 0.03807106598984772
0 0.7832142857142858 0.04060913705583756 0.017857142857142856 0.03553299492385787
2 0.7432142857142857 0.1383248730964467 0.029285714285714286 0.07106598984771574
0 0.7175 0.053934010152284266 0.019285714285714285 0.03426395939086294
