0 0.3028571428571429 0.5142857142857142 0.054285714285714284 0.14285714285714285
0 0.4925 0.49952380952380954 0.04071428571428572 0.12476190476190477
0 0.39357142857142857 0.1457142857142857 0.03857142857142857 0.10095238095238095
0 0.33464285714285713 0.1419047619047619 0.04214285714285714 0.09714285714285714
3 0.4367857142857143 0.07285714285714286 0.03214285714285714 0.08095238095238096
0 0.4875 0.062380952380952384 0.04214285714285714 0.09047619047619047
0 0.595 0.049523809523809526 0.07285714285714286 0.07809523809523809
0 0.7775 0.06285714285714286 0.07357142857142857 0.08952380952380952
3 0.7546428571428572 0.10095238095238095 0.08214285714285714 0.11238095238095239
0 0.4942857142857143 0.33666666666666667 0.04285714285714286 0.11142857142857143
0 0.5914285714285714 0.47714285714285715 0.045714285714285714 0.12
0 0.5707142857142857 0.27 0.06714285714285714 0.11523809523809524
