0 0.08642857142857142 0.20523809523809525 0.07714285714285714 0.035238095238095235
0 0.1 0.23809523809523808 0.07142857142857142 0.03619047619047619
0 0.18678571428571428 0.19666666666666666 0.06642857142857143 0.035238095238095235
0 0.18107142857142858 0.23238095238095238 0.07214285714285715 0.045714285714285714
0 0.2814285714285714 0.2138095238095238 0.06857142857142857 0.04285714285714286
0 0.3603571428571429 0.20142857142857143 0.07071428571428572 0.040952380952380955
0 0.21071428571428572 0.29 0.03428571428571429 0.06571428571428571
0 0.2532142857142857 0.29285714285714287 0.03357142857142857 0.06190476190476191
0 0.29928571428571427 0.27904761904761904 0.041428571428571426 0.05333333333333334
0 0.3407142857142857 0.2804761904761905 0.04 0.06190476190476191
0 0.38 0.27285714285714285 0.041428571428571426 0.06
0 0.4207142857142857 0.25857142857142856 0.03857142857142857 0.05047619047619047
0 0.45714285714285713 0.2519047619047619 0.041428571428571426 0.04857142857142857
0 0.49214285714285716 0.24333333333333335 0.04 0.04857142857142857
0 0.44107142857142856 0.19142857142857142 0.047857142857142855 0.0419047619047619
0 0.3992857142857143 0.14714285714285713 0.03428571428571429 0.03333333333333333
0 0.4903571428571429 0.18523809523809523 0.04928571428571429 0.03142857142857143
0 0.4607142857142857 0.14952380952380953 0.054285714285714284 0.04
0 0.5292857142857142 0.24095238095238095 0.04428571428571428 0.05333333333333334
0 0.5617857142857143 0.23952380952380953 0.03785714285714286 0.04666666666666667
0 0.42 0.11095238095238096 0.05142857142857143 0.029523809523809525
0 0.41714285714285715 0.09523809523809523 0.04285714285714286 0.01904761904761905
0 0.4025 0.08476190476190476 0.03785714285714286 0.015238095238095238
0 0.40035714285714286 0.07523809523809524 0.045 0.02095238095238095
0 0.39357142857142857 0.06142857142857143 0.04 0.021904761904761906
0 0.3842857142857143 0.047619047619047616 0.032857142857142856 0.015238095238095238
0 0.3807142857142857 0.039047619047619046 0.024285714285714285 0.01904761904761905
0 0.48678571428571427 0.1061904761904762 0.029285714285714286 0.03142857142857143
0 0.4664285714285714 0.08142857142857143 0.018571428571428572 0.02761904761904762
0 0.4525 0.06380952380952382 0.020714285714285713 0.02857142857142857
0 0.4382142857142857 0.04857142857142857 0.019285714285714285 0.02666666666666667
0 0.425 0.03142857142857143 0.011428571428571429 0.017142857142857144
0 0.415 0.014285714285714285 0.02 0.02666666666666667
3 0.06928571428571428 0.5976190476190476 0.11 0.10761904761904761
0 0.2225 0.560952380952381 0.11357142857142857 0.09333333333333334
3 0.40214285714285714 0.5085714285714286 0.12571428571428572 0.10095238095238095
0 0.5885714285714285 0.45285714285714285 0.07142857142857142 0.06952380952380953
0 0.6625 0.7638095238095238 0.13214285714285715 0.12
0 0.4685714285714286 0.9547619047619048 0.18 0.09047619047619047
0 0.7146428571428571 0.8638095238095238 0.15071428571428572 0.12761904761904763
0 0.6585714285714286 0.2980952380952381 0.04857142857142857 0.06095238095238095
0 0.7560714285714286 0.17857142857142858 0.04642857142857143 0.040952380952380955
0 0.7871428571428571 0.17095238095238094 0.045714285714285714 0.039047619047619046
0 0.8167857142857143 0.14523809523809525 0.047857142857142855 0.039047619047619046
0 0.6125 0.2519047619047619 0.04928571428571429 0.05238095238095238
0 0.7764285714285715 0.058095238095238096 0.03571428571428571 0.022857142857142857
0 0.7467857142857143 0.040952380952380955 0.029285714285714286 0.024761904761904763
0 0.7078571428571429 0.024285714285714285 0.02857142857142857 0.023809523809523808
0 0.6792857142857143 0.010952380952380953 0.02142857142857143 0.018095238095238095
