0 0.2760714285714286 0.17195431472081218 0.005 0.008883248730964468
0 0.24821428571428572 0.27220812182741116 0.015 0.013959390862944163
1 0.29178571428571426 0.23413705583756345 0.007857142857142858 0.01903553299492386
1 0.2910714285714286 0.21573604060913706 0.009285714285714286 0.03299492385786802
3 0.28964285714285715 0.2569796954314721 0.009285714285714286 0.021573604060913704
3 0.3364285714285714 0.29441624365482233 0.018571428571428572 0.017766497461928935
1 0.28035714285714286 0.3001269035532995 0.009285714285714286 0.04187817258883249
3 0.3167857142857143 0.4714467005076142 0.013571428571428571 0.02918781725888325
0 0.3192857142857143 0.5920050761421319 0.017142857142857144 0.03934010152284264
0 0.29464285714285715 0.6421319796954315 0.017857142857142856 0.04314720812182741
3 0.32392857142857145 0.6421319796954315 0.019285714285714285 0.0532994923857868
3 0.6992857142857143 0.8591370558375635 0.05285714285714286 0.05583756345177665
3 0.7414285714285714 0.8096446700507615 0.04857142857142857 0.04568527918781726
0 0.6175 0.8794416243654822 0.05071428571428571 0.050761421319796954
0 0.6689285714285714 0.8286802030456852 0.045 0.04568527918781726
0 0.6064285714285714 0.8426395939086294 0.05142857142857143 0.04314720812182741
