3 0.43241127348643005 0.40166975881261596 0.0255741127348643 0.09647495361781076
0 0.4694676409185804 0.39517625231910947 0.03392484342379958 0.11873840445269017
0 0.5143528183716075 0.38311688311688313 0.02870563674321503 0.11131725417439703
0 0.5605427974947808 0.39285714285714285 0.030271398747390398 0.11595547309833024
1 0.6137787056367432 0.3780148423005566 0.04384133611691023 0.19758812615955473
0 0.6688413361169102 0.3803339517625232 0.030793319415448852 0.11688311688311688
0 0.708768267223382 0.45037105751391465 0.03444676409185804 0.11410018552875696
1 0.7518267223382046 0.43738404452690166 0.04540709812108559 0.1456400742115028
0 0.8110647181628392 0.42161410018552875 0.038622129436325675 0.11966604823747681
3 0.9026617954070981 0.400278293135436 0.043319415448851775 0.10111317254174397
0 0.7995824634655533 0.8409090909090909 0.04697286012526096 0.1567717996289425
0 0.75 0.8492578849721707 0.03966597077244259 0.15306122448979592
3 0.6967640918580376 0.8098330241187384 0.033402922755741124 0.1280148423005566
0 0.6370041753653445 0.8107606679035251 0.03914405010438413 0.15213358070500926
0 0.5427974947807933 0.8882189239332097 0.03444676409185804 0.11966604823747681
0 0.46450939457202506 0.864100185528757 0.038622129436325675 0.14935064935064934
