0 0.3364285714285714 0.883248730964467 0.022857142857142857 0.06598984771573604
2 0.3525 0.7277918781725888 0.03642857142857143 0.12563451776649745
2 0.10214285714285715 0.4010152284263959 0.07714285714285714 0.06091370558375635
1 0.017857142857142856 0.36548223350253806 0.03571428571428571 0.0583756345177665
0 0.6017857142857143 0.4333756345177665 0.04642857142857143 0.03934010152284264
0 0.5992857142857143 0.4854060913705584 0.047142857142857146 0.03934010152284264
0 0.6628571428571428 0.4993654822335025 0.04857142857142857 0.03934010152284264
0 0.7346428571428572 0.5158629441624365 0.047857142857142855 0.03934010152284264
0 0.8114285714285714 0.5266497461928934 0.04428571428571428 0.03807106598984772
2 0.9178571428571428 0.5184010152284264 0.13 0.06725888324873096
