0 0.07714285714285714 0.6733333333333333 0.054285714285714284 0.08952380952380952
0 0.05035714285714286 0.6542857142857142 0.06642857142857143 0.09714285714285714
1 0.03428571428571429 0.6052380952380952 0.06857142857142857 0.11142857142857143
0 0.016428571428571428 0.5619047619047619 0.032857142857142856 0.049523809523809526
0 0.13785714285714284 0.44904761904761903 0.06285714285714286 0.07142857142857142
0 0.16107142857142856 0.0919047619047619 0.055 0.06571428571428571
0 0.18321428571428572 0.11095238095238096 0.055 0.06761904761904762
0 0.30142857142857143 0.23095238095238096 0.05142857142857143 0.07142857142857142
0 0.32071428571428573 0.25761904761904764 0.04428571428571428 0.06
0 0.3432142857142857 0.28523809523809524 0.05071428571428571 0.07142857142857142
0 0.3675 0.31 0.05071428571428571 0.07142857142857142
0 0.3982142857142857 0.3295238095238095 0.04642857142857143 0.07047619047619047
0 0.42178571428571426 0.35285714285714287 0.047857142857142855 0.07523809523809524
0 0.505 0.4247619047619048 0.045714285714285714 0.07809523809523809
3 0.6225 0.5428571428571428 0.05357142857142857 0.07428571428571429
0 0.6582142857142858 0.570952380952381 0.05357142857142857 0.07714285714285714
0 0.645 0.66 0.05857142857142857 0.08190476190476191
0 0.7296428571428571 0.6180952380952381 0.04642857142857143 0.08761904761904762
0 0.7607142857142857 0.6442857142857142 0.05142857142857143 0.08476190476190476
0 0.7925 0.6771428571428572 0.05357142857142857 0.09142857142857143
0 0.8310714285714286 0.7042857142857143 0.04928571428571429 0.09047619047619047
0 0.8678571428571429 0.7314285714285714 0.04428571428571428 0.09333333333333334
0 0.8960714285714285 0.7595238095238095 0.04928571428571429 0.09428571428571429
3 0.9253571428571429 0.7885714285714286 0.04928571428571429 0.08571428571428572
1 0.9725 0.829047619047619 0.055 0.12285714285714286
0 0.9553571428571429 0.5976190476190476 0.045 0.07714285714285714
0 0.7125 0.40904761904761905 0.04357142857142857 0.08476190476190476
