3 0.8925 0.6271428571428571 0.1792857142857143 0.15714285714285714
0 0.22785714285714287 0.39380952380952383 0.09142857142857143 0.08666666666666667
0 0.39964285714285713 0.43523809523809526 0.10071428571428571 0.09523809523809523
3 0.4907142857142857 0.19380952380952382 0.06857142857142857 0.06952380952380953
1 0.5967857142857143 0.36333333333333334 0.14357142857142857 0.12285714285714286
0 0.4692857142857143 0.05714285714285714 0.06428571428571428 0.05523809523809524
0 0.49464285714285716 0.030476190476190476 0.056428571428571425 0.047619047619047616
1 0.04607142857142857 0.06857142857142857 0.07357142857142857 0.08
0 0.8828571428571429 0.1376190476190476 0.047142857142857146 0.07333333333333333
0 0.5389285714285714 0.012857142857142857 0.04928571428571429 0.025714285714285714
