0 0.23892857142857143 0.9685714285714285 0.052142857142857144 0.06285714285714286
0 0.49142857142857144 0.9428571428571428 0.045714285714285714 0.11428571428571428
0 0.675 0.7642857142857142 0.04428571428571428 0.1457142857142857
3 0.51 0.6285714285714286 0.04 0.1180952380952381
1 0.5728571428571428 0.4076190476190476 0.10285714285714286 0.16
0 0.7871428571428571 0.2661904761904762 0.08714285714285715 0.05238095238095238
0 0.6685714285714286 0.14809523809523809 0.037142857142857144 0.09238095238095238
0 0.4325 0.12142857142857143 0.03785714285714286 0.1
0 0.2664285714285714 0.7528571428571429 0.05285714285714286 0.14
0 0.2825 0.5985714285714285 0.05357142857142857 0.12857142857142856
3 0.4328571428571429 0.4142857142857143 0.045714285714285714 0.12571428571428572
3 0.6717857142857143 0.04904761904761905 0.030714285714285715 0.06761904761904762
0 0.21214285714285713 0.2342857142857143 0.04428571428571428 0.09904761904761905
3 0.06285714285714286 0.9423809523809524 0.10571428571428572 0.11333333333333333
0 0.08464285714285714 0.8519047619047619 0.105 0.10952380952380952
0 0.08607142857142858 0.7690476190476191 0.10214285714285715 0.11333333333333333
0 0.09392857142857143 0.6876190476190476 0.08214285714285714 0.08190476190476191
0 0.15071428571428572 0.5976190476190476 0.08571428571428572 0.09047619047619047
3 0.13535714285714287 0.4919047619047619 0.08785714285714286 0.06952380952380953
1 0.2575 0.4719047619047619 0.145 0.20476190476190476
