0 0.43142857142857144 0.7247619047619047 0.05 0.10666666666666667
0 0.4775 0.3619047619047619 0.025 0.0380952380952381
0 0.5053571428571428 0.26904761904761904 0.019285714285714285 0.03333333333333333
0 0.5278571428571428 0.21619047619047618 0.018571428571428572 0.02857142857142857
0 0.5314285714285715 0.1676190476190476 0.017142857142857144 0.02666666666666667
0 0.5314285714285715 0.08523809523809524 0.011428571428571429 0.014285714285714285
0 0.5467857142857143 0.09476190476190476 0.012142857142857143 0.018095238095238095
0 0.5539285714285714 0.02666666666666667 0.010714285714285714 0.009523809523809525
3 0.17357142857142857 0.7223809523809523 0.07 0.14
0 0.29892857142857143 0.31952380952380954 0.025 0.03333333333333333
0 0.105 0.9714285714285714 0.06142857142857143 0.05714285714285714
0 0.41892857142857143 0.12380952380952381 0.017857142857142856 0.017142857142857144
0 0.42892857142857144 0.1457142857142857 0.013571428571428571 0.017142857142857144
0 0.47 0.09904761904761905 0.01 0.013333333333333334
0 0.48 0.07571428571428572 0.01 0.014285714285714285
0 0.4567857142857143 0.09142857142857143 0.013571428571428571 0.013333333333333334
2 0.45357142857142857 0.11761904761904762 0.018571428571428572 0.023809523809523808
0 0.49642857142857144 0.041428571428571426 0.008571428571428572 0.008571428571428572
0 0.4928571428571429 0.055714285714285716 0.01 0.010476190476190476
0 0.5075 0.017619047619047618 0.009285714285714286 0.010476190476190476
0 0.5067857142857143 0.02761904761904762 0.007857142857142858 0.007619047619047619
0 0.44607142857142856 0.05714285714285714 0.015 0.009523809523809525
0 0.5617857142857143 0.07238095238095238 0.009285714285714286 0.015238095238095238
0 0.5925 0.08333333333333333 0.013571428571428571 0.012380952380952381
0 0.6007142857142858 0.08 0.014285714285714285 0.013333333333333334
