0 0.92125 0.459 0.1575 0.10333333333333333
0 0.53 0.494 0.028 0.05333333333333334
0 0.267 0.49133333333333334 0.174 0.088
3 0.1895 0.29433333333333334 0.101 0.04466666666666667
3 0.22225 0.25 0.0855 0.042666666666666665
3 0.2285 0.21366666666666667 0.036 0.03
3 0.366 0.24966666666666668 0.051 0.03266666666666666
3 0.35625 0.23633333333333334 0.0525 0.03266666666666666
3 0.42425 0.24333333333333335 0.0255 0.04533333333333334
0 0.1365 0.14566666666666667 0.031 0.015333333333333332
0 0.2245 0.14533333333333334 0.032 0.016
0 0.26975 0.14366666666666666 0.0285 0.016666666666666666
0 0.1605 0.16466666666666666 0.035 0.017333333333333333
0 0.171 0.15733333333333333 0.033 0.016
0 0.20325 0.16266666666666665 0.0305 0.02
0 0.16625 0.203 0.0445 0.023333333333333334
3 0.11325 0.22333333333333333 0.0565 0.034666666666666665
0 0.1715 0.19466666666666665 0.035 0.024
0 0.18925 0.192 0.0375 0.024
0 0.20525 0.18766666666666668 0.0385 0.023333333333333334
1 0.211 0.17766666666666667 0.049 0.028666666666666667
0 0.23125 0.16933333333333334 0.0405 0.029333333333333333
0 0.2525 0.162 0.027 0.02
3 0.343 0.18333333333333332 0.042 0.024
