0 0.3514285714285714 0.9225888324873096 0.054285714285714284 0.0583756345177665
0 0.7614285714285715 0.7195431472081218 0.03 0.06598984771573604
0 0.8239285714285715 0.6516497461928934 0.05071428571428571 0.0799492385786802
0 0.895 0.38451776649746194 0.04285714285714286 0.04568527918781726
0 0.7957142857142857 0.3686548223350254 0.04428571428571428 0.04949238578680203
3 0.6153571428571428 0.3026649746192893 0.04214285714285714 0.05710659898477157
0 0.5560714285714285 0.25380710659898476 0.035 0.04568527918781726
0 0.5878571428571429 0.18908629441624367 0.03428571428571429 0.04060913705583756
2 0.6417857142857143 0.25951776649746194 0.09357142857142857 0.13324873096446702
3 0.39464285714285713 0.23921319796954316 0.035 0.03426395939086294
3 0.4032142857142857 0.20304568527918782 0.03785714285714286 0.03807106598984772
3 0.355 0.21763959390862944 0.04 0.03934010152284264
0 0.3092857142857143 0.2550761421319797 0.03142857142857143 0.03553299492385787
0 0.265 0.29885786802030456 0.03857142857142857 0.044416243654822336
2 0.2032142857142857 0.35786802030456855 0.07785714285714286 0.13705583756345177
2 0.16178571428571428 0.6954314720812182 0.08071428571428571 0.23096446700507614
0 0.3989285714285714 0.1782994923857868 0.029285714285714286 0.0266497461928934
