0 0.6657142857142857 0.41714285714285715 0.05 0.08190476190476191
0 0.6889285714285714 0.27666666666666667 0.04357142857142857 0.06380952380952382
0 0.6453571428571429 0.22142857142857142 0.045 0.058095238095238096
0 0.5353571428571429 0.47619047619047616 0.055 0.08571428571428572
0 0.49892857142857144 0.6314285714285715 0.05785714285714286 0.09333333333333334
0 0.46214285714285713 0.8133333333333334 0.07428571428571429 0.12380952380952381
0 0.4275 0.7590476190476191 0.07357142857142857 0.1180952380952381
0 0.3625 0.7623809523809524 0.07642857142857143 0.11904761904761904
0 0.34 0.7047619047619048 0.08285714285714285 0.1219047619047619
0 0.4303571428571429 0.5552380952380952 0.065 0.08761904761904762
0 0.45107142857142857 0.611904761904762 0.06357142857142857 0.1019047619047619
