1 0.6 0.3252380952380952 0.02142857142857143 0.029523809523809525
0 0.5789285714285715 0.3119047619047619 0.015 0.012380952380952381
0 0.6042857142857143 0.35904761904761906 0.015714285714285715 0.01904761904761905
0 0.5507142857142857 0.29428571428571426 0.011428571428571429 0.011428571428571429
0 0.5253571428571429 0.26904761904761904 0.010714285714285714 0.010476190476190476
0 0.44 0.379047619047619 0.011428571428571429 0.01904761904761905
0 0.43464285714285716 0.4166666666666667 0.012142857142857143 0.018095238095238095
0 0.43107142857142855 0.4342857142857143 0.013571428571428571 0.022857142857142857
0 0.3357142857142857 0.4785714285714286 0.03857142857142857 0.023809523809523808
0 0.3317857142857143 0.49523809523809526 0.04071428571428572 0.01904761904761905
1 0.41214285714285714 0.37857142857142856 0.017142857142857144 0.037142857142857144
1 0.40714285714285714 0.4114285714285714 0.015714285714285715 0.030476190476190476
0 0.1775 0.6009523809523809 0.03785714285714286 0.047619047619047616
1 0.5435714285714286 0.21714285714285714 0.011428571428571429 0.011428571428571429
1 0.5046428571428572 0.19380952380952382 0.0064285714285714285 0.010476190476190476
1 0.5896428571428571 0.20047619047619047 0.009285714285714286 0.01619047619047619
0 0.5967857142857143 0.2123809523809524 0.0064285714285714285 0.005714285714285714
1 0.6289285714285714 0.2571428571428571 0.007857142857142858 0.01904761904761905
1 0.6160714285714286 0.2357142857142857 0.010714285714285714 0.021904761904761906
1 0.6485714285714286 0.27666666666666667 0.01 0.014285714285714285
