0 0.2817857142857143 0.8776190476190476 0.027857142857142858 0.07904761904761905
0 0.6442857142857142 0.8033333333333333 0.06 0.037142857142857144
0 0.6392857142857142 0.7642857142857142 0.055714285714285716 0.037142857142857144
0 0.6907142857142857 0.6757142857142857 0.037142857142857144 0.07714285714285714
0 0.6117857142857143 0.5171428571428571 0.055 0.03238095238095238
0 0.615 0.4804761904761905 0.05857142857142857 0.037142857142857144
0 0.6057142857142858 0.44476190476190475 0.055714285714285716 0.03619047619047619
3 0.6071428571428571 0.4023809523809524 0.05285714285714286 0.037142857142857144
0 0.7057142857142857 0.3580952380952381 0.041428571428571426 0.049523809523809526
0 0.6025 0.3657142857142857 0.05357142857142857 0.03619047619047619
0 0.5975 0.32857142857142857 0.052142857142857144 0.03619047619047619
0 0.5867857142857142 0.2261904761904762 0.056428571428571425 0.035238095238095235
0 0.7067857142857142 0.24476190476190476 0.05357142857142857 0.04
0 0.2792857142857143 0.6214285714285714 0.025714285714285714 0.08095238095238096
0 0.4525 0.5138095238095238 0.02642857142857143 0.07142857142857142
0 0.46285714285714286 0.370952380952381 0.024285714285714285 0.06571428571428571
0 0.2953571428571429 0.5566666666666666 0.056428571428571425 0.037142857142857144
0 0.29392857142857143 0.5171428571428571 0.05071428571428571 0.04
0 0.2910714285714286 0.4780952380952381 0.05785714285714286 0.04
0 0.2914285714285714 0.43952380952380954 0.05714285714285714 0.037142857142857144
0 0.29428571428571426 0.23238095238095238 0.05285714285714286 0.03428571428571429
0 0.34464285714285714 0.23714285714285716 0.02642857142857143 0.06666666666666667
0 0.4475 0.23666666666666666 0.023571428571428573 0.06571428571428571
1 0.29892857142857143 0.18142857142857144 0.07214285714285715 0.06190476190476191
0 0.2867857142857143 0.1523809523809524 0.052142857142857144 0.03428571428571429
0 0.33964285714285714 0.10047619047619048 0.025 0.06380952380952382
3 0.2882142857142857 0.1138095238095238 0.05785714285714286 0.04285714285714286
