3 0.38857142857142857 0.03761904761904762 0.022857142857142857 0.07523809523809524
0 0.3196428571428571 0.10761904761904761 0.047857142857142855 0.06666666666666667
0 0.3578571428571429 0.18285714285714286 0.022857142857142857 0.06095238095238095
0 0.4007142857142857 0.22142857142857142 0.025714285714285714 0.08095238095238096
0 0.45607142857142857 0.23952380952380953 0.02214285714285714 0.08095238095238096
3 0.5414285714285715 0.6780952380952381 0.02857142857142857 0.08952380952380952
3 0.5514285714285714 0.8685714285714285 0.024285714285714285 0.08761904761904762
1 0.4575 0.9547619047619048 0.035 0.09047619047619047
3 0.29285714285714287 0.9709523809523809 0.03142857142857143 0.058095238095238096
1 0.4542857142857143 0.5161904761904762 0.045714285714285714 0.3047619047619048
3 0.2975 0.3271428571428571 0.02642857142857143 0.09428571428571429
0 0.32357142857142857 0.53 0.03142857142857143 0.08285714285714285
3 0.315 0.6347619047619047 0.032857142857142856 0.08857142857142856
3 0.08178571428571428 0.4880952380952381 0.075 0.037142857142857144
3 0.10428571428571429 0.38095238095238093 0.06857142857142857 0.03619047619047619
3 0.0325 0.3861904761904762 0.06357142857142857 0.040952380952380955
