0 0.9521428571428572 0.8685714285714285 0.09428571428571429 0.16380952380952382
0 0.9503571428571429 0.7480952380952381 0.09928571428571428 0.13047619047619047
0 0.6514285714285715 0.5995238095238096 0.08285714285714285 0.11333333333333333
0 0.47964285714285715 0.6733333333333333 0.07357142857142857 0.13333333333333333
0 0.5760714285714286 0.44 0.055 0.08761904761904762
0 0.515 0.4580952380952381 0.054285714285714284 0.0838095238095238
0 0.4496428571428571 0.5009523809523809 0.04928571428571429 0.06857142857142857
0 0.4392857142857143 0.43523809523809526 0.04285714285714286 0.05714285714285714
0 0.4732142857142857 0.24714285714285714 0.03357142857142857 0.05238095238095238
0 0.5464285714285714 0.1919047619047619 0.02857142857142857 0.014285714285714285
0 0.21607142857142858 0.7757142857142857 0.18071428571428572 0.10952380952380952
0 0.2475 0.6866666666666666 0.15071428571428572 0.0838095238095238
0 0.25 0.628095238095238 0.13428571428571429 0.07333333333333333
0 0.2557142857142857 0.580952380952381 0.13285714285714287 0.06666666666666667
0 0.28714285714285714 0.5423809523809524 0.11142857142857143 0.058095238095238096
0 0.27285714285714285 0.51 0.09857142857142857 0.058095238095238096
0 0.28964285714285715 0.48 0.10071428571428571 0.045714285714285714
0 0.30428571428571427 0.45285714285714285 0.09142857142857143 0.05619047619047619
0 0.42 0.33476190476190476 0.032857142857142856 0.04476190476190476
0 0.4135714285714286 0.30857142857142855 0.025714285714285714 0.03238095238095238
0 0.41035714285714286 0.2857142857142857 0.029285714285714286 0.03238095238095238
0 0.36857142857142855 0.28523809523809524 0.02142857142857143 0.035238095238095235
0 0.38392857142857145 0.25857142857142856 0.02214285714285714 0.023809523809523808
0 0.3025 0.40190476190476193 0.07928571428571428 0.04380952380952381
0 0.3075 0.38476190476190475 0.07357142857142857 0.03619047619047619
0 0.3067857142857143 0.3647619047619048 0.07214285714285715 0.03238095238095238
0 0.3092857142857143 0.3547619047619048 0.06857142857142857 0.039047619047619046
0 0.31 0.33904761904761904 0.06 0.03428571428571429
0 0.31642857142857145 0.32666666666666666 0.06285714285714286 0.0380952380952381
0 0.32107142857142856 0.3219047619047619 0.05785714285714286 0.03619047619047619
0 0.31464285714285717 0.30857142857142855 0.060714285714285714 0.02857142857142857
0 0.325 0.28523809523809524 0.05285714285714286 0.03333333333333333
0 0.32785714285714285 0.2776190476190476 0.05142857142857143 0.029523809523809525
0 0.33535714285714285 0.26095238095238094 0.04642857142857143 0.024761904761904763
0 0.33535714285714285 0.25 0.045 0.021904761904761906
0 0.3392857142857143 0.2438095238095238 0.04285714285714286 0.024761904761904763
0 0.3389285714285714 0.2361904761904762 0.04071428571428572 0.02095238095238095
0 0.3407142857142857 0.23142857142857143 0.037142857142857144 0.01904761904761905
0 0.3414285714285714 0.2276190476190476 0.03571428571428571 0.024761904761904763
0 0.3439285714285714 0.2219047619047619 0.03785714285714286 0.022857142857142857
0 0.3464285714285714 0.19285714285714287 0.027142857142857142 0.018095238095238095
0 0.3414285714285714 0.18619047619047618 0.02857142857142857 0.01619047619047619
0 0.3460714285714286 0.18333333333333332 0.027857142857142858 0.018095238095238095
0 0.3432142857142857 0.18 0.03214285714285714 0.017142857142857144
0 0.3464285714285714 0.17809523809523808 0.027142857142857142 0.01904761904761905
0 0.34785714285714286 0.1742857142857143 0.024285714285714285 0.01904761904761905
3 0.3525 0.14904761904761904 0.020714285714285713 0.012380952380952381
0 0.35535714285714287 0.13 0.019285714285714285 0.006666666666666667
