3 0.6889285714285714 0.7982233502538071 0.039285714285714285 0.03553299492385787
1 0.7785714285714286 0.7055837563451777 0.02857142857142857 0.0583756345177665
3 0.7667857142857143 0.6579949238578681 0.016428571428571428 0.03680203045685279
3 0.7985714285714286 0.7157360406091371 0.011428571428571429 0.02284263959390863
3 0.7589285714285714 0.5640862944162437 0.017857142857142856 0.04949238578680203
1 0.7485714285714286 0.5799492385786802 0.03428571428571429 0.10406091370558376
0 0.7267857142857143 0.5139593908629442 0.015 0.03553299492385787
3 0.7175 0.46573604060913704 0.012142857142857143 0.03553299492385787
3 0.7089285714285715 0.43083756345177665 0.012142857142857143 0.03934010152284264
3 0.6764285714285714 0.3039340101522843 0.012857142857142857 0.03426395939086294
3 0.6375 0.1865482233502538 0.012142857142857143 0.03299492385786802
3 0.5807142857142857 0.08883248730964467 0.01 0.02284263959390863
1 0.64 0.1484771573604061 0.02142857142857143 0.04314720812182741
1 0.6782142857142858 0.22144670050761422 0.017857142857142856 0.04187817258883249
0 0.6603571428571429 0.25380710659898476 0.012142857142857143 0.02284263959390863
1 0.745 0.24746192893401014 0.02 0.0532994923857868
2 0.5657142857142857 0.04378172588832487 0.011428571428571429 0.03680203045685279
0 0.5739285714285715 0.04060913705583756 0.007857142857142858 0.015228426395939087
3 0.8485714285714285 0.9536802030456852 0.03142857142857143 0.07487309644670051
