3 0.03966597077244259 0.2922077922077922 0.04488517745302714 0.03710575139146568
0 0.16257828810020877 0.2532467532467532 0.048538622129436326 0.03896103896103896
0 0.6145615866388309 0.34833024118738404 0.02348643006263048 0.045454545454545456
0 0.8843945720250522 0.9666048237476809 0.09968684759916492 0.06493506493506493
3 0.782098121085595 0.9545454545454546 0.05375782881002088 0.08905380333951762
3 0.7742693110647182 0.849721706864564 0.04540709812108559 0.12059369202226346
0 0.7291231732776617 0.5644712430426716 0.028183716075156576 0.075139146567718
0 0.7134655532359081 0.3631725417439703 0.04801670146137787 0.039888682745825604
0 0.6323068893528184 0.2606679035250464 0.02139874739039666 0.04267161410018553
0 0.6244780793319415 0.22402597402597402 0.02139874739039666 0.04359925788497217
3 0.6764091858037579 0.1836734693877551 0.032359081419624215 0.04267161410018553
0 0.6231732776617954 0.18506493506493507 0.030271398747390398 0.038033395176252316
0 0.5691544885177453 0.19155844155844157 0.016179540709812108 0.03432282003710575
0 0.6025574112734864 0.07374768089053803 0.013048016701461378 0.032467532467532464
0 0.5396659707724426 0.06493506493506493 0.022964509394572025 0.03710575139146568
3 0.5446242171189979 0.031076066790352505 0.024530271398747392 0.030612244897959183
3 0.5602818371607515 0.016697588126159554 0.0255741127348643 0.025974025974025976
0 0.7038100208768268 0.011595547309833023 0.02348643006263048 0.021335807050092765
