1 0.22535714285714287 0.8781725888324873 0.060714285714285714 0.08629441624365482
3 0.031785714285714285 0.12055837563451777 0.016428571428571428 0.02030456852791878
3 0.03678571428571428 0.12626903553299493 0.020714285714285713 0.031725888324873094
0 0.04357142857142857 0.13959390862944163 0.017142857142857144 0.025380710659898477
0 0.013214285714285715 0.23286802030456852 0.020714285714285713 0.0266497461928934
1 0.06642857142857143 0.16053299492385786 0.03 0.05203045685279188
2 0.029642857142857144 0.3800761421319797 0.03785714285714286 0.05964467005076142
2 0.026785714285714284 0.32741116751269034 0.05357142857142857 0.08375634517766498
2 0.036071428571428574 0.3401015228426396 0.052142857142857144 0.08629441624365482
0 0.11928571428571429 0.29378172588832485 0.017142857142857144 0.0266497461928934
3 0.13642857142857143 0.26586294416243655 0.015714285714285715 0.02918781725888325
3 0.155 0.23857868020304568 0.014285714285714285 0.025380710659898477
3 0.49357142857142855 0.004441624365482234 0.014285714285714285 0.008883248730964468
0 0.49107142857142855 0.0133248730964467 0.013571428571428571 0.013959390862944163
0 0.4875 0.022208121827411168 0.016428571428571428 0.013959390862944163
0 0.4810714285714286 0.04251269035532995 0.015 0.013959390862944163
1 0.4064285714285714 0.12626903553299493 0.025714285714285714 0.04949238578680203
1 0.37535714285714283 0.1782994923857868 0.03357142857142857 0.06472081218274112
0 0.3157142857142857 0.2766497461928934 0.014285714285714285 0.027918781725888325
0 0.3435714285714286 0.2550761421319797 0.015714285714285715 0.030456852791878174
3 0.3525 0.26649746192893403 0.016428571428571428 0.03299492385786802
3 0.3607142857142857 0.2766497461928934 0.017142857142857144 0.027918781725888325
3 0.33535714285714285 0.39213197969543145 0.020714285714285713 0.027918781725888325
0 0.30392857142857144 0.41116751269035534 0.016428571428571428 0.025380710659898477
1 0.33464285714285713 0.5088832487309645 0.030714285714285715 0.0532994923857868
0 0.315 0.850253807106599 0.02142857142857143 0.04314720812182741
0 0.3917857142857143 0.8781725888324873 0.02214285714285714 0.04568527918781726
0 0.38607142857142857 0.9651015228426396 0.02214285714285714 0.04949238578680203
0 0.4210714285714286 0.9511421319796954 0.020714285714285713 0.04949238578680203
3 0.49357142857142855 0.8921319796954315 0.017142857142857144 0.050761421319796954
0 0.7560714285714286 0.8851522842639594 0.020714285714285713 0.044416243654822336
0 0.8414285714285714 0.7899746192893401 0.02142857142857143 0.0266497461928934
0 0.7053571428571429 0.733502538071066 0.016428571428571428 0.04314720812182741
3 0.6860714285714286 0.6104060913705583 0.015 0.04568527918781726
3 0.6732142857142858 0.5095177664974619 0.012142857142857143 0.03680203045685279
3 0.665 0.44289340101522845 0.011428571428571429 0.03299492385786802
2 0.6625 0.39149746192893403 0.013571428571428571 0.05710659898477157
3 0.6571428571428571 0.2430203045685279 0.008571428571428572 0.03426395939086294
3 0.66 0.13895939086294415 0.008571428571428572 0.02918781725888325
0 0.6575 0.1732233502538071 0.007857142857142858 0.0266497461928934
0 0.6560714285714285 0.2017766497461929 0.007857142857142858 0.027918781725888325
0 0.6582142857142858 0.3013959390862944 0.009285714285714286 0.031725888324873094
0 0.6582142857142858 0.34581218274111675 0.009285714285714286 0.031725888324873094
3 0.24 0.766497461928934 0.022857142857142857 0.04060913705583756
0 0.041428571428571426 0.6675126903553299 0.022857142857142857 0.030456852791878174
3 0.33964285714285714 0.5958121827411168 0.020714285714285713 0.03680203045685279
3 0.3475 0.6389593908629442 0.017857142857142856 0.03680203045685279
3 0.48964285714285716 0.42449238578680204 0.012142857142857143 0.03426395939086294
0 0.43357142857142855 0.4403553299492386 0.014285714285714285 0.030456852791878174
0 0.40464285714285714 0.557741116751269 0.015 0.03680203045685279
2 0.5432142857142858 0.3623096446700508 0.012142857142857143 0.09263959390862944
0 0.39571428571428574 0.3534263959390863 0.017142857142857144 0.0266497461928934
3 0.42714285714285716 0.282994923857868 0.014285714285714285 0.025380710659898477
0 0.4542857142857143 0.2779187817258883 0.012857142857142857 0.02284263959390863
0 0.46964285714285714 0.1916243654822335 0.012142857142857143 0.025380710659898477
3 0.49857142857142855 0.2620558375634518 0.011428571428571429 0.031725888324873094
3 0.5339285714285714 0.18591370558375633 0.010714285714285714 0.031725888324873094
3 0.5489285714285714 0.2068527918781726 0.009285714285714286 0.030456852791878174
3 0.5321428571428571 0.1446700507614213 0.01 0.027918781725888325
3 0.48428571428571426 0.14022842639593908 0.01 0.021573604060913704
3 0.5742857142857143 0.046954314720812185 0.01 0.02284263959390863
0 0.5535714285714286 0.04885786802030457 0.01 0.01903553299492386
0 0.5257142857142857 0.008248730964467006 0.01 0.01649746192893401
0 0.5132142857142857 0.08565989847715735 0.007857142857142858 0.021573604060913704
