0 0.58825 0.9156666666666666 0.0795 0.062
3 0.69875 0.8416666666666667 0.0365 0.05266666666666667
0 0.86475 0.939 0.0825 0.078
0 0.54075 0.804 0.0515 0.03866666666666667
3 0.43975 0.8296666666666667 0.0505 0.03933333333333333
3 0.47725 0.775 0.0475 0.04066666666666666
3 0.6025 0.7403333333333333 0.033 0.03
3 0.579 0.729 0.03 0.04466666666666667
3 0.42875 0.753 0.0465 0.035333333333333335
0 0.35475 0.7753333333333333 0.0415 0.037333333333333336
3 0.38875 0.7286666666666667 0.0325 0.037333333333333336
0 0.42525 0.681 0.0285 0.022
0 0.3215 0.7576666666666667 0.037 0.03
3 0.35675 0.7156666666666667 0.0365 0.035333333333333335
0 0.29 0.7356666666666667 0.036 0.027333333333333334
0 0.3265 0.7076666666666667 0.031 0.023333333333333334
0 0.26175 0.7206666666666667 0.0315 0.029333333333333333
0 0.30175 0.6936666666666667 0.0305 0.022
0 0.236 0.705 0.028 0.024666666666666667
0 0.275 0.682 0.027 0.02
0 0.216 0.693 0.029 0.024666666666666667
0 0.24025 0.6613333333333333 0.0255 0.02
3 0.19525 0.678 0.0205 0.025333333333333333
3 0.18025 0.67 0.0165 0.02266666666666667
3 0.1685 0.664 0.019 0.024
3 0.19675 0.644 0.0215 0.017333333333333333
0 0.21675 0.641 0.0155 0.015333333333333332
0 0.155 0.657 0.026 0.018
3 0.14175 0.65 0.0215 0.018666666666666668
0 0.16375 0.64 0.0185 0.014666666666666666
0 0.18425 0.638 0.0195 0.014666666666666666
0 0.12925 0.6423333333333333 0.0175 0.015333333333333332
0 0.1175 0.635 0.016 0.015333333333333332
0 0.1315 0.6313333333333333 0.018 0.014666666666666666
3 0.1705 0.6283333333333333 0.017 0.018
0 0.1565 0.6253333333333333 0.016 0.012
0 0.118 0.6236666666666667 0.013 0.012666666666666666
0 0.1345 0.623 0.016 0.01
0 0.1485 0.6213333333333333 0.015 0.013333333333333334
3 0.1405 0.6166666666666667 0.013 0.013333333333333334
0 0.1305 0.614 0.015 0.013333333333333334
0 0.11675 0.6066666666666667 0.0155 0.010666666666666666
0 0.08825 0.617 0.0155 0.014
1 0.1085 0.601 0.021 0.015333333333333332
0 0.068 0.6026666666666667 0.012 0.010666666666666666
3 0.09275 0.594 0.0145 0.012
0 0.0825 0.5903333333333334 0.014 0.011333333333333334
0 0.0725 0.5853333333333334 0.011 0.009333333333333334
0 0.06475 0.581 0.0085 0.007333333333333333
0 0.05825 0.5783333333333334 0.0075 0.007333333333333333
0 0.05525 0.5773333333333334 0.0075 0.006666666666666667
3 0.05075 0.5746666666666667 0.0085 0.008
0 0.04725 0.5693333333333334 0.0175 0.006666666666666667
0 0.03825 0.568 0.0085 0.008
0 0.027 0.5633333333333334 0.007 0.006666666666666667
0 0.01225 0.5613333333333334 0.0075 0.005333333333333333
0 0.01025 0.5556666666666666 0.0105 0.006
3 0.92225 0.6873333333333334 0.0295 0.025333333333333333
3 0.4155 0.6033333333333334 0.019 0.012
0 0.42775 0.6063333333333333 0.0195 0.01
0 0.29 0.5846666666666667 0.015 0.009333333333333334
