3 0.5110714285714286 0.8946700507614214 0.027857142857142858 0.11421319796954314
0 0.4235714285714286 0.9048223350253807 0.027142857142857142 0.09390862944162437
0 0.31107142857142855 0.9384517766497462 0.029285714285714286 0.0799492385786802
0 0.3475 0.9854060913705583 0.030714285714285715 0.0266497461928934
0 0.2567857142857143 0.9739847715736041 0.03357142857142857 0.04949238578680203
0 0.3825 0.625 0.02642857142857143 0.06725888324873096
0 0.45 0.3895939086294416 0.02142857142857143 0.05583756345177665
0 0.48 0.3331218274111675 0.015714285714285715 0.04187817258883249
0 0.41892857142857143 0.2017766497461929 0.016428571428571428 0.03553299492385787
0 0.48857142857142855 0.07487309644670051 0.017142857142857144 0.03807106598984772
0 0.41214285714285714 0.03426395939086294 0.017142857142857144 0.030456852791878174
2 0.5107142857142857 0.13451776649746192 0.017142857142857144 0.07360406091370558
1 0.38107142857142856 0.29124365482233505 0.03785714285714286 0.11294416243654823
1 0.24571428571428572 0.2753807106598985 0.032857142857142856 0.10406091370558376
3 0.10035714285714285 0.9549492385786802 0.039285714285714285 0.08756345177664974
0 0.15892857142857142 0.8045685279187818 0.029285714285714286 0.07868020304568528
3 0.17 0.6738578680203046 0.027142857142857142 0.07614213197969544
3 0.08607142857142858 0.682741116751269 0.030714285714285715 0.06345177664974619
3 0.1367857142857143 0.4549492385786802 0.027857142857142858 0.046954314720812185
3 0.22321428571428573 0.42449238578680204 0.025 0.05964467005076142
3 0.2025 0.17639593908629442 0.017857142857142856 0.04060913705583756
3 0.22428571428571428 0.0799492385786802 0.017142857142857144 0.03807106598984772
3 0.10071428571428571 0.6142131979695431 0.02857142857142857 0.048223350253807105
0 0.11428571428571428 0.5640862944162437 0.024285714285714285 0.046954314720812185
0 0.12607142857142858 0.5095177664974619 0.02642857142857143 0.05203045685279188
0 0.1492857142857143 0.4067258883248731 0.022857142857142857 0.044416243654822336
0 0.17464285714285716 0.2868020304568528 0.019285714285714285 0.03299492385786802
0 0.24071428571428571 0.01713197969543147 0.017142857142857144 0.024111675126903553
0 0.2357142857142857 0.038705583756345176 0.018571428571428572 0.024111675126903553
0 0.2307142857142857 0.05964467005076142 0.015714285714285715 0.025380710659898477
