0 0.03357142857142857 0.2785714285714286 0.06142857142857143 0.08666666666666667
0 0.31392857142857145 0.35523809523809524 0.047857142857142855 0.08761904761904762
0 0.15285714285714286 0.5333333333333333 0.06857142857142857 0.12571428571428572
0 0.19857142857142857 0.540952380952381 0.06857142857142857 0.11619047619047619
3 0.2392857142857143 0.5533333333333333 0.06714285714285714 0.10285714285714286
0 0.29 0.5619047619047619 0.06428571428571428 0.11047619047619048
1 0.34535714285714286 0.5933333333333334 0.09357142857142857 0.1676190476190476
0 0.0575 0.4961904761904762 0.08071428571428571 0.11619047619047619
0 0.025357142857142856 0.4747619047619048 0.05071428571428571 0.0980952380952381
3 0.6232142857142857 0.6466666666666666 0.056428571428571425 0.12380952380952381
0 0.6989285714285715 0.6723809523809524 0.047857142857142855 0.11238095238095239
