0 0.03535714285714286 0.06714285714285714 0.052142857142857144 0.03142857142857143
0 0.11714285714285715 0.4 0.037142857142857144 0.07809523809523809
0 0.22321428571428573 0.4114285714285714 0.06785714285714285 0.0380952380952381
0 0.5732142857142857 0.8261904761904761 0.047857142857142855 0.13428571428571429
0 0.9482142857142857 0.6309523809523809 0.045 0.08476190476190476
0 0.6114285714285714 0.5395238095238095 0.03428571428571429 0.08476190476190476
0 0.6578571428571428 0.8966666666666666 0.05142857142857143 0.15714285714285714
0 0.5707142857142857 0.32285714285714284 0.032857142857142856 0.06095238095238095
0 0.5782142857142857 0.18095238095238095 0.025 0.045714285714285714
0 0.61 0.15714285714285714 0.02857142857142857 0.0419047619047619
0 0.6525 0.14666666666666667 0.027857142857142858 0.047619047619047616
0 0.6657142857142857 0.23095238095238096 0.032857142857142856 0.04857142857142857
0 0.6353571428571428 0.03333333333333333 0.019285714285714285 0.030476190476190476
0 0.6142857142857143 0.08476190476190476 0.022857142857142857 0.0419047619047619
0 0.5292857142857142 0.024761904761904763 0.017142857142857144 0.03428571428571429
0 0.5803571428571429 0.04666666666666667 0.029285714285714286 0.03428571428571429
0 0.5692857142857143 0.010476190476190476 0.025714285714285714 0.02095238095238095
0 0.9117857142857143 0.4114285714285714 0.04357142857142857 0.06476190476190476
1 0.8217857142857142 0.19333333333333333 0.07785714285714286 0.1523809523809524
0 0.17142857142857143 0.2338095238095238 0.03142857142857143 0.05238095238095238
0 0.18678571428571428 0.17904761904761904 0.052142857142857144 0.05523809523809524
0 0.2392857142857143 0.06380952380952382 0.05 0.024761904761904763
0 0.21714285714285714 0.10380952380952381 0.04857142857142857 0.02857142857142857
0 0.2782142857142857 0.16714285714285715 0.047857142857142855 0.03142857142857143
0 0.23 0.37047619047619046 0.06285714285714286 0.0419047619047619
0 0.05035714285714286 0.5852380952380952 0.039285714285714285 0.08285714285714285
0 0.08928571428571429 0.4866666666666667 0.045714285714285714 0.0761904761904762
0 0.018571428571428572 0.7142857142857143 0.037142857142857144 0.08952380952380952
0 0.0525 0.23857142857142857 0.06642857142857143 0.04285714285714286
3 0.10178571428571428 0.19857142857142857 0.035 0.05238095238095238
0 0.08107142857142857 0.03190476190476191 0.052142857142857144 0.023809523809523808
0 0.04178571428571429 0.04428571428571428 0.052142857142857144 0.03142857142857143
0 0.1225 0.04904761904761905 0.052142857142857144 0.02761904761904762
0 0.14964285714285713 0.027142857142857142 0.047857142857142855 0.02761904761904762
0 0.18821428571428572 0.04238095238095238 0.04071428571428572 0.03142857142857143
0 0.20785714285714285 0.023333333333333334 0.047142857142857146 0.021904761904761906
0 0.013214285714285715 0.030476190476190476 0.02642857142857143 0.02095238095238095
0 0.10535714285714286 0.06380952380952382 0.05071428571428571 0.02095238095238095
3 0.1792857142857143 0.06142857142857143 0.04857142857142857 0.03333333333333333
3 0.2475 0.04428571428571428 0.045 0.029523809523809525
3 0.26857142857142857 0.02142857142857143 0.047142857142857146 0.037142857142857144
3 0.2417857142857143 0.33714285714285713 0.055 0.030476190476190476
0 0.2596428571428571 0.25333333333333335 0.056428571428571425 0.030476190476190476
0 0.24785714285714286 0.31142857142857144 0.05714285714285714 0.03619047619047619
0 0.2525 0.28 0.05785714285714286 0.030476190476190476
0 0.2646428571428571 0.23238095238095238 0.055 0.03238095238095238
0 0.2692857142857143 0.20666666666666667 0.06 0.030476190476190476
0 0.5167857142857143 0.8747619047619047 0.04357142857142857 0.1361904761904762
0 0.5060714285714286 0.18619047619047618 0.027857142857142858 0.05047619047619047
0 0.5035714285714286 0.6976190476190476 0.04428571428571428 0.12095238095238095
