2 0.5928571428571429 0.6528571428571428 0.054285714285714284 0.19333333333333333
0 0.5460714285714285 0.42333333333333334 0.017857142857142856 0.025714285714285714
3 0.5464285714285714 0.3547619047619048 0.017142857142857144 0.02761904761904762
3 0.5335714285714286 0.3271428571428571 0.011428571428571429 0.01619047619047619
0 0.5389285714285714 0.2804761904761905 0.009285714285714286 0.010476190476190476
0 0.5257142857142857 0.2757142857142857 0.008571428571428572 0.008571428571428572
0 0.5492857142857143 0.27095238095238094 0.008571428571428572 0.010476190476190476
0 0.5217857142857143 0.24904761904761905 0.007857142857142858 0.006666666666666667
0 0.5157142857142857 0.2523809523809524 0.005714285714285714 0.007619047619047619
0 0.5285714285714286 0.23761904761904762 0.01 0.006666666666666667
1 0.5103571428571428 0.2438095238095238 0.0064285714285714285 0.013333333333333334
1 0.42714285714285716 0.3219047619047619 0.018571428571428572 0.03619047619047619
3 0.4014285714285714 0.2719047619047619 0.015714285714285715 0.008571428571428572
0 0.8867857142857143 0.4380952380952381 0.03357142857142857 0.022857142857142857
2 0.9378571428571428 0.5114285714285715 0.06 0.05714285714285714
1 0.9153571428571429 0.4776190476190476 0.056428571428571425 0.05619047619047619
0 0.14964285714285713 0.42714285714285716 0.04214285714285714 0.021904761904761906
0 0.3246428571428571 0.3223809523809524 0.013571428571428571 0.01619047619047619
