0 0.171 0.28 0.026 0.010666666666666666
0 0.20625 0.2796666666666667 0.0255 0.01
0 0.24275 0.2796666666666667 0.0205 0.011333333333333334
3 0.20425 0.26566666666666666 0.0165 0.011333333333333334
0 0.30025 0.2773333333333333 0.0215 0.012
0 0.42625 0.276 0.0215 0.012
0 0.45525 0.27666666666666667 0.0225 0.012
0 0.4845 0.2753333333333333 0.022 0.010666666666666666
0 0.51025 0.2793333333333333 0.0215 0.012
0 0.51925 0.2743333333333333 0.0215 0.011333333333333334
0 0.54275 0.275 0.0215 0.011333333333333334
3 0.48875 0.25733333333333336 0.0205 0.010666666666666666
0 0.58575 0.402 0.0485 0.024
0 0.58275 0.38566666666666666 0.0445 0.020666666666666667
3 0.47075 0.37733333333333335 0.0335 0.02266666666666667
3 0.48725 0.3873333333333333 0.0315 0.025333333333333333
3 0.478 0.404 0.03 0.02666666666666667
3 0.496 0.42133333333333334 0.022 0.03866666666666667
3 0.46725 0.438 0.0445 0.034666666666666665
3 0.4515 0.426 0.054 0.028
3 0.43875 0.417 0.0575 0.035333333333333335
0 0.4335 0.39666666666666667 0.047 0.02266666666666667
0 0.4505 0.38866666666666666 0.046 0.02
0 0.50675 0.473 0.0295 0.03933333333333333
3 0.55725 0.4573333333333333 0.0255 0.04133333333333333
3 0.44275 0.4706666666666667 0.0625 0.036
0 0.4345 0.49466666666666664 0.07 0.03866666666666667
0 0.47075 0.5126666666666667 0.0645 0.037333333333333336
3 0.43325 0.518 0.0555 0.034666666666666665
0 0.43125 0.546 0.0765 0.044
0 0.44025 0.564 0.0815 0.04133333333333333
0 0.4415 0.5926666666666667 0.084 0.04533333333333334
0 0.4445 0.622 0.086 0.04133333333333333
0 0.43925 0.6506666666666666 0.0635 0.04
3 0.45525 0.6786666666666666 0.1205 0.08133333333333333
0 0.44475 0.7436666666666667 0.1205 0.06066666666666667
0 0.44 0.797 0.136 0.06866666666666667
3 0.443 0.8623333333333333 0.122 0.09933333333333333
1 0.454 0.943 0.165 0.11
0 0.58125 0.916 0.0755 0.16666666666666666
0 0.6095 0.5243333333333333 0.044 0.05266666666666667
0 0.6235 0.46166666666666667 0.046 0.03266666666666666
0 0.65075 0.49266666666666664 0.0645 0.030666666666666665
0 0.6565 0.512 0.074 0.036
3 0.63875 0.47433333333333333 0.0595 0.038
3 0.71125 0.5863333333333334 0.0955 0.059333333333333335
3 0.72175 0.6266666666666667 0.0895 0.06
0 0.76625 0.705 0.1145 0.062
0 0.81375 0.7513333333333333 0.1265 0.07066666666666667
0 0.8915 0.8716666666666667 0.161 0.09
0 0.90925 0.9596666666666667 0.1785 0.08066666666666666
