0 0.095 0.9613333333333334 0.077 0.07733333333333334
0 0.2085 0.7703333333333333 0.053 0.07666666666666666
3 0.13925 0.6886666666666666 0.0685 0.044
3 0.19925 0.613 0.0505 0.03666666666666667
3 0.359 0.6143333333333333 0.024 0.034
0 0.9325 0.777 0.086 0.05
0 0.90675 0.7416666666666667 0.0795 0.04733333333333333
0 0.8765 0.7076666666666667 0.066 0.038
0 0.84225 0.6693333333333333 0.0745 0.03866666666666667
3 0.91775 0.5926666666666667 0.0605 0.034666666666666665
3 0.899 0.5713333333333334 0.06 0.032
0 0.835 0.5306666666666666 0.049 0.024
3 0.65 0.518 0.028 0.028
3 0.6025 0.502 0.035 0.03866666666666667
0 0.59475 0.48533333333333334 0.0365 0.017333333333333333
3 0.58125 0.4676666666666667 0.0305 0.023333333333333334
0 0.57425 0.4613333333333333 0.0285 0.018666666666666668
0 0.564 0.448 0.023 0.013333333333333334
3 0.55275 0.4256666666666667 0.0285 0.018
0 0.555 0.4003333333333333 0.015 0.012666666666666666
0 0.5225 0.394 0.021 0.012
3 0.4935 0.36333333333333334 0.021 0.012
3 0.48525 0.35633333333333334 0.0205 0.012666666666666666
0 0.47725 0.33266666666666667 0.0065 0.008
3 0.30475 0.3253333333333333 0.0095 0.009333333333333334
3 0.314 0.32066666666666666 0.006 0.006666666666666667
3 0.32175 0.32066666666666666 0.0055 0.006666666666666667
3 0.32875 0.32066666666666666 0.0055 0.006666666666666667
3 0.33325 0.3263333333333333 0.0095 0.006
3 0.33875 0.32366666666666666 0.0095 0.007333333333333333
0 0.32325 0.3016666666666667 0.0045 0.006
3 0.37425 0.3233333333333333 0.0085 0.006666666666666667
0 0.3855 0.3263333333333333 0.01 0.006
0 0.395 0.322 0.011 0.006666666666666667
0 0.403 0.32133333333333336 0.009 0.006666666666666667
3 0.39925 0.3606666666666667 0.0075 0.010666666666666666
3 0.424 0.3263333333333333 0.012 0.008666666666666666
0 0.458 0.3253333333333333 0.014 0.006666666666666667
3 0.40925 0.4033333333333333 0.0105 0.016
0 0.7105 0.5276666666666666 0.043 0.023333333333333334
0 0.73975 0.5033333333333333 0.0365 0.024
0 0.69425 0.5046666666666667 0.0385 0.021333333333333333
3 0.68925 0.49333333333333335 0.0325 0.017333333333333333
0 0.66275 0.4723333333333333 0.0375 0.019333333333333334
0 0.65525 0.461 0.0265 0.015333333333333332
0 0.636 0.44166666666666665 0.03 0.015333333333333332
0 0.61525 0.42733333333333334 0.0295 0.014666666666666666
0 0.6105 0.4186666666666667 0.02 0.013333333333333334
0 0.6025 0.4136666666666667 0.026 0.012666666666666666
3 0.57675 0.36833333333333335 0.0205 0.015333333333333332
0 0.55075 0.37233333333333335 0.0155 0.01
3 0.54925 0.36833333333333335 0.0175 0.011333333333333334
0 0.5295 0.356 0.017 0.008
0 0.52575 0.3536666666666667 0.0175 0.008666666666666666
3 0.528 0.35033333333333333 0.014 0.01
0 0.5475 0.33166666666666667 0.008 0.007333333333333333
0 0.69375 0.6906666666666667 0.0375 0.06133333333333333
3 0.18275 0.3626666666666667 0.0145 0.010666666666666666
1 0.499 0.31833333333333336 0.028 0.019333333333333334
