0 0.291 0.158 0.013 0.010666666666666666
0 0.249 0.157 0.012 0.007333333333333333
0 0.232 0.15766666666666668 0.014 0.008666666666666666
0 0.432 0.17766666666666667 0.018 0.011333333333333334
0 0.45575 0.17833333333333334 0.0185 0.01
0 0.5435 0.181 0.019 0.012666666666666666
0 0.6975 0.18433333333333332 0.016 0.011333333333333334
0 0.8965 0.123 0.012 0.016666666666666666
0 0.0175 0.21833333333333332 0.017 0.014
1 0.0215 0.353 0.031 0.020666666666666667
0 0.068 0.359 0.017 0.018
0 0.09075 0.357 0.0255 0.015333333333333332
0 0.123 0.36333333333333334 0.014 0.018666666666666668
0 0.1375 0.31733333333333336 0.022 0.013333333333333334
0 0.13925 0.362 0.0175 0.021333333333333333
0 0.16375 0.36533333333333334 0.0185 0.018666666666666668
0 0.19675 0.36966666666666664 0.0245 0.015333333333333332
0 0.22525 0.37 0.0225 0.02
0 0.2495 0.372 0.017 0.02266666666666667
0 0.272 0.37433333333333335 0.014 0.023333333333333334
0 0.2885 0.37533333333333335 0.016 0.024
0 0.30425 0.31366666666666665 0.0205 0.015333333333333332
0 0.31725 0.377 0.0245 0.015333333333333332
0 0.35025 0.38066666666666665 0.0255 0.016
0 0.3905 0.38366666666666666 0.026 0.015333333333333332
0 0.3945 0.35033333333333333 0.024 0.016666666666666666
0 0.40425 0.3363333333333333 0.0225 0.014
2 0.41175 0.31566666666666665 0.0565 0.03133333333333333
0 0.3865 0.30266666666666664 0.021 0.012
0 0.51875 0.308 0.0225 0.013333333333333334
0 0.54975 0.312 0.0235 0.013333333333333334
1 0.69875 0.313 0.0345 0.026
3 0.766 0.35233333333333333 0.025 0.019333333333333334
1 0.9495 0.34933333333333333 0.063 0.030666666666666665
0 0.94925 0.37066666666666664 0.0335 0.017333333333333333
0 0.98725 0.316 0.0205 0.021333333333333333
1 0.976 0.2833333333333333 0.039 0.042666666666666665
0 0.9355 0.25166666666666665 0.016 0.020666666666666667
0 0.98175 0.43233333333333335 0.0365 0.026
0 0.95025 0.43166666666666664 0.0305 0.024666666666666667
0 0.8685 0.42233333333333334 0.03 0.020666666666666667
3 0.73 0.4146666666666667 0.024 0.018666666666666668
0 0.69675 0.4093333333333333 0.0235 0.02666666666666667
3 0.66675 0.4053333333333333 0.0225 0.02
0 0.56275 0.3993333333333333 0.0235 0.021333333333333333
0 0.523 0.392 0.019 0.016
3 0.4845 0.397 0.016 0.023333333333333334
0 0.48075 0.42433333333333334 0.0135 0.03
3 0.47525 0.46166666666666667 0.0105 0.03
1 0.5055 0.47933333333333333 0.035 0.029333333333333333
3 0.46825 0.49033333333333334 0.0165 0.03266666666666666
0 0.4595 0.5176666666666667 0.018 0.03133333333333333
0 0.4325 0.40166666666666667 0.027 0.016666666666666666
3 0.42575 0.414 0.0245 0.013333333333333334
3 0.4255 0.42533333333333334 0.024 0.016
3 0.42325 0.437 0.0215 0.012666666666666666
1 0.417 0.44866666666666666 0.03 0.02
0 0.4405 0.44333333333333336 0.014 0.028
0 0.383 0.467 0.017 0.028666666666666667
3 0.412 0.4706666666666667 0.025 0.017333333333333333
0 0.406 0.49066666666666664 0.029 0.017333333333333333
0 0.40175 0.5113333333333333 0.0275 0.018666666666666668
3 0.39025 0.5656666666666667 0.0345 0.019333333333333334
3 0.44775 0.5593333333333333 0.0195 0.032
3 0.46025 0.5653333333333334 0.0225 0.032
3 0.44525 0.6373333333333333 0.0315 0.02266666666666667
3 0.4635 0.6203333333333333 0.029 0.023333333333333334
3 0.4865 0.6456666666666667 0.031 0.023333333333333334
3 0.5355 0.6596666666666666 0.029 0.023333333333333334
3 0.56375 0.659 0.0145 0.03666666666666667
3 0.49825 0.6726666666666666 0.0335 0.025333333333333333
3 0.5285 0.699 0.031 0.022
3 0.53125 0.7196666666666667 0.0435 0.022
1 0.4995 0.7176666666666667 0.017 0.048666666666666664
1 0.46325 0.7376666666666667 0.0305 0.023333333333333334
3 0.0105 0.9303333333333333 0.021 0.026
3 0.037 0.8763333333333333 0.025 0.05
0 0.472 0.9466666666666667 0.047 0.04666666666666667
0 0.409 0.9343333333333333 0.05 0.03266666666666666
1 0.49975 0.8133333333333334 0.0175 0.04133333333333333
0 0.47625 0.81 0.0155 0.029333333333333333
3 0.4505 0.7993333333333333 0.024 0.028
3 0.32125 0.823 0.0415 0.026
3 0.28175 0.8143333333333334 0.0385 0.03
1 0.25075 0.8243333333333334 0.0275 0.059333333333333335
3 0.23175 0.8326666666666667 0.0265 0.05466666666666667
