3 0.1675 0.919 0.056 0.11933333333333333
0 0.19825 0.799 0.0535 0.12066666666666667
0 0.24025 0.627 0.0395 0.08466666666666667
0 0.26175 0.547 0.0365 0.08066666666666666
0 0.28675 0.43333333333333335 0.0325 0.06666666666666667
3 0.3025 0.373 0.026 0.048666666666666664
2 0.327 0.6866666666666666 0.079 0.288
0 0.41375 0.2623333333333333 0.0285 0.04466666666666667
0 0.5085 0.44066666666666665 0.03 0.05733333333333333
0 0.74 0.8413333333333334 0.047 0.10533333333333333
0 0.69075 0.5856666666666667 0.0405 0.086
3 0.6725 0.46166666666666667 0.029 0.059333333333333335
0 0.76575 0.12166666666666667 0.0365 0.020666666666666667
0 0.64975 0.14133333333333334 0.0405 0.02266666666666667
0 0.7225 0.11866666666666667 0.034 0.021333333333333333
0 0.722 0.08466666666666667 0.035 0.018666666666666668
0 0.75725 0.14033333333333334 0.0415 0.024666666666666667
0 0.61225 0.07733333333333334 0.0175 0.02266666666666667
0 0.60575 0.05633333333333333 0.0165 0.022
0 0.6 0.037 0.016 0.022
0 0.59575 0.015666666666666666 0.0135 0.018
0 0.45425 0.05533333333333333 0.0155 0.02666666666666667
0 0.3815 0.04833333333333333 0.016 0.028666666666666667
0 0.38675 0.02266666666666667 0.0135 0.021333333333333333
0 0.3935 0.008 0.013 0.016
