3 0.9092857142857143 0.5222081218274112 0.06142857142857143 0.07233502538071065
0 0.685 0.8280456852791879 0.04428571428571428 0.10279187817258884
0 0.31107142857142855 0.7233502538071066 0.047857142857142855 0.09390862944162437
3 0.26857142857142857 0.641497461928934 0.06 0.10025380710659898
3 0.3807142857142857 0.42956852791878175 0.045714285714285714 0.07741116751269035
3 0.20464285714285715 0.7671319796954315 0.065 0.11040609137055837
2 0.4785714285714286 0.17195431472081218 0.08571428571428572 0.07741116751269035
0 0.2571428571428571 0.2366751269035533 0.037142857142857144 0.05203045685279188
0 0.22142857142857142 0.2848984771573604 0.03571428571428571 0.05203045685279188
0 0.19357142857142856 0.33248730964467005 0.032857142857142856 0.048223350253807105
0 0.15107142857142858 0.3819796954314721 0.04357142857142857 0.07868020304568528
0 0.07 0.49619289340101524 0.05 0.07106598984771574
3 0.09035714285714286 0.39911167512690354 0.056428571428571425 0.04949238578680203
2 0.16464285714285715 0.28743654822335024 0.06642857142857143 0.10025380710659898
2 0.02 0.5647208121827412 0.03571428571428571 0.1218274111675127
2 0.8042857142857143 0.1199238578680203 0.055714285714285716 0.11548223350253807
2 0.4564285714285714 0.09263959390862944 0.08571428571428572 0.08121827411167512
2 0.485 0.06725888324873096 0.07571428571428572 0.08629441624365482
2 0.5846428571428571 0.07614213197969544 0.07214285714285715 0.08883248730964467
2 0.5535714285714286 0.0266497461928934 0.08428571428571428 0.04568527918781726
