0 0.5457142857142857 0.6571428571428571 0.15142857142857144 0.15619047619047619
0 0.3960714285714286 0.41095238095238096 0.13785714285714284 0.13238095238095238
0 0.8378571428571429 0.7066666666666667 0.1757142857142857 0.1580952380952381
1 0.7339285714285714 0.24904761904761905 0.11642857142857142 0.20285714285714285
2 0.046785714285714285 0.14952380952380953 0.09357142857142857 0.1295238095238095
0 0.04392857142857143 0.0680952380952381 0.08785714285714286 0.1
0 0.26571428571428574 0.047142857142857146 0.08428571428571428 0.09428571428571429
0 0.315 0.06666666666666667 0.09 0.1219047619047619
0 0.35964285714285715 0.11047619047619048 0.085 0.14095238095238094
3 0.9189285714285714 0.03333333333333333 0.06642857142857143 0.06666666666666667
0 0.05 0.6004761904761905 0.1 0.19333333333333333
