3 0.49642857142857144 0.9854060913705583 0.011428571428571429 0.024111675126903553
1 0.5214285714285715 0.9175126903553299 0.015714285714285715 0.07360406091370558
1 0.5239285714285714 0.817258883248731 0.016428571428571428 0.08121827411167512
1 0.5257142857142857 0.7170050761421319 0.014285714285714285 0.08121827411167512
0 0.5010714285714286 0.8521573604060914 0.015 0.07487309644670051
3 0.4785714285714286 0.8845177664974619 0.011428571428571429 0.05583756345177665
0 0.5060714285714286 0.6605329949238579 0.010714285714285714 0.046954314720812185
0 0.5260714285714285 0.6243654822335025 0.010714285714285714 0.048223350253807105
3 0.53 0.516497461928934 0.01 0.04568527918781726
3 0.4928571428571429 0.49619289340101524 0.01 0.048223350253807105
0 0.5096428571428572 0.5431472081218274 0.010714285714285714 0.04314720812182741
0 0.5328571428571428 0.35850253807106597 0.01 0.03934010152284264
2 0.48857142857142855 0.23794416243654823 0.012857142857142857 0.05710659898477157
2 0.49892857142857144 0.011421319796954314 0.010714285714285714 0.02284263959390863
0 0.8496428571428571 0.44352791878172587 0.012142857142857143 0.04187817258883249
0 0.8785714285714286 0.06535532994923858 0.01 0.02918781725888325
0 0.9132142857142858 0.12944162436548223 0.013571428571428571 0.027918781725888325
0 0.9 0.11928934010152284 0.011428571428571429 0.027918781725888325
