0 0.598 0.8763333333333333 0.161 0.24733333333333332
3 0.39675 0.48733333333333334 0.0855 0.11333333333333333
0 0.4775 0.43533333333333335 0.04 0.06133333333333333
3 0.12675 0.391 0.0825 0.022
0 0.2105 0.38766666666666666 0.037 0.019333333333333334
0 0.29525 0.27466666666666667 0.0185 0.024
0 0.269 0.261 0.019 0.016666666666666666
3 0.30825 0.227 0.0125 0.018
0 0.30125 0.234 0.0165 0.02
0 0.29175 0.24466666666666667 0.0175 0.016
3 0.27975 0.253 0.0205 0.020666666666666667
3 0.3255 0.253 0.016 0.012666666666666666
3 0.34175 0.243 0.0165 0.020666666666666667
3 0.32175 0.30566666666666664 0.0385 0.034
0 0.388 0.358 0.035 0.04666666666666667
0 0.46425 0.3616666666666667 0.0335 0.056666666666666664
0 0.42375 0.3416666666666667 0.0475 0.03266666666666666
3 0.438 0.30866666666666664 0.02 0.034666666666666665
3 0.689 0.35333333333333333 0.054 0.04933333333333333
3 0.7975 0.348 0.054 0.04533333333333334
3 0.7865 0.325 0.047 0.034
3 0.8115 0.33866666666666667 0.043 0.04533333333333334
3 0.81025 0.299 0.0455 0.034
3 0.7285 0.291 0.024 0.03266666666666666
1 0.6015 0.35333333333333333 0.06 0.042666666666666665
0 0.31425 0.224 0.0135 0.014666666666666666
0 0.32175 0.21833333333333332 0.0125 0.015333333333333332
0 0.3275 0.214 0.011 0.010666666666666666
3 0.337 0.20366666666666666 0.011 0.015333333333333332
