0 0.3992857142857143 0.8342857142857143 0.05285714285714286 0.13142857142857142
0 0.32357142857142857 0.84 0.05857142857142857 0.1180952380952381
0 0.4760714285714286 0.6733333333333333 0.039285714285714285 0.11047619047619048
0 0.8367857142857142 0.930952380952381 0.07785714285714286 0.1380952380952381
0 0.30178571428571427 0.47904761904761906 0.05928571428571429 0.02666666666666667
0 0.2810714285714286 0.5342857142857143 0.062142857142857146 0.04
0 0.5167857142857143 0.29095238095238096 0.013571428571428571 0.02
0 0.6035714285714285 0.2752380952380952 0.011428571428571429 0.015238095238095238
0 0.6289285714285714 0.27714285714285714 0.010714285714285714 0.015238095238095238
0 0.6021428571428571 0.24952380952380954 0.008571428571428572 0.015238095238095238
0 0.6078571428571429 0.21523809523809523 0.008571428571428572 0.011428571428571429
0 0.6110714285714286 0.23333333333333334 0.009285714285714286 0.011428571428571429
0 0.5810714285714286 0.20952380952380953 0.0064285714285714285 0.005714285714285714
0 0.5807142857142857 0.2019047619047619 0.007142857142857143 0.005714285714285714
0 0.475 0.17714285714285713 0.012857142857142857 0.009523809523809525
0 0.4785714285714286 0.18523809523809523 0.012857142857142857 0.008571428571428572
0 0.4667857142857143 0.2195238095238095 0.017857142857142856 0.008571428571428572
0 0.5517857142857143 0.1361904761904762 0.0064285714285714285 0.007619047619047619
0 0.5528571428571428 0.14666666666666667 0.005714285714285714 0.007619047619047619
0 0.5864285714285714 0.14095238095238094 0.005714285714285714 0.007619047619047619
0 0.5832142857142857 0.12523809523809523 0.0064285714285714285 0.006666666666666667
0 0.5871428571428572 0.12047619047619047 0.007142857142857143 0.004761904761904762
0 0.5903571428571428 0.12761904761904763 0.0064285714285714285 0.005714285714285714
0 0.5814285714285714 0.19523809523809524 0.007142857142857143 0.007619047619047619
0 0.5782142857142857 0.18666666666666668 0.0064285714285714285 0.005714285714285714
3 0.5289285714285714 0.31666666666666665 0.019285714285714285 0.04857142857142857
0 0.6842857142857143 0.18571428571428572 0.018571428571428572 0.007619047619047619
0 0.6682142857142858 0.18904761904761905 0.016428571428571428 0.008571428571428572
0 0.6653571428571429 0.18333333333333332 0.010714285714285714 0.006666666666666667
