0 0.1755 0.5956666666666667 0.198 0.18466666666666667
3 0.508 0.5783333333333334 0.193 0.14333333333333334
0 0.735 0.5866666666666667 0.22 0.144
3 0.758 0.30333333333333334 0.081 0.16666666666666666
0 0.86725 0.31533333333333335 0.1085 0.13733333333333334
0 0.946 0.5863333333333334 0.108 0.13266666666666665
3 0.658 0.2896666666666667 0.084 0.17533333333333334
0 0.551 0.302 0.08 0.14266666666666666
3 0.45575 0.305 0.0705 0.17
0 0.365 0.29533333333333334 0.086 0.13866666666666666
3 0.28775 0.276 0.0905 0.13866666666666666
1 0.782 0.09066666666666667 0.066 0.10266666666666667
3 0.70625 0.077 0.0545 0.114
