0 0.024642857142857143 0.043333333333333335 0.04928571428571429 0.08285714285714285
1 0.02 0.35095238095238096 0.04 0.11904761904761904
0 0.23857142857142857 0.023809523809523808 0.041428571428571426 0.047619047619047616
1 0.2710714285714286 0.08238095238095237 0.10928571428571429 0.16476190476190475
3 0.5639285714285714 0.10238095238095238 0.06357142857142857 0.08476190476190476
0 0.6364285714285715 0.03857142857142857 0.03428571428571429 0.07714285714285714
3 0.7164285714285714 0.03333333333333333 0.04285714285714286 0.06666666666666667
3 0.7985714285714286 0.029047619047619048 0.05 0.058095238095238096
0 0.8671428571428571 0.021904761904761906 0.08857142857142856 0.04380952380952381
0 0.6314285714285715 0.10380952380952381 0.04428571428571428 0.06666666666666667
0 0.7792857142857142 0.09285714285714286 0.05285714285714286 0.08857142857142856
3 0.7303571428571428 0.09047619047619047 0.056428571428571425 0.08761904761904762
0 0.8846428571428572 0.09380952380952381 0.065 0.07904761904761905
0 0.9385714285714286 0.08761904761904762 0.06571428571428571 0.09142857142857143
0 0.9703571428571428 0.23238095238095238 0.05928571428571429 0.07238095238095238
0 0.9621428571428572 0.3647619047619048 0.07571428571428572 0.08571428571428572
0 0.9135714285714286 0.2604761904761905 0.08428571428571428 0.10952380952380952
0 0.8971428571428571 0.38285714285714284 0.1 0.16
0 0.8167857142857143 0.38333333333333336 0.07785714285714286 0.1438095238095238
0 0.745 0.37523809523809526 0.07857142857142857 0.1295238095238095
3 0.6760714285714285 0.38047619047619047 0.07071428571428572 0.14761904761904762
0 0.7171428571428572 0.26095238095238094 0.05714285714285714 0.10666666666666667
3 0.8382142857142857 0.25523809523809526 0.075 0.09904761904761905
3 0.8732142857142857 0.9052380952380953 0.13071428571428573 0.1895238095238095
3 0.5721428571428572 0.8652380952380953 0.12714285714285714 0.26571428571428574
0 0.20642857142857143 0.49952380952380954 0.09285714285714286 0.15142857142857144
2 0.07642857142857143 0.5523809523809524 0.15285714285714286 0.4228571428571429
0 0.9714285714285714 0.9280952380952381 0.055714285714285716 0.14
