0 0.195 0.20857142857142857 0.008571428571428572 0.013333333333333334
0 0.19642857142857142 0.19904761904761906 0.008571428571428572 0.013333333333333334
0 0.19857142857142857 0.18619047619047618 0.01 0.014285714285714285
0 0.19857142857142857 0.11714285714285715 0.008571428571428572 0.011428571428571429
0 0.3057142857142857 0.14333333333333334 0.01 0.012380952380952381
0 0.32071428571428573 0.14333333333333334 0.008571428571428572 0.014285714285714285
0 0.3317857142857143 0.14285714285714285 0.007857142857142858 0.015238095238095238
0 0.27535714285714286 0.12285714285714286 0.007857142857142858 0.011428571428571429
0 0.28464285714285714 0.12285714285714286 0.007857142857142858 0.011428571428571429
3 0.3007142857142857 0.08 0.007142857142857143 0.011428571428571429
0 0.26 0.023333333333333334 0.005714285714285714 0.008571428571428572
1 0.1992857142857143 0.09047619047619047 0.01 0.01904761904761905
0 0.4089285714285714 0.1895238095238095 0.019285714285714285 0.013333333333333334
0 0.40785714285714286 0.18333333333333332 0.02 0.012380952380952381
0 0.3742857142857143 0.13523809523809524 0.017142857142857144 0.009523809523809525
0 0.3757142857142857 0.12904761904761905 0.014285714285714285 0.008571428571428572
3 0.6414285714285715 0.30523809523809525 0.022857142857142857 0.01619047619047619
0 0.6667857142857143 0.2966666666666667 0.02214285714285714 0.018095238095238095
