0 0.7821428571428571 0.19428571428571428 0.02142857142857143 0.015238095238095238
0 0.8742857142857143 0.07047619047619047 0.05857142857142857 0.022857142857142857
0 0.7046428571428571 0.8476190476190476 0.07785714285714286 0.09142857142857143
1 0.5814285714285714 0.6490476190476191 0.11 0.15333333333333332
1 0.5346428571428572 0.6676190476190477 0.12071428571428572 0.16
1 0.47928571428571426 0.7085714285714285 0.09 0.14095238095238094
1 0.4367857142857143 0.6009523809523809 0.06642857142857143 0.09523809523809523
2 0.4278571428571429 0.7266666666666667 0.10857142857142857 0.17904761904761904
0 0.35642857142857143 0.758095238095238 0.05857142857142857 0.0838095238095238
0 0.4610714285714286 0.4452380952380952 0.027857142857142858 0.035238095238095235
3 0.13964285714285715 0.49047619047619045 0.09071428571428572 0.06476190476190476
0 0.11357142857142857 0.45380952380952383 0.05857142857142857 0.025714285714285714
1 0.0425 0.5233333333333333 0.085 0.06571428571428571
3 0.025 0.49714285714285716 0.05 0.0419047619047619
1 0.03357142857142857 0.4742857142857143 0.06714285714285714 0.04380952380952381
1 0.041428571428571426 0.45714285714285713 0.08285714285714285 0.03428571428571429
