0 0.16714285714285715 0.3442857142857143 0.06142857142857143 0.1419047619047619
0 0.3539285714285714 0.23714285714285716 0.05071428571428571 0.12571428571428572
0 0.5746428571428571 0.8171428571428572 0.12357142857142857 0.0761904761904762
0 0.5717857142857142 0.47619047619047616 0.10928571428571429 0.06476190476190476
0 0.5721428571428572 0.4061904761904762 0.11428571428571428 0.06571428571428571
3 0.5703571428571429 0.32857142857142857 0.115 0.07428571428571429
3 0.5660714285714286 0.6338095238095238 0.10071428571428571 0.06571428571428571
0 0.5778571428571428 0.9771428571428571 0.12428571428571429 0.045714285714285714
0 0.5707142857142857 0.5528571428571428 0.10714285714285714 0.07333333333333333
0 0.4632142857142857 0.4714285714285714 0.05357142857142857 0.15428571428571428
0 0.48714285714285716 0.16857142857142857 0.04428571428571428 0.12761904761904763
0 0.20857142857142857 0.04047619047619048 0.05285714285714286 0.08095238095238096
0 0.8475 0.7657142857142857 0.12214285714285714 0.07238095238095238
0 0.8457142857142858 0.5133333333333333 0.12571428571428572 0.06666666666666667
0 0.8189285714285715 0.4328571428571429 0.11357142857142857 0.06571428571428571
0 0.8292857142857143 0.3595238095238095 0.10714285714285714 0.06571428571428571
0 0.8025 0.15 0.10357142857142858 0.06571428571428571
0 0.8228571428571428 0.21904761904761905 0.10571428571428572 0.06666666666666667
0 0.8267857142857142 0.2904761904761905 0.11928571428571429 0.0761904761904762
