0 0.0425 0.7049492385786802 0.03642857142857143 0.0799492385786802
0 0.17 0.7772842639593909 0.032857142857142856 0.07741116751269035
0 0.007857142857142858 0.5126903553299492 0.015714285714285715 0.07614213197969544
2 0.2664285714285714 0.7887055837563451 0.08571428571428572 0.24492385786802032
0 0.5917857142857142 0.05710659898477157 0.013571428571428571 0.03299492385786802
0 0.5342857142857143 0.21763959390862944 0.014285714285714285 0.04187817258883249
0 0.6096428571428572 0.19860406091370558 0.016428571428571428 0.04187817258883249
0 0.5310714285714285 0.3946700507614213 0.017857142857142856 0.06345177664974619
0 0.5332142857142858 0.4619289340101523 0.019285714285714285 0.05583756345177665
0 0.5728571428571428 0.42385786802030456 0.02 0.06852791878172589
0 0.5332142857142858 0.3362944162436548 0.017857142857142856 0.050761421319796954
0 0.6275 0.09454314720812183 0.025 0.02918781725888325
3 0.5907142857142857 0.1681472081218274 0.015714285714285715 0.046954314720812185
3 0.5321428571428571 0.28743654822335024 0.02 0.05456852791878172
3 0.5453571428571429 0.6072335025380711 0.02642857142857143 0.0850253807106599
