0 0.37917536534446766 0.9434137291280148 0.06419624217118998 0.0686456400742115
0 0.5540187891440501 0.7880333951762524 0.05897703549060543 0.05658627087198516
0 0.424321503131524 0.7397959183673469 0.059498956158663886 0.06215213358070501
0 0.43580375782881003 0.6846011131725418 0.05741127348643006 0.04823747680890538
0 0.4397181628392484 0.6224489795918368 0.05271398747390397 0.059369202226345084
0 0.5816805845511482 0.5422077922077922 0.044363256784968684 0.045454545454545456
0 0.5949895615866388 0.4327458256029685 0.04801670146137787 0.05102040816326531
0 0.6012526096033403 0.26484230055658625 0.04384133611691023 0.039888682745825604
0 0.47494780793319413 0.4452690166975881 0.05219206680584551 0.04452690166975881
0 0.45772442588726514 0.5301484230055659 0.05219206680584551 0.05658627087198516
1 0.4410229645093946 0.5723562152133581 0.06471816283924843 0.06679035250463822
1 0.4838204592901879 0.3784786641929499 0.06471816283924843 0.07050092764378478
0 0.5274008350730689 0.14981447124304267 0.03914405010438413 0.039888682745825604
0 0.6239561586638831 0.09044526901669758 0.038100208768267224 0.032467532467532464
3 0.627348643006263 0.06168831168831169 0.030271398747390398 0.03432282003710575
1 0.5454070981210856 0.0728200371057514 0.03966597077244259 0.06586270871985157
0 0.5474947807933194 0.04267161410018553 0.038622129436325675 0.029684601113172542
0 0.25495824634655534 0.6753246753246753 0.05897703549060543 0.04081632653061224
0 0.3061064718162839 0.48608534322820035 0.049582463465553235 0.04452690166975881
0 0.39326722338204595 0.2077922077922078 0.037056367432150315 0.04081632653061224
0 0.4044885177453027 0.15306122448979592 0.04279749478079332 0.03896103896103896
0 0.41153444676409184 0.12059369202226346 0.037056367432150315 0.03896103896103896
0 0.4318893528183716 0.05194805194805195 0.03496868475991649 0.03525046382189239
0 0.18867432150313151 0.9499072356215214 0.06732776617954071 0.059369202226345084
0 0.988517745302714 0.2824675324675325 0.021920668058455117 0.0287569573283859
