3 0.3872651356993737 0.852504638218924 0.0720250521920668 0.06307977736549165
3 0.39170146137787054 0.7922077922077922 0.05897703549060543 0.06307977736549165
0 0.43997912317327764 0.7128942486085343 0.06680584551148225 0.05658627087198516
3 0.4485908141962422 0.6623376623376623 0.049582463465553235 0.055658627087198514
0 0.44650313152400833 0.6210575139146568 0.055845511482254695 0.045454545454545456
0 0.4613778705636743 0.5774582560296846 0.05219206680584551 0.036178107606679034
0 0.5394050104384134 0.46985157699443414 0.02244258872651357 0.05658627087198516
0 0.49582463465553234 0.37987012987012986 0.0407098121085595 0.038033395176252316
3 0.5054801670146137 0.34786641929499074 0.03392484342379958 0.029684601113172542
3 0.5080897703549061 0.30565862708719854 0.03496868475991649 0.030612244897959183
3 0.5219206680584552 0.25510204081632654 0.024008350730688934 0.02411873840445269
0 0.5221816283924844 0.18877551020408162 0.012004175365344467 0.023191094619666047
3 0.5255741127348643 0.1461038961038961 0.020876826722338204 0.023191094619666047
0 0.607776617954071 0.07328385899814471 0.02244258872651357 0.016697588126159554
0 0.7019832985386222 0.075139146567718 0.019832985386221295 0.012987012987012988
0 0.7150313152400835 0.15769944341372913 0.012526096033402923 0.025974025974025976
0 0.7254697286012526 0.08534322820037106 0.018789144050104383 0.016697588126159554
0 0.8126304801670147 0.09415584415584416 0.020876826722338204 0.013914656771799629
0 0.8460334029227558 0.10667903525046382 0.026096033402922755 0.022263450834879406
0 0.6518789144050104 0.030148423005565864 0.006263048016701462 0.017625231910946195
0 0.642223382045929 0.019944341372912802 0.008872651356993737 0.015769944341372914
0 0.5315762004175365 0.23747680890538034 0.02661795407098121 0.027829313543599257
0 0.6187369519832986 0.06957328385899815 0.01722338204592902 0.016697588126159554
3 0.7575678496868476 0.07467532467532467 0.0255741127348643 0.017625231910946195
