0 0.10178571428571428 0.4993654822335025 0.03357142857142857 0.031725888324873094
1 0.33285714285714285 0.4676395939086294 0.08 0.07741116751269035
0 0.5714285714285714 0.5774111675126904 0.037142857142857144 0.04060913705583756
0 0.8710714285714286 0.7969543147208121 0.04357142857142857 0.04568527918781726
0 0.8339285714285715 0.5958121827411168 0.017857142857142856 0.046954314720812185
0 0.8110714285714286 0.3876903553299492 0.016428571428571428 0.04187817258883249
2 0.7921428571428571 0.6592639593908629 0.10285714285714286 0.09517766497461928
2 0.9078571428571428 0.9815989847715736 0.02 0.03426395939086294
0 0.7553571428571428 0.28109137055837563 0.015 0.03934010152284264
3 0.8185714285714286 0.09263959390862944 0.024285714285714285 0.06598984771573604
