0 0.3335714285714286 0.66 0.05 0.11238095238095239
0 0.48214285714285715 0.799047619047619 0.045714285714285714 0.14666666666666667
0 0.4282142857142857 0.8114285714285714 0.04214285714285714 0.14476190476190476
0 0.48428571428571426 0.6114285714285714 0.03428571428571429 0.10285714285714286
0 0.6678571428571428 0.8338095238095238 0.054285714285714284 0.1438095238095238
0 0.595 0.660952380952381 0.041428571428571426 0.10666666666666667
0 0.6514285714285715 0.6480952380952381 0.04285714285714286 0.10380952380952381
0 0.6039285714285715 0.8361904761904762 0.047857142857142855 0.13523809523809524
0 0.7542857142857143 0.47523809523809524 0.041428571428571426 0.0838095238095238
0 0.8867857142857143 0.7504761904761905 0.07785714285714286 0.12380952380952381
0 0.915 0.5085714285714286 0.054285714285714284 0.08761904761904762
0 0.6207142857142857 0.12 0.06 0.04380952380952381
0 0.5332142857142858 0.15428571428571428 0.060714285714285714 0.04
0 0.3782142857142857 0.1580952380952381 0.062142857142857146 0.04
0 0.5403571428571429 0.08428571428571428 0.055 0.035238095238095235
0 0.4328571428571429 0.04 0.06 0.03238095238095238
0 0.6317857142857143 0.05095238095238095 0.060714285714285714 0.035238095238095235
0 0.7110714285714286 0.15904761904761905 0.05928571428571429 0.03238095238095238
3 0.15642857142857142 0.11619047619047619 0.06142857142857143 0.0380952380952381
3 0.3725 0.10952380952380952 0.05785714285714286 0.0419047619047619
3 0.5367857142857143 0.6104761904761905 0.035 0.09523809523809523
0 0.42464285714285716 0.63 0.03642857142857143 0.11142857142857143
0 0.9442857142857143 0.6519047619047619 0.08571428571428572 0.12476190476190477
3 0.8692857142857143 0.08428571428571428 0.05714285714285714 0.04285714285714286
3 0.27714285714285714 0.02095238095238095 0.05857142857142857 0.0419047619047619
0 0.01607142857142857 0.1138095238095238 0.03214285714285714 0.03333333333333333
0 0.01107142857142857 0.19333333333333333 0.02214285714285714 0.03619047619047619
0 0.9825 0.5133333333333333 0.035 0.10285714285714286
0 0.19142857142857142 0.9719047619047619 0.041428571428571426 0.05047619047619047
2 0.4617857142857143 0.40190476190476193 0.20214285714285715 0.13142857142857142
