0 0.23512526096033404 0.0037105751391465678 0.01826722338204593 0.0074211502782931356
0 0.1649269311064718 0.011131725417439703 0.018789144050104383 0.014842300556586271
0 0.1931106471816284 0.02365491651205937 0.019832985386221295 0.015769944341372914
0 0.18684759916492694 0.04406307977736549 0.020876826722338204 0.015769944341372914
3 0.1649269311064718 0.05519480519480519 0.017745302713987474 0.017625231910946195
0 0.2586116910229645 0.02922077922077922 0.01826722338204593 0.015769944341372914
2 0.3162839248434238 0.008348794063079777 0.013569937369519834 0.016697588126159554
1 0.2985386221294363 0.031076066790352505 0.021920668058455117 0.032467532467532464
1 0.19859081419624217 0.10157699443413729 0.014091858037578288 0.030612244897959183
0 0.24556367432150314 0.10204081632653061 0.010960334029227558 0.02411873840445269
0 0.26278705636743216 0.09925788497217068 0.012004175365344467 0.02411873840445269
0 0.21894572025052192 0.14517625231910947 0.012004175365344467 0.023191094619666047
0 0.17640918580375783 0.17161410018552875 0.027139874739039668 0.025974025974025976
0 0.12447807933194155 0.22541743970315398 0.030793319415448852 0.025974025974025976
3 0.2690501043841336 0.19434137291280149 0.02244258872651357 0.02504638218923933
0 0.16414405010438413 0.18645640074211503 0.027661795407098122 0.022263450834879406
0 0.11116910229645094 0.23979591836734693 0.033402922755741124 0.02504638218923933
0 0.16805845511482254 0.3014842300556586 0.033402922755741124 0.029684601113172542
1 0.31419624217118997 0.25510204081632654 0.025052192066805846 0.08163265306122448
1 0.41075156576200417 0.24489795918367346 0.03653444676409186 0.04081632653061224
1 0.4196242171189979 0.3070500927643785 0.027139874739039668 0.061224489795918366
0 0.5099164926931107 0.288961038961039 0.031315240083507306 0.0287569573283859
0 0.4603340292275574 0.48283858998144713 0.04279749478079332 0.04359925788497217
0 0.5741127348643006 0.44063079777365494 0.037578288100208766 0.03339517625231911
0 0.5407098121085595 0.3817254174397032 0.033402922755741124 0.03432282003710575
0 0.4723382045929019 0.5570500927643784 0.04697286012526096 0.038033395176252316
0 0.5360125260960334 0.3645640074211503 0.03653444676409186 0.027829313543599257
0 0.45589770354906056 0.45222634508348797 0.03914405010438413 0.036178107606679034
0 0.6260438413361169 0.6001855287569573 0.048538622129436326 0.04823747680890538
0 0.6463987473903967 0.6307977736549165 0.050626304801670144 0.05009276437847866
0 0.6578810020876826 0.6665120593692022 0.054801670146137786 0.05658627087198516
0 0.21085594989561587 0.8766233766233766 0.05010438413361169 0.09090909090909091
0 0.24295407098121086 0.9039888682745826 0.054801670146137786 0.09925788497217068
0 0.7168580375782881 0.061224489795918366 0.0255741127348643 0.016697588126159554
0 0.7828810020876826 0.11317254174397032 0.010438413361169102 0.025974025974025976
0 0.7163361169102297 0.09740259740259741 0.008872651356993737 0.022263450834879406
3 0.7001565762004175 0.09090909090909091 0.007828810020876827 0.025974025974025976
0 0.6868475991649269 0.09276437847866419 0.011482254697286013 0.02040816326530612
0 0.6730167014613778 0.08858998144712431 0.009916492693110648 0.023191094619666047
0 0.659446764091858 0.08534322820037106 0.010960334029227558 0.025974025974025976
