0 0.7114285714285714 0.34714285714285714 0.08142857142857143 0.05047619047619047
0 0.8257142857142857 0.31333333333333335 0.05285714285714286 0.049523809523809526
0 0.8796428571428572 0.24904761904761905 0.030714285714285715 0.04476190476190476
0 0.8585714285714285 0.12523809523809523 0.03142857142857143 0.03333333333333333
0 0.7432142857142857 0.1680952380952381 0.029285714285714286 0.04285714285714286
0 0.7017857142857142 0.15428571428571428 0.025 0.04380952380952381
0 0.7335714285714285 0.12 0.025714285714285714 0.0380952380952381
0 0.5603571428571429 0.37523809523809526 0.085 0.049523809523809526
3 0.6717857142857143 0.8442857142857143 0.062142857142857146 0.19904761904761906
0 0.4710714285714286 0.8495238095238096 0.12785714285714286 0.10095238095238095
0 0.48428571428571426 0.6947619047619048 0.11857142857142858 0.07333333333333333
0 0.495 0.5923809523809523 0.10571428571428572 0.07238095238095238
0 0.23964285714285713 0.6933333333333334 0.09071428571428572 0.14285714285714285
0 0.16357142857142856 0.6742857142857143 0.09142857142857143 0.12571428571428572
0 0.052142857142857144 0.33095238095238094 0.07714285714285714 0.06
0 0.1175 0.2833333333333333 0.05785714285714286 0.04285714285714286
0 0.43857142857142856 0.21619047619047618 0.055714285714285716 0.03619047619047619
0 0.4446428571428571 0.15857142857142856 0.030714285714285715 0.04857142857142857
0 0.4064285714285714 0.15428571428571428 0.03428571428571429 0.05523809523809524
0 0.3757142857142857 0.15047619047619049 0.03571428571428571 0.045714285714285714
0 0.5660714285714286 0.1757142857142857 0.05071428571428571 0.03142857142857143
0 0.5682142857142857 0.13476190476190475 0.047857142857142855 0.03142857142857143
0 0.5775 0.11619047619047619 0.05071428571428571 0.030476190476190476
0 0.5721428571428572 0.10666666666666667 0.055714285714285716 0.030476190476190476
0 0.5725 0.0838095238095238 0.039285714285714285 0.03428571428571429
0 0.5803571428571429 0.02761904761904762 0.03785714285714286 0.02857142857142857
0 0.5828571428571429 0.04285714285714286 0.03571428571428571 0.024761904761904763
0 0.5835714285714285 0.05952380952380952 0.04428571428571428 0.023809523809523808
0 0.5814285714285714 0.07 0.04285714285714286 0.03142857142857143
0 0.64 0.032857142857142856 0.024285714285714285 0.029523809523809525
0 0.6867857142857143 0.11285714285714285 0.02642857142857143 0.040952380952380955
0 0.6821428571428572 0.08 0.024285714285714285 0.03238095238095238
0 0.6796428571428571 0.05714285714285714 0.025 0.03428571428571429
0 0.73 0.09714285714285714 0.017142857142857144 0.03428571428571429
0 0.7185714285714285 0.0719047619047619 0.017142857142857144 0.03142857142857143
0 0.7142857142857143 0.049523809523809526 0.017142857142857144 0.02857142857142857
0 0.7071428571428572 0.025714285714285714 0.017142857142857144 0.024761904761904763
0 0.5517857142857143 0.017619047619047618 0.012142857142857143 0.025714285714285714
