2 0.5261087267525035 0.7819656488549618 0.20815450643776823 0.4303435114503817
0 0.2607296137339056 0.6436068702290076 0.09513590844062947 0.10782442748091603
3 0.3798283261802575 0.5443702290076335 0.055793991416309016 0.0982824427480916
0 0.5661659513590844 0.31202290076335876 0.02503576537911302 0.03435114503816794
0 0.5278969957081545 0.36450381679389315 0.04005722460658083 0.05725190839694656
0 0.47567954220314734 0.36736641221374045 0.04148783977110158 0.05534351145038168
0 0.6913447782546495 0.4751908396946565 0.0407725321888412 0.06297709923664122
3 0.682761087267525 0.5701335877862596 0.05221745350500715 0.10209923664122138
0 0.695994277539342 0.4241412213740458 0.02575107296137339 0.039122137404580155
0 0.6988555078683834 0.32633587786259544 0.02575107296137339 0.06870229007633588
0 0.4592274678111588 0.30009541984732824 0.032904148783977114 0.039122137404580155
0 0.5432761087267525 0.258587786259542 0.02503576537911302 0.02862595419847328
0 0.5640200286123033 0.1808206106870229 0.012160228898426323 0.01812977099236641
0 0.48354792560801146 0.26908396946564883 0.02861230329041488 0.03435114503816794
0 0.5007153075822603 0.25286259541984735 0.027181688125894134 0.02862595419847328
0 0.5150214592274678 0.23234732824427481 0.022889842632331903 0.025763358778625955
0 0.5296852646638054 0.22280534351145037 0.019313304721030045 0.02385496183206107
0 0.5697424892703863 0.1717557251908397 0.009298998569384835 0.015267175572519083
0 0.5765379113018598 0.16603053435114504 0.012875536480686695 0.015267175572519083
0 0.5819027181688126 0.16125954198473283 0.012160228898426323 0.019083969465648856
0 0.5883404864091559 0.15219465648854963 0.01072961373390558 0.01812977099236641
0 0.5919170243204578 0.1450381679389313 0.01072961373390558 0.009541984732824428
0 0.597997138769671 0.13979007633587787 0.012875536480686695 0.012404580152671756
0 0.6044349070100143 0.13311068702290077 0.011444921316165951 0.020038167938931296
0 0.6097997138769671 0.125 0.01072961373390558 0.011450381679389313
0 0.579041487839771 0.26860687022900764 0.023605150214592276 0.029580152671755726
0 0.6047925608011445 0.22041984732824427 0.019313304721030045 0.022900763358778626
0 0.6180257510729614 0.19370229007633588 0.015736766809728183 0.02099236641221374
0 0.5579399141630901 0.18845419847328243 0.01859799713876967 0.020038167938931296
0 0.6312589413447782 0.16698473282442747 0.013590844062947067 0.02099236641221374
2 0.5851216022889842 0.1855916030534351 0.034334763948497854 0.05438931297709924
2 0.6816881258941345 0.13120229007633588 0.017167381974248927 0.029580152671755726
2 0.6065808297567954 0.16125954198473283 0.027181688125894134 0.04389312977099236
0 0.6294706723891274 0.10448473282442748 0.010014306151645207 0.01431297709923664
0 0.6162374821173104 0.10782442748091603 0.012160228898426323 0.011450381679389313
0 0.6874105865522174 0.08158396946564886 0.00715307582260372 0.008587786259541985
0 0.6956366237482118 0.08062977099236641 0.005007153075822604 0.008587786259541985
