0 0.49975 0.021666666666666667 0.0235 0.03933333333333333
0 0.54225 0.055 0.0275 0.051333333333333335
0 0.5805 0.30333333333333334 0.036 0.07866666666666666
0 0.65425 0.6916666666666667 0.0875 0.146
0 0.48575 0.733 0.0595 0.18866666666666668
0 0.489 0.92 0.058 0.16
0 0.69 0.9156666666666666 0.081 0.16866666666666666
3 0.468 0.52 0.041 0.10666666666666667
3 0.57325 0.219 0.0415 0.07933333333333334
3 0.45775 0.205 0.0375 0.06066666666666667
3 0.451 0.2946666666666667 0.043 0.09866666666666667
0 0.56275 0.16266666666666665 0.0375 0.06666666666666667
0 0.461 0.15233333333333332 0.034 0.06066666666666667
0 0.4545 0.09233333333333334 0.034 0.056666666666666664
0 0.4545 0.043333333333333335 0.031 0.058666666666666666
0 0.45775 0.01633333333333333 0.0285 0.03266666666666666
0 0.82925 0.010333333333333333 0.0375 0.020666666666666667
3 0.97975 0.192 0.0405 0.08533333333333333
0 0.9845 0.278 0.031 0.08533333333333333
3 0.3345 0.942 0.087 0.116
