0 0.34125 0.39966666666666667 0.0495 0.034
0 0.37175 0.37333333333333335 0.0455 0.034666666666666665
0 0.39725 0.38 0.0535 0.04133333333333333
0 0.5305 0.37866666666666665 0.038 0.037333333333333336
0 0.55775 0.35533333333333333 0.0335 0.03333333333333333
0 0.813 0.16433333333333333 0.011 0.01
0 0.828 0.189 0.014 0.014
0 0.83325 0.20366666666666666 0.0155 0.015333333333333332
0 0.83825 0.22133333333333333 0.0145 0.017333333333333333
0 0.83875 0.25566666666666665 0.0175 0.019333333333333334
0 0.8365 0.2693333333333333 0.019 0.024
0 0.7905 0.22066666666666668 0.015 0.016
0 0.786 0.228 0.013 0.013333333333333334
0 0.78425 0.244 0.0165 0.018666666666666668
0 0.77975 0.25633333333333336 0.0185 0.019333333333333334
0 0.73875 0.28 0.0395 0.02266666666666667
0 0.726 0.291 0.041 0.020666666666666667
0 0.72925 0.303 0.0405 0.024666666666666667
0 0.74675 0.3253333333333333 0.0245 0.029333333333333333
0 0.82925 0.3393333333333333 0.0235 0.02666666666666667
0 0.81625 0.38566666666666666 0.0305 0.03666666666666667
0 0.69825 0.41633333333333333 0.0135 0.018
0 0.45725 0.5573333333333333 0.0705 0.07466666666666667
0 0.344 0.6303333333333333 0.054 0.09933333333333333
0 0.38525 0.6496666666666666 0.0795 0.09266666666666666
0 0.236 0.735 0.104 0.11533333333333333
0 0.299 0.7583333333333333 0.097 0.12333333333333334
0 0.65775 0.335 0.0295 0.03
0 0.618 0.379 0.033 0.05266666666666667
