3 0.081 0.703 0.091 0.16066666666666668
0 0.9705 0.357 0.059 0.08066666666666666
0 0.02625 0.37666666666666665 0.0525 0.14133333333333334
3 0.11225 0.34 0.0645 0.10933333333333334
3 0.192 0.338 0.071 0.19066666666666668
0 0.28175 0.31733333333333336 0.0705 0.14266666666666666
3 0.3525 0.289 0.068 0.114
0 0.42475 0.2836666666666667 0.0685 0.13
3 0.4875 0.27066666666666667 0.062 0.13466666666666666
0 0.0395 0.21566666666666667 0.079 0.066
3 0.168 0.18366666666666667 0.118 0.08066666666666666
0 0.287 0.164 0.104 0.07466666666666667
0 0.373 0.035666666666666666 0.094 0.059333333333333335
0 0.44925 0.127 0.1005 0.08066666666666666
0 0.6125 0.155 0.077 0.09266666666666666
0 0.82725 0.07633333333333334 0.1025 0.06866666666666667
