3 0.4298016701461378 0.03153988868274583 0.027661795407098122 0.06307977736549165
3 0.4167536534446764 0.1062152133580705 0.027661795407098122 0.07328385899814471
3 0.41075156576200417 0.17857142857142858 0.027139874739039668 0.07142857142857142
3 0.532098121085595 0.07189239332096475 0.02348643006263048 0.08256029684601113
3 0.3901356993736952 0.3177179962894249 0.04123173277661795 0.10853432282003711
0 0.5133089770354906 0.2537105751391466 0.027661795407098122 0.09183673469387756
3 0.3742171189979123 0.43042671614100186 0.03549060542797495 0.10204081632653061
1 0.4856471816283925 0.8079777365491652 0.11430062630480167 0.15213358070500926
1 0.4204070981210856 0.9485157699443414 0.05688935281837161 0.09925788497217068
0 0.30323590814196244 0.9053803339517625 0.054279749478079335 0.1614100185528757
3 0.32828810020876825 0.7462894248608535 0.0407098121085595 0.11038961038961038
0 0.34916492693110646 0.608534322820037 0.04384133611691023 0.1261595547309833
