0 0.05928571428571429 0.41 0.054285714285714284 0.040952380952380955
0 0.11857142857142858 0.44285714285714284 0.05 0.045714285714285714
0 0.13178571428571428 0.6195238095238095 0.045 0.04476190476190476
1 0.5957142857142858 0.07047619047619047 0.02142857142857143 0.06285714285714286
1 0.6760714285714285 0.9809523809523809 0.03214285714285714 0.0380952380952381
0 0.23285714285714285 0.6666666666666666 0.05857142857142857 0.06285714285714286
0 0.25785714285714284 0.7547619047619047 0.05714285714285714 0.06761904761904762
0 0.31785714285714284 0.7690476190476191 0.05142857142857143 0.07333333333333333
0 0.36464285714285716 0.5628571428571428 0.045 0.07047619047619047
0 0.3625 0.6257142857142857 0.04928571428571429 0.06666666666666667
0 0.3921428571428571 0.6742857142857143 0.05285714285714286 0.06476190476190476
0 0.42714285714285716 0.6123809523809524 0.045714285714285714 0.07047619047619047
0 0.4525 0.6395238095238095 0.04928571428571429 0.07523809523809524
0 0.47535714285714287 0.7185714285714285 0.05357142857142857 0.06190476190476191
1 0.3871428571428571 0.7376190476190476 0.06714285714285714 0.06571428571428571
3 0.5035714285714286 0.8485714285714285 0.06142857142857143 0.08571428571428572
0 0.4735714285714286 0.9057142857142857 0.06 0.08761904761904762
0 0.4228571428571429 0.9395238095238095 0.055714285714285716 0.07904761904761905
