0 0.5046428571428572 0.22714285714285715 0.056428571428571425 0.054285714285714284
2 0.8632142857142857 0.3647619047619048 0.2735714285714286 0.14285714285714285
0 0.5035714285714286 0.31666666666666665 0.08714285714285715 0.06380952380952382
0 0.4228571428571429 0.3461904761904762 0.08428571428571428 0.05238095238095238
0 0.3392857142857143 0.26904761904761904 0.06428571428571428 0.05238095238095238
0 0.2710714285714286 0.3638095238095238 0.07071428571428572 0.05904761904761905
0 0.20964285714285713 0.5661904761904762 0.10785714285714286 0.13047619047619047
0 0.21214285714285713 0.21047619047619048 0.05857142857142857 0.0419047619047619
0 0.09642857142857143 0.15095238095238095 0.04857142857142857 0.035238095238095235
0 0.12214285714285714 0.17761904761904762 0.04857142857142857 0.039047619047619046
0 0.12714285714285714 0.2642857142857143 0.05857142857142857 0.05238095238095238
0 0.08107142857142857 0.30095238095238097 0.062142857142857146 0.049523809523809526
0 0.03535714285714286 0.3271428571428571 0.06928571428571428 0.05619047619047619
0 0.055357142857142855 0.22857142857142856 0.05785714285714286 0.049523809523809526
0 0.03428571428571429 0.26761904761904765 0.054285714285714284 0.047619047619047616
0 0.015 0.19952380952380952 0.02857142857142857 0.05238095238095238
2 0.02857142857142857 0.08952380952380952 0.05714285714285714 0.06857142857142857
0 0.12857142857142856 0.9242857142857143 0.19857142857142857 0.15142857142857144
